{
    "dataset": "blobs-P2-K2-N128-dt0.10-S0",
    "algorithm": "kmeans",
    "k": 10,
    "n": 128,
    "d": 2,
    "k_true": 2,
    "rand_score": 0.6302903543307087,
    "adjusted_rand_score": 0.2562040651658283,
    "accuracy": 0.34375,
    "f1_score": 0.10216450216450217,
    "precision": 0.2,
    "recall": 0.06875,
    "sigui": 0.14539806554567206,
    "sse": 12.307974428473981,
    "sc": 0.4781497778139031,
    "ch": 259.59374897370117,
    "db": 0.6084286681268737,
    "bic": -320.3744242403117,
    "xb": 28.24031388298687
}