{
    "dataset": "blobs-P5-K16-N64-dt0.80-S7",
    "algorithm": "kmeans",
    "k": 3,
    "n": 64,
    "d": 5,
    "k_true": 16,
    "rand_score": 0.6433531746031746,
    "adjusted_rand_score": 0.1315925691608673,
    "accuracy": 0.1875,
    "f1_score": 0.07369869869869869,
    "precision": 0.04969532279314888,
    "recall": 0.1875,
    "sigui": 0.4695157562571906,
    "sse": 183.2425640320957,
    "sc": 0.29176644316052547,
    "ch": 22.762734297313678,
    "db": 1.2119897105388802,
    "bic": -464.50198449317685,
    "xb": 27.321150928534674
}