{
    "dataset": "blobs-P10-K16-N64-dt0.90-S8",
    "algorithm": "kmeans",
    "k": 25,
    "n": 64,
    "d": 10,
    "k_true": 16,
    "rand_score": 0.9196428571428571,
    "adjusted_rand_score": 0.06794520547945206,
    "accuracy": 0.375,
    "f1_score": 0.267024531024531,
    "precision": 0.33980952380952373,
    "recall": 0.24,
    "sigui": 0.330537627143475,
    "sse": 173.46304042861416,
    "sc": 0.09218175253254418,
    "ch": 4.370513496305828,
    "db": 1.0553185821126814,
    "bic": -1289.3137716655756,
    "xb": 68.47137682561052
}