{
    "dataset": "blobs-P10-K4-N128-dt0.90-S8",
    "algorithm": "kmeans",
    "k": 2,
    "n": 128,
    "d": 10,
    "k_true": 4,
    "rand_score": 0.5281742125984252,
    "adjusted_rand_score": 0.05264990381492007,
    "accuracy": 0.359375,
    "f1_score": 0.23982637004883342,
    "precision": 0.17997557997557997,
    "recall": 0.359375,
    "sigui": 0.5618083371033936,
    "sse": 1134.2819279245687,
    "sc": 0.1012897040095952,
    "ch": 16.186872619137198,
    "db": 2.7287590458983586,
    "bic": -1881.0492318460495,
    "xb": 225.29800034605307
}