{
    "dataset": "blobs-P2-K2-N64-dt0.20-S1",
    "algorithm": "kmeans",
    "k": 32,
    "n": 64,
    "d": 2,
    "k_true": 2,
    "rand_score": 0.5362103174603174,
    "adjusted_rand_score": 0.05831854587309961,
    "accuracy": 0.15625,
    "f1_score": 0.016891891891891893,
    "precision": 0.0625,
    "recall": 0.009765625,
    "sigui": 0.05294441272951021,
    "sse": 0.9161256182628497,
    "sc": 0.3520235507155289,
    "ch": 143.19363151229385,
    "db": 0.38707435909148985,
    "bic": -288.4807131809325,
    "xb": 57.00866537029694
}