{
    "dataset": "blobs-P5-K8-N128-dt0.20-S1",
    "algorithm": "kmeans",
    "k": 32,
    "n": 128,
    "d": 5,
    "k_true": 8,
    "rand_score": 0.9115403543307087,
    "adjusted_rand_score": 0.37154242689112643,
    "accuracy": 0.3828125,
    "f1_score": 0.13796348578957274,
    "precision": 0.25,
    "recall": 0.095703125,
    "sigui": 0.13086875347458,
    "sse": 18.5047750082423,
    "sc": 0.20829108754223036,
    "ch": 104.00722912387562,
    "db": 1.0872440950003237,
    "bic": -682.5308073331714,
    "xb": 110.5704966109273
}