{
    "dataset": "blobs-P10-K8-N128-dt0.60-S5",
    "algorithm": "kmeans",
    "k": 32,
    "n": 128,
    "d": 10,
    "k_true": 8,
    "rand_score": 0.8644192913385826,
    "adjusted_rand_score": 0.08036324449350786,
    "accuracy": 0.2265625,
    "f1_score": 0.07821513178850135,
    "precision": 0.1370907738095238,
    "recall": 0.056640625,
    "sigui": 0.3672642995696482,
    "sse": 417.86909544148375,
    "sc": 0.09496824360213275,
    "ch": 6.389141398161155,
    "db": 1.1993356249564942,
    "bic": -2391.724841340276,
    "xb": 96.90641886498962
}