{
    "dataset": "blobs-P2-K8-N128-dt0.60-S5",
    "algorithm": "kmeans",
    "k": 10,
    "n": 128,
    "d": 2,
    "k_true": 8,
    "rand_score": 0.9501722440944882,
    "adjusted_rand_score": 0.7418297537005155,
    "accuracy": 0.796875,
    "f1_score": 0.6832222075292153,
    "precision": 0.7521848739495798,
    "recall": 0.6375,
    "sigui": 0.14801888966689397,
    "sse": 11.004965072938939,
    "sc": 0.48409648902138835,
    "ch": 291.882536955787,
    "db": 0.7155592376153174,
    "bic": -325.04603752348305,
    "xb": 45.517504051480216
}