{
    "dataset": "blobs-P10-K2-N1024-dt1.00-S9",
    "algorithm": "kmeans",
    "k": 8,
    "n": 1024,
    "d": 10,
    "k_true": 2,
    "rand_score": 0.5120528622922776,
    "adjusted_rand_score": 0.023392408592067062,
    "accuracy": 0.1962890625,
    "f1_score": 0.07576052819902729,
    "precision": 0.16683875122124522,
    "recall": 0.049072265625,
    "sigui": 0.5227727758541862,
    "sse": 7457.8184496280965,
    "sc": 0.06804123513209984,
    "ch": 54.146367605832395,
    "db": 2.2665174478243078,
    "bic": -15332.102945218452,
    "xb": 1429.1377931294082
}