{
    "dataset": "blobs-P10-K8-N128-dt0.40-S3",
    "algorithm": "kmeans",
    "k": 50,
    "n": 128,
    "d": 10,
    "k_true": 8,
    "rand_score": 0.891117125984252,
    "adjusted_rand_score": 0.18624519436138404,
    "accuracy": 0.296875,
    "f1_score": 0.06974487602405223,
    "precision": 0.13847619047619047,
    "recall": 0.0475,
    "sigui": 0.28267121315739885,
    "sse": 230.74717043217507,
    "sc": 0.10133659972685337,
    "ch": 7.238395144604822,
    "db": 1.0383670665864646,
    "bic": -2598.4362198067374,
    "xb": 71.81754183270283
}