{
    "dataset": "blobs-P5-K16-N64-dt0.70-S6",
    "algorithm": "kmeans",
    "k": 3,
    "n": 64,
    "d": 5,
    "k_true": 16,
    "rand_score": 0.6860119047619048,
    "adjusted_rand_score": 0.1111334002006018,
    "accuracy": 0.1875,
    "f1_score": 0.061129032258064514,
    "precision": 0.03678902116402116,
    "recall": 0.1875,
    "sigui": 0.4863046321386416,
    "sse": 203.33665197848293,
    "sc": 0.20667379890066737,
    "ch": 17.499216594914728,
    "db": 1.7458652926855533,
    "bic": -488.003003654894,
    "xb": 49.18852954133016
}