{
    "dataset": "blobs-P5-K4-N64-dt0.70-S6",
    "algorithm": "kmeans",
    "k": 8,
    "n": 64,
    "d": 5,
    "k_true": 4,
    "rand_score": 0.746031746031746,
    "adjusted_rand_score": 0.1843422849340009,
    "accuracy": 0.4375,
    "f1_score": 0.26416826309067687,
    "precision": 0.3392701048951049,
    "recall": 0.21875,
    "sigui": 0.38285133012384365,
    "sse": 134.41771118816263,
    "sc": 0.15630738656483079,
    "ch": 11.045109289328863,
    "db": 1.1510486833456812,
    "bic": -540.5729021351872,
    "xb": 52.341333098366235
}