{
    "dataset": "blobs-P5-K16-N1024-dt0.50-S4",
    "algorithm": "kmeans",
    "k": 25,
    "n": 1024,
    "d": 5,
    "k_true": 16,
    "rand_score": 0.9591542949657869,
    "adjusted_rand_score": 0.5932042817256268,
    "accuracy": 0.6552734375,
    "f1_score": 0.47114578051571016,
    "precision": 0.5523612192550957,
    "recall": 0.419375,
    "sigui": 0.2931810917529058,
    "sse": 835.2319641016458,
    "sc": 0.18620698906987293,
    "ch": 213.53764841375707,
    "db": 1.572572539864012,
    "bic": -6370.576752952485,
    "xb": 946.5405865588375
}