{
    "dataset": "blobs-P10-K8-N128-dt0.90-S8",
    "algorithm": "kmeans",
    "k": 32,
    "n": 128,
    "d": 10,
    "k_true": 8,
    "rand_score": 0.8649114173228346,
    "adjusted_rand_score": 0.06095704992659834,
    "accuracy": 0.2265625,
    "f1_score": 0.0836424614456651,
    "precision": 0.18235930735930736,
    "recall": 0.056640625,
    "sigui": 0.3874459493542388,
    "sse": 432.57499398687185,
    "sc": 0.08445201358222025,
    "ch": 6.066656478226031,
    "db": 1.3450831867845632,
    "bic": -2424.4532183708725,
    "xb": 93.90774566178754
}