{
    "dataset": "blobs-P2-K16-N64-dt0.10-S0",
    "algorithm": "kmeans",
    "k": 10,
    "n": 64,
    "d": 2,
    "k_true": 16,
    "rand_score": 0.9444444444444444,
    "adjusted_rand_score": 0.6058981233243967,
    "accuracy": 0.625,
    "f1_score": 0.5104166666666666,
    "precision": 0.4583333333333333,
    "recall": 0.625,
    "sigui": 0.09012997568611958,
    "sse": 2.12880821041476,
    "sc": 0.7380832769386286,
    "ch": 354.76523767745556,
    "db": 0.3622254622953146,
    "bic": -124.78858798615481,
    "xb": 27.44467378344227
}