{
    "dataset": "blobs-P5-K32-N1024-dt0.90-S8",
    "algorithm": "kmeans",
    "k": 16,
    "n": 1024,
    "d": 5,
    "k_true": 32,
    "rand_score": 0.9314668866080157,
    "adjusted_rand_score": 0.2560573365052968,
    "accuracy": 0.3603515625,
    "f1_score": 0.24651583655917025,
    "precision": 0.1928636862538998,
    "recall": 0.3603515625,
    "sigui": 0.38870407320111544,
    "sse": 1728.219436105387,
    "sc": 0.17431933109148798,
    "ch": 131.88582950285667,
    "db": 1.393463538761318,
    "bic": -7622.187397879949,
    "xb": 721.4246619601155
}