{
    "dataset": "blobs-P2-K16-N64-dt0.20-S1",
    "algorithm": "kmeans",
    "k": 3,
    "n": 64,
    "d": 2,
    "k_true": 16,
    "rand_score": 0.6904761904761905,
    "adjusted_rand_score": 0.1651376146788991,
    "accuracy": 0.1875,
    "f1_score": 0.06473214285714285,
    "precision": 0.040178571428571425,
    "recall": 0.1875,
    "sigui": 0.30677104909280944,
    "sse": 28.0831341591689,
    "sc": 0.5093213282394387,
    "ch": 108.5158227309318,
    "db": 0.9092372826754308,
    "bic": -170.107206636877,
    "xb": 11.617195218059338
}