{
    "dataset": "blobs-P5-K2-N128-dt0.40-S3",
    "algorithm": "kmeans",
    "k": 50,
    "n": 128,
    "d": 5,
    "k_true": 2,
    "rand_score": 0.51439468503937,
    "adjusted_rand_score": 0.02143106743426511,
    "accuracy": 0.09375,
    "f1_score": 0.006808853118712274,
    "precision": 0.037142857142857144,
    "recall": 0.00375,
    "sigui": 0.2028313896031166,
    "sse": 68.18115084976785,
    "sc": 0.15194246747895757,
    "ch": 13.35035032883748,
    "db": 0.7720397990246495,
    "bic": -1424.2299603920765,
    "xb": 85.33229822575805
}