{
    "dataset": "blobs-P5-K2-N64-dt0.20-S1",
    "algorithm": "kmeans",
    "k": 32,
    "n": 64,
    "d": 5,
    "k_true": 2,
    "rand_score": 0.5327380952380952,
    "adjusted_rand_score": 0.05116234451443737,
    "accuracy": 0.140625,
    "f1_score": 0.01539039039039039,
    "precision": 0.0625,
    "recall": 0.0087890625,
    "sigui": 0.15688461188362873,
    "sse": 21.996726153768304,
    "sc": 0.16933234188121266,
    "ch": 13.984639374495409,
    "db": 0.734239231644344,
    "bic": -669.0378351718992,
    "xb": 31.763150383634876
}