{
    "dataset": "blobs-P2-K16-N1024-dt0.50-S4",
    "algorithm": "kmeans",
    "k": 32,
    "n": 1024,
    "d": 2,
    "k_true": 16,
    "rand_score": 0.9586941746089932,
    "adjusted_rand_score": 0.5485076711716952,
    "accuracy": 0.53515625,
    "f1_score": 0.33196202618760007,
    "precision": 0.45479965921695276,
    "recall": 0.267578125,
    "sigui": 0.04934400657231004,
    "sse": 10.986987939400889,
    "sc": 0.3897608945954646,
    "ch": 5933.390051642776,
    "db": 0.9406661063407545,
    "bic": -1374.6349094340258,
    "xb": 270.00420955147433
}