{
    "dataset": "blobs-P2-K16-N64-dt1.00-S9",
    "algorithm": "kmeans",
    "k": 4,
    "n": 64,
    "d": 2,
    "k_true": 16,
    "rand_score": 0.7901785714285714,
    "adjusted_rand_score": 0.24483550114766642,
    "accuracy": 0.25,
    "f1_score": 0.10423913043478261,
    "precision": 0.06672932330827067,
    "recall": 0.25,
    "sigui": 0.27321618603681885,
    "sse": 23.49098975015415,
    "sc": 0.528578187978022,
    "ch": 88.97795398268397,
    "db": 0.6549112469576609,
    "bic": -184.85288885146747,
    "xb": 9.625689870370206
}