{
    "dataset": "blobs-P2-K16-N1024-dt1.00-S9",
    "algorithm": "kmeans",
    "k": 50,
    "n": 1024,
    "d": 2,
    "k_true": 16,
    "rand_score": 0.9404726447947214,
    "adjusted_rand_score": 0.25913199046156843,
    "accuracy": 0.310546875,
    "f1_score": 0.14227222488121113,
    "precision": 0.2587929708707138,
    "recall": 0.099375,
    "sigui": 0.08722412913149823,
    "sse": 28.333700091400697,
    "sc": 0.33387394791313874,
    "ch": 1416.90000921611,
    "db": 0.8541910449059459,
    "bic": -2986.4683012450164,
    "xb": 365.2674596915639
}