{
    "dataset": "blobs-P2-K32-N128-dt0.60-S5",
    "algorithm": "kmeans",
    "k": 32,
    "n": 128,
    "d": 2,
    "k_true": 32,
    "rand_score": 0.9913877952755905,
    "adjusted_rand_score": 0.8281461434370772,
    "accuracy": 0.8671875,
    "f1_score": 0.8496121933621934,
    "precision": 0.8553571428571428,
    "recall": 0.8671875,
    "sigui": 0.0462021055145248,
    "sse": 1.0641812739974326,
    "sc": 0.6341379031708638,
    "ch": 741.8648342460112,
    "db": 0.4298366751003329,
    "bic": -334.25052547747146,
    "xb": 91.1938424279542
}