{
    "dataset": "blobs-P2-K8-N1024-dt0.40-S3",
    "algorithm": "kmeans",
    "k": 25,
    "n": 1024,
    "d": 2,
    "k_true": 8,
    "rand_score": 0.8954934934017595,
    "adjusted_rand_score": 0.33038148745327783,
    "accuracy": 0.333984375,
    "f1_score": 0.15652216226815913,
    "precision": 0.29607391378531944,
    "recall": 0.106875,
    "sigui": 0.10941410822064158,
    "sse": 41.831669296759664,
    "sc": 0.32721204669284853,
    "ch": 1996.2568592019074,
    "db": 0.9278319626861672,
    "bic": -2434.5181659342934,
    "xb": 317.79863725027036
}