{
    "dataset": "blobs-P10-K8-N64-dt0.70-S6",
    "algorithm": "kmeans",
    "k": 32,
    "n": 64,
    "d": 10,
    "k_true": 8,
    "rand_score": 0.8740079365079365,
    "adjusted_rand_score": 0.07224025974025974,
    "accuracy": 0.28125,
    "f1_score": 0.09396367521367521,
    "precision": 0.165625,
    "recall": 0.0703125,
    "sigui": 0.25960303313241967,
    "sse": 144.40855486071658,
    "sc": 0.03185738578193625,
    "ch": 3.542575898246817,
    "db": 0.943108741365813,
    "bic": -1433.1776230077135,
    "xb": 40.160685606307055
}