{
    "dataset": "blobs-P5-K2-N64-dt0.90-S8",
    "algorithm": "kmeans",
    "k": 50,
    "n": 64,
    "d": 5,
    "k_true": 2,
    "rand_score": 0.5079365079365079,
    "adjusted_rand_score": 0.0002559508574353724,
    "accuracy": 0.078125,
    "f1_score": 0.005714285714285714,
    "precision": 0.03333333333333333,
    "recall": 0.003125,
    "sigui": 0.06555243714656098,
    "sse": 5.756693266974973,
    "sc": 0.12748308846465767,
    "ch": 15.596419291400085,
    "db": 0.3655950156406467,
    "bic": -798.9055702754315,
    "xb": 30.210683807247726
}