{
    "dataset": "blobs-P2-K8-N64-dt0.40-S3",
    "algorithm": "kmeans",
    "k": 25,
    "n": 64,
    "d": 2,
    "k_true": 8,
    "rand_score": 0.9136904761904762,
    "adjusted_rand_score": 0.37158908507223115,
    "accuracy": 0.453125,
    "f1_score": 0.1939393939393939,
    "precision": 0.304,
    "recall": 0.145,
    "sigui": 0.05050392729617166,
    "sse": 0.6913180482764716,
    "sc": 0.3794732687222035,
    "ch": 299.2495403343161,
    "db": 0.5337922865490747,
    "bic": -209.15166588226816,
    "xb": 61.94383332387609
}