{
    "dataset": "blobs-P10-K2-N1024-dt0.80-S7",
    "algorithm": "kmeans",
    "k": 3,
    "n": 1024,
    "d": 10,
    "k_true": 2,
    "rand_score": 0.5587598515395894,
    "adjusted_rand_score": 0.11723128165589977,
    "accuracy": 0.4912109375,
    "f1_score": 0.3956288443920953,
    "precision": 0.49961501329684843,
    "recall": 0.3274739583333333,
    "sigui": 0.5590062504483442,
    "sse": 8873.405883983807,
    "sc": 0.07119480638391221,
    "ch": 78.62215538742504,
    "db": 2.984832611654228,
    "bic": -15035.593000390538,
    "xb": 2253.5307528408466
}