{
    "dataset": "blobs-P2-K16-N64-dt0.90-S8",
    "algorithm": "kmeans",
    "k": 10,
    "n": 64,
    "d": 2,
    "k_true": 16,
    "rand_score": 0.9280753968253969,
    "adjusted_rand_score": 0.4781491002570694,
    "accuracy": 0.609375,
    "f1_score": 0.49014700577200576,
    "precision": 0.4325892857142857,
    "recall": 0.609375,
    "sigui": 0.1786531288272437,
    "sse": 10.529595736845941,
    "sc": 0.39610545736331865,
    "ch": 66.9372731103586,
    "db": 0.6877517332952265,
    "bic": -228.01561615559237,
    "xb": 36.00195122436069
}