{
    "dataset": "blobs-P5-K32-N64-dt0.20-S1",
    "algorithm": "kmeans",
    "k": 10,
    "n": 64,
    "d": 5,
    "k_true": 32,
    "rand_score": 0.9181547619047619,
    "adjusted_rand_score": 0.2527496226008195,
    "accuracy": 0.3125,
    "f1_score": 0.1597222222222222,
    "precision": 0.11153273809523809,
    "recall": 0.3125,
    "sigui": 0.3436242175653797,
    "sse": 81.08831177385406,
    "sc": 0.3000424097004763,
    "ch": 17.67788844037916,
    "db": 1.0657269335828412,
    "bic": -505.09291539406894,
    "xb": 27.563273157305613
}