{
    "dataset": "blobs-P5-K32-N64-dt0.70-S6",
    "algorithm": "kmeans",
    "k": 32,
    "n": 64,
    "d": 5,
    "k_true": 32,
    "rand_score": 0.9811507936507936,
    "adjusted_rand_score": 0.47706422018348627,
    "accuracy": 0.765625,
    "f1_score": 0.75625,
    "precision": 0.8072916666666666,
    "recall": 0.765625,
    "sigui": 0.1792947107484841,
    "sse": 21.760744386897123,
    "sc": 0.2314680158445387,
    "ch": 14.147488306846963,
    "db": 0.6654339949343928,
    "bic": -670.8605834598098,
    "xb": 32.938721582966444
}