{
    "dataset": "blobs-P2-K4-N128-dt0.90-S8",
    "algorithm": "kmeans",
    "k": 2,
    "n": 128,
    "d": 2,
    "k_true": 4,
    "rand_score": 0.6476377952755905,
    "adjusted_rand_score": 0.2924240537848606,
    "accuracy": 0.484375,
    "f1_score": 0.32291666666666663,
    "precision": 0.2421875,
    "recall": 0.484375,
    "sigui": 0.39164621463679317,
    "sse": 122.19028591325223,
    "sc": 0.4431346452700081,
    "ch": 137.9817049196515,
    "db": 0.8408754632862826,
    "bic": -371.8744536321673,
    "xb": 26.99356906167773
}