{
    "dataset": "blobs-P2-K32-N1024-dt0.30-S2",
    "algorithm": "kmeans",
    "k": 50,
    "n": 1024,
    "d": 2,
    "k_true": 32,
    "rand_score": 0.9912309842375366,
    "adjusted_rand_score": 0.8293013098961296,
    "accuracy": 0.7802734375,
    "f1_score": 0.5484606787425076,
    "precision": 0.6308495034377387,
    "recall": 0.499375,
    "sigui": 0.030483421991305656,
    "sse": 3.1054675402694776,
    "sc": 0.5353019533894315,
    "ch": 13098.902710303524,
    "db": 0.8209130172933942,
    "bic": -695.1474701753637,
    "xb": 286.37656631516006
}