{
    "dataset": "blobs-P10-K16-N1024-dt0.50-S4",
    "algorithm": "kmeans",
    "k": 3,
    "n": 1024,
    "d": 10,
    "k_true": 16,
    "rand_score": 0.6808960318914956,
    "adjusted_rand_score": 0.1018894934712059,
    "accuracy": 0.173828125,
    "f1_score": 0.05539905634237892,
    "precision": 0.03298434625499533,
    "recall": 0.173828125,
    "sigui": 0.5485924962450073,
    "sse": 8509.147672652642,
    "sc": 0.09321754365001925,
    "ch": 103.84120091729169,
    "db": 2.5536467808532297,
    "bic": -14817.77023072661,
    "xb": 1679.2469267660015
}