{
    "dataset": "blobs-P5-K4-N128-dt0.60-S5",
    "algorithm": "kmeans",
    "k": 4,
    "n": 128,
    "d": 5,
    "k_true": 4,
    "rand_score": 0.8810285433070866,
    "adjusted_rand_score": 0.6777706934506708,
    "accuracy": 0.8515625,
    "f1_score": 0.852340367965368,
    "precision": 0.8536824003795067,
    "recall": 0.8515625,
    "sigui": 0.4165456603558926,
    "sse": 261.6535648067044,
    "sc": 0.2786354695137958,
    "ch": 59.767270256285755,
    "db": 1.285231857684551,
    "bic": -857.6344860812527,
    "xb": 91.4852568121813
}