{
    "dataset": "blobs-P2-K16-N1024-dt0.20-S1",
    "algorithm": "kmeans",
    "k": 16,
    "n": 1024,
    "d": 2,
    "k_true": 16,
    "rand_score": 0.9988086510263929,
    "adjusted_rand_score": 0.9896935109863906,
    "accuracy": 0.9951171875,
    "f1_score": 0.9951238204003126,
    "precision": 0.9952173655531864,
    "recall": 0.9951171875,
    "sigui": 0.04854391736649235,
    "sse": 9.849101403817587,
    "sc": 0.7444357081166881,
    "ch": 13906.21689939909,
    "db": 0.36304395979438137,
    "bic": -446.17331550737566,
    "xb": 132.87993514037717
}