{
    "dataset": "blobs-P10-K8-N1024-dt0.70-S6",
    "algorithm": "kmeans",
    "k": 8,
    "n": 1024,
    "d": 10,
    "k_true": 8,
    "rand_score": 0.8169026454056696,
    "adjusted_rand_score": 0.16598764208586803,
    "accuracy": 0.3974609375,
    "f1_score": 0.39222141701617186,
    "precision": 0.3912955743525346,
    "recall": 0.3974609375,
    "sigui": 0.5216108124630491,
    "sse": 7236.576318909587,
    "sc": 0.07466322056547021,
    "ch": 60.23918978714867,
    "db": 2.3475842018750543,
    "bic": -15175.248708284993,
    "xb": 1575.2673897712825
}