{
    "dataset": "blobs-P10-K8-N64-dt0.80-S7",
    "algorithm": "kmeans",
    "k": 10,
    "n": 64,
    "d": 10,
    "k_true": 8,
    "rand_score": 0.8278769841269841,
    "adjusted_rand_score": 0.12003381234150465,
    "accuracy": 0.40625,
    "f1_score": 0.34173400129282483,
    "precision": 0.39326923076923076,
    "recall": 0.325,
    "sigui": 0.4505062857575359,
    "sse": 329.6272361742104,
    "sc": 0.10248235250787899,
    "ch": 5.6495227899509235,
    "db": 1.6083627073620452,
    "bic": -1069.5179359822578,
    "xb": 57.15483080691128
}