{
    "dataset": "blobs-P2-K16-N128-dt0.30-S2",
    "algorithm": "kmeans",
    "k": 32,
    "n": 128,
    "d": 2,
    "k_true": 16,
    "rand_score": 0.9746555118110236,
    "adjusted_rand_score": 0.695967460778617,
    "accuracy": 0.703125,
    "f1_score": 0.4054086844528021,
    "precision": 0.4965277777777778,
    "recall": 0.3515625,
    "sigui": 0.03135556956575751,
    "sse": 0.5034677260568798,
    "sc": 0.4989093297974163,
    "ch": 1571.5308583606436,
    "db": 0.6144032752834908,
    "bic": -230.70633382934784,
    "xb": 114.45992086977137
}