{
    "dataset": "blobs-P5-K2-N1024-dt0.70-S6",
    "algorithm": "kmeans",
    "k": 2,
    "n": 1024,
    "d": 5,
    "k_true": 2,
    "rand_score": 0.6397257606304986,
    "adjusted_rand_score": 0.2794511581779594,
    "accuracy": 0.7646484375,
    "f1_score": 0.7646212760681192,
    "precision": 0.7647706499047794,
    "recall": 0.7646484375,
    "sigui": 0.5359496343843422,
    "sse": 4291.193534886932,
    "sc": 0.1531703338383783,
    "ch": 197.3903531638025,
    "db": 2.1616246113004043,
    "bic": -7564.036175849665,
    "xb": 1148.5448572595028
}