{
    "dataset": "blobs-P10-K2-N64-dt0.60-S5",
    "algorithm": "kmeans",
    "k": 50,
    "n": 64,
    "d": 10,
    "k_true": 2,
    "rand_score": 0.5119047619047619,
    "adjusted_rand_score": 0.008350129570976101,
    "accuracy": 0.078125,
    "f1_score": 0.005781512605042016,
    "precision": 0.04,
    "recall": 0.003125,
    "sigui": 0.11141945146102006,
    "sse": 40.12696214819226,
    "sc": 0.05368596912489411,
    "ch": 4.271250235592759,
    "db": 0.5535858591833936,
    "bic": -1646.6108516103163,
    "xb": 11.475643261733776
}