{
    "dataset": "blobs-P5-K4-N1024-dt0.10-S0",
    "algorithm": "kmeans",
    "k": 2,
    "n": 1024,
    "d": 5,
    "k_true": 4,
    "rand_score": 0.7497556207233627,
    "adjusted_rand_score": 0.49926578560939794,
    "accuracy": 0.5,
    "f1_score": 0.3333333333333333,
    "precision": 0.25,
    "recall": 0.5,
    "sigui": 0.43001539541982015,
    "sse": 2079.460092885239,
    "sc": 0.5413716983188259,
    "ch": 1494.3454773203855,
    "db": 0.8061605774125196,
    "bic": -5709.663579527035,
    "xb": 168.96814917292596
}