{
    "dataset": "blobs-P10-K8-N1024-dt0.10-S0",
    "algorithm": "kmeans",
    "k": 2,
    "n": 1024,
    "d": 10,
    "k_true": 8,
    "rand_score": 0.5933528836754643,
    "adjusted_rand_score": 0.2226898123794494,
    "accuracy": 0.25,
    "f1_score": 0.10416666666666666,
    "precision": 0.06666666666666667,
    "recall": 0.25,
    "sigui": 0.5363530069149645,
    "sse": 7549.408694183585,
    "sc": 0.2803545480753411,
    "ch": 364.23836964382883,
    "db": 1.5781118147742759,
    "bic": -13722.885528398914,
    "xb": 645.6110051129583
}