{
    "dataset": "blobs-P10-K2-N64-dt0.20-S1",
    "algorithm": "kmeans",
    "k": 10,
    "n": 64,
    "d": 10,
    "k_true": 2,
    "rand_score": 0.6254960317460317,
    "adjusted_rand_score": 0.24193162801816878,
    "accuracy": 0.375,
    "f1_score": 0.10773222625843279,
    "precision": 0.2,
    "recall": 0.075,
    "sigui": 0.42193246579494376,
    "sse": 268.6877591854891,
    "sc": 0.0958247697233639,
    "ch": 8.291681956932951,
    "db": 1.6712793347418953,
    "bic": -999.1238820021636,
    "xb": 84.63027922529905
}