{
    "dataset": "blobs-P5-K4-N1024-dt0.70-S6",
    "algorithm": "kmeans",
    "k": 8,
    "n": 1024,
    "d": 5,
    "k_true": 4,
    "rand_score": 0.7309880559628543,
    "adjusted_rand_score": 0.1411921796188017,
    "accuracy": 0.337890625,
    "f1_score": 0.21771684715371026,
    "precision": 0.3146868892611926,
    "recall": 0.1689453125,
    "sigui": 0.4430318815471339,
    "sse": 2628.5387564377306,
    "sc": 0.13948126059856336,
    "ch": 137.57370039367376,
    "db": 1.573104739989408,
    "bic": -7841.240038539432,
    "xb": 727.63875674621
}