{
    "dataset": "blobs-P5-K2-N64-dt0.50-S4",
    "algorithm": "kmeans",
    "k": 50,
    "n": 64,
    "d": 5,
    "k_true": 2,
    "rand_score": 0.5089285714285714,
    "adjusted_rand_score": 0.0023354021370529145,
    "accuracy": 0.078125,
    "f1_score": 0.005781512605042016,
    "precision": 0.04,
    "recall": 0.003125,
    "sigui": 0.06375523857687598,
    "sse": 6.59082946664644,
    "sc": 0.07763931747495753,
    "ch": 13.58637448418258,
    "db": 0.38563274599201086,
    "bic": -818.6465851791434,
    "xb": 23.595911429369107
}