{
    "dataset": "blobs-P10-K4-N1024-dt0.50-S4",
    "algorithm": "kmeans",
    "k": 32,
    "n": 1024,
    "d": 10,
    "k_true": 4,
    "rand_score": 0.7525392534213099,
    "adjusted_rand_score": 0.06660034639270844,
    "accuracy": 0.1484375,
    "f1_score": 0.031957430357214225,
    "precision": 0.11530760905760906,
    "recall": 0.0185546875,
    "sigui": 0.4612586349247874,
    "sse": 5204.250971006014,
    "sc": 0.07475068595298061,
    "ch": 30.963911968422526,
    "db": 1.9884712367818094,
    "bic": -15813.889375481995,
    "xb": 1299.655410293635
}