{
    "dataset": "blobs-P10-K2-N128-dt0.70-S6",
    "algorithm": "kmeans",
    "k": 25,
    "n": 128,
    "d": 10,
    "k_true": 2,
    "rand_score": 0.514763779527559,
    "adjusted_rand_score": 0.02264230466036543,
    "accuracy": 0.15625,
    "f1_score": 0.02061292471685543,
    "precision": 0.059333333333333335,
    "recall": 0.0125,
    "sigui": 0.41084744066246687,
    "sse": 527.4000865354268,
    "sc": 0.0765434594258684,
    "ch": 6.124208251784513,
    "db": 1.3972228856461257,
    "bic": -2310.9011908178086,
    "xb": 140.09811571697264
}