{
    "dataset": "blobs-P5-K8-N1024-dt0.90-S8",
    "algorithm": "kmeans",
    "k": 8,
    "n": 1024,
    "d": 5,
    "k_true": 8,
    "rand_score": 0.8192967986314761,
    "adjusted_rand_score": 0.17372775068288598,
    "accuracy": 0.42578125,
    "f1_score": 0.4244620974460397,
    "precision": 0.4262141180080457,
    "recall": 0.42578125,
    "sigui": 0.4405928406352919,
    "sse": 2594.7645377173985,
    "sc": 0.1451861343277323,
    "ch": 141.25362229460188,
    "db": 1.547388551126653,
    "bic": -7814.011757278184,
    "xb": 823.4502863671245
}