{
    "dataset": "blobs-P2-K2-N1024-dt0.60-S5",
    "algorithm": "kmeans",
    "k": 8,
    "n": 1024,
    "d": 2,
    "k_true": 2,
    "rand_score": 0.5432341306207233,
    "adjusted_rand_score": 0.08580808176133037,
    "accuracy": 0.2314453125,
    "f1_score": 0.0889103982300885,
    "precision": 0.19261420682730923,
    "recall": 0.057861328125,
    "sigui": 0.27316069006549437,
    "sse": 384.9482637445725,
    "sc": 0.31375883328836296,
    "ch": 627.0455105537679,
    "db": 0.8982454233000668,
    "bic": -3380.83660913132,
    "xb": 304.1222042871916
}