{
    "dataset": "blobs-P2-K2-N64-dt0.30-S2",
    "algorithm": "kmeans",
    "k": 2,
    "n": 64,
    "d": 2,
    "k_true": 2,
    "rand_score": 0.7777777777777778,
    "adjusted_rand_score": 0.555695485170959,
    "accuracy": 0.875,
    "f1_score": 0.8738916256157635,
    "precision": 0.888663967611336,
    "recall": 0.875,
    "sigui": 0.36770218481694295,
    "sse": 50.83005694186042,
    "sc": 0.5066484278267159,
    "ch": 94.12809580514978,
    "db": 0.706803625721277,
    "bic": -178.2557170871734,
    "xb": 10.152812065416406
}