{
    "dataset": "blobs-P5-K2-N64-dt0.70-S6",
    "algorithm": "kmeans",
    "k": 32,
    "n": 64,
    "d": 5,
    "k_true": 2,
    "rand_score": 0.5228174603174603,
    "adjusted_rand_score": 0.03107913669064748,
    "accuracy": 0.125,
    "f1_score": 0.013888888888888888,
    "precision": 0.0625,
    "recall": 0.0078125,
    "sigui": 0.19281042085400965,
    "sse": 32.926759382970175,
    "sc": 0.14974712810107882,
    "ch": 8.999782343809176,
    "db": 0.712490291213359,
    "bic": -731.7673443932622,
    "xb": 39.20228544810801
}