{
    "dataset": "blobs-P10-K16-N1024-dt0.20-S1",
    "algorithm": "kmeans",
    "k": 8,
    "n": 1024,
    "d": 10,
    "k_true": 16,
    "rand_score": 0.9217986314760508,
    "adjusted_rand_score": 0.5753424657534246,
    "accuracy": 0.5,
    "f1_score": 0.35416666666666663,
    "precision": 0.29166666666666663,
    "recall": 0.5,
    "sigui": 0.4164524653360136,
    "sse": 4013.991112984532,
    "sc": 0.3270719244754584,
    "ch": 225.12773272842256,
    "db": 1.2628552318275013,
    "bic": -12102.484998129043,
    "xb": 541.826746641912
}