{
    "dataset": "blobs-P5-K2-N64-dt0.30-S2",
    "algorithm": "kmeans",
    "k": 4,
    "n": 64,
    "d": 5,
    "k_true": 2,
    "rand_score": 0.6820436507936508,
    "adjusted_rand_score": 0.35890841548792685,
    "accuracy": 0.5625,
    "f1_score": 0.3562745098039216,
    "precision": 0.4861111111111111,
    "recall": 0.28125,
    "sigui": 0.4472325751161336,
    "sse": 162.7792992148925,
    "sc": 0.20281517110459893,
    "ch": 19.317038658282122,
    "db": 1.5073265140304237,
    "bic": -483.90283048098263,
    "xb": 46.65393225878549
}