{
    "dataset": "blobs-P5-K4-N1024-dt1.00-S9",
    "algorithm": "kmeans",
    "k": 25,
    "n": 1024,
    "d": 5,
    "k_true": 4,
    "rand_score": 0.7380922379032258,
    "adjusted_rand_score": 0.02909494708557695,
    "accuracy": 0.107421875,
    "f1_score": 0.0288281008387323,
    "precision": 0.09112903225806451,
    "recall": 0.0171875,
    "sigui": 0.3700909342523887,
    "sse": 1660.5143059189706,
    "sc": 0.14472942133436145,
    "ch": 86.72077771496771,
    "db": 1.4330372031711394,
    "bic": -8175.611628959944,
    "xb": 794.8193225411809
}