{
    "dataset": "blobs-P5-K16-N64-dt0.50-S4",
    "algorithm": "kmeans",
    "k": 10,
    "n": 64,
    "d": 5,
    "k_true": 16,
    "rand_score": 0.9285714285714286,
    "adjusted_rand_score": 0.5401459854014599,
    "accuracy": 0.625,
    "f1_score": 0.5249999999999999,
    "precision": 0.484375,
    "recall": 0.625,
    "sigui": 0.23495670843397082,
    "sse": 41.863347232855595,
    "sc": 0.525065533052209,
    "ch": 39.86350893827065,
    "db": 0.7173297014677671,
    "bic": -394.2144540198567,
    "xb": 15.133981270148041
}