{
    "dataset": "blobs-P2-K16-N1024-dt0.20-S1",
    "algorithm": "kmeans",
    "k": 25,
    "n": 1024,
    "d": 2,
    "k_true": 16,
    "rand_score": 0.9807341306207233,
    "adjusted_rand_score": 0.8073056754603216,
    "accuracy": 0.7451171875,
    "f1_score": 0.5349480254729556,
    "precision": 0.6350900900900901,
    "recall": 0.476875,
    "sigui": 0.03757567942675886,
    "sse": 6.9533671745558925,
    "sc": 0.5530320141602741,
    "ch": 12221.25399767745,
    "db": 0.7079515212128616,
    "bic": -582.9838344838804,
    "xb": 208.23877308923295
}