{
    "dataset": "blobs-P2-K8-N64-dt0.80-S7",
    "algorithm": "kmeans",
    "k": 50,
    "n": 64,
    "d": 2,
    "k_true": 8,
    "rand_score": 0.8923611111111112,
    "adjusted_rand_score": 0.08524590163934426,
    "accuracy": 0.234375,
    "f1_score": 0.05907070707070707,
    "precision": 0.15333333333333332,
    "recall": 0.0375,
    "sigui": 0.012359058654593047,
    "sse": 0.08018252838739331,
    "sc": 0.2273314647524347,
    "ch": 455.8164978413171,
    "db": 0.1563145016521823,
    "bic": -313.96914984308427,
    "xb": 124.05620495466827
}