{
    "dataset": "blobs-P2-K8-N128-dt0.60-S5",
    "algorithm": "kmeans",
    "k": 25,
    "n": 128,
    "d": 2,
    "k_true": 8,
    "rand_score": 0.9138779527559056,
    "adjusted_rand_score": 0.4202728434671466,
    "accuracy": 0.4453125,
    "f1_score": 0.19496600790513832,
    "precision": 0.31333333333333335,
    "recall": 0.1425,
    "sigui": 0.08576587274130122,
    "sse": 3.746488927139218,
    "sc": 0.39190871871480254,
    "ch": 288.9606792052315,
    "db": 0.714857063195977,
    "bic": -406.1907949005216,
    "xb": 52.343893608963114
}