{
    "dataset": "blobs-P10-K16-N64-dt0.90-S8",
    "algorithm": "kmeans",
    "k": 8,
    "n": 64,
    "d": 10,
    "k_true": 16,
    "rand_score": 0.8308531746031746,
    "adjusted_rand_score": 0.011048197762739954,
    "accuracy": 0.234375,
    "f1_score": 0.15916742571154335,
    "precision": 0.13170596764346765,
    "recall": 0.234375,
    "sigui": 0.47835729441227587,
    "sse": 376.90636832870604,
    "sc": 0.09354403639947032,
    "ch": 5.584275645708291,
    "db": 1.798466623085658,
    "bic": -1050.6314244820446,
    "xb": 80.3060542318298
}