{
    "dataset": "blobs-P10-K32-N64-dt0.20-S1",
    "algorithm": "kmeans",
    "k": 25,
    "n": 64,
    "d": 10,
    "k_true": 32,
    "rand_score": 0.9786706349206349,
    "adjusted_rand_score": 0.5561199410126167,
    "accuracy": 0.734375,
    "f1_score": 0.6605654761904762,
    "precision": 0.6322916666666667,
    "recall": 0.734375,
    "sigui": 0.28288630451486063,
    "sse": 104.39162544461671,
    "sc": 0.28988152852406046,
    "ch": 8.337484974925074,
    "db": 0.8910356123810999,
    "bic": -1133.2612672812584,
    "xb": 25.258669141938885
}