{
    "dataset": "blobs-P10-K4-N64-dt0.20-S1",
    "algorithm": "kmeans",
    "k": 50,
    "n": 64,
    "d": 10,
    "k_true": 4,
    "rand_score": 0.7703373015873016,
    "adjusted_rand_score": 0.05298529268530242,
    "accuracy": 0.15625,
    "f1_score": 0.021333333333333333,
    "precision": 0.08,
    "recall": 0.0125,
    "sigui": 0.09252050812879924,
    "sse": 21.953103939636854,
    "sc": 0.06357617081939658,
    "ch": 8.04372939386444,
    "db": 0.48357674903040937,
    "bic": -1454.3127683619664,
    "xb": 16.739766435065448
}