{
    "dataset": "blobs-P2-K4-N128-dt0.40-S3",
    "algorithm": "kmeans",
    "k": 50,
    "n": 128,
    "d": 2,
    "k_true": 4,
    "rand_score": 0.7732529527559056,
    "adjusted_rand_score": 0.108994149063736,
    "accuracy": 0.1796875,
    "f1_score": 0.0243060874639822,
    "precision": 0.08,
    "recall": 0.014375,
    "sigui": 0.041110365031245724,
    "sse": 1.0852483936750605,
    "sc": 0.3262618335712082,
    "ch": 373.90764011930946,
    "db": 0.5341236845639415,
    "bic": -518.1233732510485,
    "xb": 109.53338738047809
}