{
    "dataset": "blobs-P2-K2-N1024-dt0.90-S8",
    "algorithm": "kmeans",
    "k": 2,
    "n": 1024,
    "d": 2,
    "k_true": 2,
    "rand_score": 0.5579808925953079,
    "adjusted_rand_score": 0.11596762239327274,
    "accuracy": 0.6708984375,
    "f1_score": 0.6702616499339258,
    "precision": 0.6722288644812566,
    "recall": 0.6708984375,
    "sigui": 0.41195293793517773,
    "sse": 1337.3811101436513,
    "sc": 0.32880132050603983,
    "ch": 543.0543874308605,
    "db": 1.1898624388376158,
    "bic": -3196.2270034795656,
    "xb": 406.6636175420408
}