{
    "dataset": "blobs-P2-K2-N128-dt0.30-S2",
    "algorithm": "kmeans",
    "k": 32,
    "n": 128,
    "d": 2,
    "k_true": 2,
    "rand_score": 0.5345718503937008,
    "adjusted_rand_score": 0.06223759434892168,
    "accuracy": 0.125,
    "f1_score": 0.013867451283040708,
    "precision": 0.0625,
    "recall": 0.0078125,
    "sigui": 0.09332925416878896,
    "sse": 6.014688254224636,
    "sc": 0.35235356081516356,
    "ch": 128.70959049901123,
    "db": 0.6486230023896912,
    "bic": -545.745787343981,
    "xb": 66.83926855471793
}