{
    "dataset": "blobs-P10-K32-N64-dt0.40-S3",
    "algorithm": "kmeans",
    "k": 3,
    "n": 64,
    "d": 10,
    "k_true": 32,
    "rand_score": 0.6750992063492064,
    "adjusted_rand_score": 0.0418862755113887,
    "accuracy": 0.09375,
    "f1_score": 0.016574074074074074,
    "precision": 0.009123641304347826,
    "recall": 0.09375,
    "sigui": 0.5448996932004273,
    "sse": 512.0676659795212,
    "sc": 0.09480666962179299,
    "ch": 7.619962061382431,
    "db": 2.368950775907003,
    "bic": -974.9603694794599,
    "xb": 95.81242062101255
}