{
    "dataset": "blobs-P5-K8-N64-dt0.40-S3",
    "algorithm": "kmeans",
    "k": 25,
    "n": 64,
    "d": 5,
    "k_true": 8,
    "rand_score": 0.9057539682539683,
    "adjusted_rand_score": 0.32517758484609316,
    "accuracy": 0.453125,
    "f1_score": 0.18946386946386945,
    "precision": 0.2826666666666667,
    "recall": 0.145,
    "sigui": 0.19940479814779274,
    "sse": 30.90419072391723,
    "sc": 0.2258795329211164,
    "ch": 15.20119695967524,
    "db": 0.811317910989336,
    "bic": -605.4454793413631,
    "xb": 37.33685309202863
}