{
    "dataset": "blobs-P5-K16-N128-dt0.90-S8",
    "algorithm": "kmeans",
    "k": 3,
    "n": 128,
    "d": 5,
    "k_true": 16,
    "rand_score": 0.7002952755905512,
    "adjusted_rand_score": 0.15382427272627813,
    "accuracy": 0.1875,
    "f1_score": 0.06014492753623188,
    "precision": 0.035931174089068825,
    "recall": 0.1875,
    "sigui": 0.49458242617863024,
    "sse": 428.09567830652315,
    "sc": 0.2057067817506772,
    "ch": 30.937056310013443,
    "db": 1.6612459646933957,
    "bic": -962.33800776095,
    "xb": 89.33220330943257
}