{
    "dataset": "blobs-P2-K2-N1024-dt0.40-S3",
    "algorithm": "kmeans",
    "k": 50,
    "n": 1024,
    "d": 2,
    "k_true": 2,
    "rand_score": 0.515096147971652,
    "adjusted_rand_score": 0.029288964468258,
    "accuracy": 0.072265625,
    "f1_score": 0.005353990579507968,
    "precision": 0.03726627981947131,
    "recall": 0.002890625,
    "sigui": 0.1175349580247673,
    "sse": 53.94368511908532,
    "sc": 0.33396035093326226,
    "ch": 734.7839890639746,
    "db": 0.8179840336006908,
    "bic": -3579.2962694580706,
    "xb": 460.38602619959653
}