{
    "dataset": "blobs-P10-K4-N64-dt0.90-S8",
    "algorithm": "kmeans",
    "k": 20,
    "n": 64,
    "d": 10,
    "k_true": 4,
    "rand_score": 0.7331349206349206,
    "adjusted_rand_score": -0.004623866263560377,
    "accuracy": 0.171875,
    "f1_score": 0.050299043062200954,
    "precision": 0.10208333333333333,
    "recall": 0.034375,
    "sigui": 0.3667406932428241,
    "sse": 225.3501111136203,
    "sc": 0.0860228322069733,
    "ch": 4.26111104717076,
    "db": 1.198027591395113,
    "bic": -1232.1939783377213,
    "xb": 44.23545490338203
}