{
    "dataset": "blobs-P2-K32-N128-dt0.10-S0",
    "algorithm": "kmeans",
    "k": 8,
    "n": 128,
    "d": 2,
    "k_true": 32,
    "rand_score": 0.8937007874015748,
    "adjusted_rand_score": 0.27886435331230286,
    "accuracy": 0.25,
    "f1_score": 0.1068452380952381,
    "precision": 0.06979166666666667,
    "recall": 0.25,
    "sigui": 0.17974060414280651,
    "sse": 16.423833291828505,
    "sc": 0.5795595287147455,
    "ch": 250.06464250674736,
    "db": 0.5515208123324027,
    "bic": -330.14989711234097,
    "xb": 21.306421350175782
}