{
    "dataset": "blobs-P5-K16-N1024-dt0.10-S0",
    "algorithm": "kmeans",
    "k": 50,
    "n": 1024,
    "d": 5,
    "k_true": 16,
    "rand_score": 0.9601222660068426,
    "adjusted_rand_score": 0.5053370713749304,
    "accuracy": 0.421875,
    "f1_score": 0.1875236345495182,
    "precision": 0.32,
    "recall": 0.135,
    "sigui": 0.05092651428608246,
    "sse": 20.864567496087883,
    "sc": 0.18434345782499797,
    "ch": 4857.916404860651,
    "db": 1.6126056231554446,
    "bic": 1840.043441731006,
    "xb": 808.9343268104197
}