{
    "dataset": "blobs-P10-K16-N1024-dt0.50-S4",
    "algorithm": "kmeans",
    "k": 32,
    "n": 1024,
    "d": 10,
    "k_true": 16,
    "rand_score": 0.9289562713831867,
    "adjusted_rand_score": 0.20626176748528133,
    "accuracy": 0.3466796875,
    "f1_score": 0.22141854553587625,
    "precision": 0.3123852598501111,
    "recall": 0.17333984375,
    "sigui": 0.45506365282393824,
    "sse": 4910.477665147216,
    "sc": 0.0881097491878326,
    "ch": 34.73077902904508,
    "db": 1.9738972088017754,
    "bic": -15513.789672907655,
    "xb": 1442.6832376852433
}