{
    "dataset": "blobs-P10-K16-N1024-dt0.70-S6",
    "algorithm": "kmeans",
    "k": 32,
    "n": 1024,
    "d": 10,
    "k_true": 16,
    "rand_score": 0.93831141556696,
    "adjusted_rand_score": 0.31222315128055556,
    "accuracy": 0.43359375,
    "f1_score": 0.27540250690037477,
    "precision": 0.3865809335844914,
    "recall": 0.216796875,
    "sigui": 0.4481669113893312,
    "sse": 4648.608136412124,
    "sc": 0.08676577436568665,
    "ch": 38.48991663403773,
    "db": 2.0670819082920815,
    "bic": -15227.800317117397,
    "xb": 1459.5334539265536
}