{
    "dataset": "blobs-P10-K2-N64-dt0.50-S4",
    "algorithm": "kmeans",
    "k": 8,
    "n": 64,
    "d": 10,
    "k_true": 2,
    "rand_score": 0.5327380952380952,
    "adjusted_rand_score": 0.05493980508312631,
    "accuracy": 0.296875,
    "f1_score": 0.1054421768707483,
    "precision": 0.19117647058823528,
    "recall": 0.07421875,
    "sigui": 0.49967415708426843,
    "sse": 408.6493223765961,
    "sc": 0.06347940974378366,
    "ch": 4.529079872746239,
    "db": 1.942461388893467,
    "bic": -1073.6458863570783,
    "xb": 85.42104899303581
}