{
    "dataset": "blobs-P2-K32-N64-dt0.30-S2",
    "algorithm": "kmeans",
    "k": 3,
    "n": 64,
    "d": 2,
    "k_true": 32,
    "rand_score": 0.6825396825396826,
    "adjusted_rand_score": 0.0625,
    "accuracy": 0.09375,
    "f1_score": 0.01655982905982906,
    "precision": 0.009114583333333332,
    "recall": 0.09375,
    "sigui": 0.36167773181967533,
    "sse": 43.06574651658534,
    "sc": 0.43741212763232606,
    "ch": 60.152091645421805,
    "db": 0.774773954140624,
    "bic": -199.9568611361127,
    "xb": 12.124482976057802
}