{
    "dataset": "blobs-P10-K2-N1024-dt0.60-S5",
    "algorithm": "kmeans",
    "k": 10,
    "n": 1024,
    "d": 10,
    "k_true": 2,
    "rand_score": 0.5228131873167156,
    "adjusted_rand_score": 0.04488081807442106,
    "accuracy": 0.1884765625,
    "f1_score": 0.06157481717011128,
    "precision": 0.16804326450344148,
    "recall": 0.0376953125,
    "sigui": 0.5170592625084571,
    "sse": 7025.821739849746,
    "sc": 0.07131913095100584,
    "ch": 51.542832148676204,
    "db": 2.2318037400934676,
    "bic": -15332.261925187406,
    "xb": 1463.663744229948
}