{
    "dataset": "blobs-P2-K32-N64-dt0.50-S4",
    "algorithm": "kmeans",
    "k": 10,
    "n": 64,
    "d": 2,
    "k_true": 32,
    "rand_score": 0.9171626984126984,
    "adjusted_rand_score": 0.25026722725005346,
    "accuracy": 0.3125,
    "f1_score": 0.16299603174603172,
    "precision": 0.11882440476190476,
    "recall": 0.3125,
    "sigui": 0.1543198314401944,
    "sse": 6.175367192583893,
    "sc": 0.5138816046923178,
    "ch": 118.36507434283494,
    "db": 0.6172709414476654,
    "bic": -194.00227741596998,
    "xb": 22.622993656121963
}