{
    "dataset": "blobs-P10-K2-N128-dt0.60-S5",
    "algorithm": "kmeans",
    "k": 32,
    "n": 128,
    "d": 10,
    "k_true": 2,
    "rand_score": 0.5082431102362205,
    "adjusted_rand_score": 0.009212650217922117,
    "accuracy": 0.078125,
    "f1_score": 0.008680555555555556,
    "precision": 0.0390625,
    "recall": 0.0048828125,
    "sigui": 0.39305427242079505,
    "sse": 480.9741183657851,
    "sc": 0.05765984532520779,
    "ch": 5.144565239039078,
    "db": 1.35297400807613,
    "bic": -2489.9055262214883,
    "xb": 114.91117459035961
}