{
    "dataset": "blobs-P10-K8-N1024-dt0.40-S3",
    "algorithm": "kmeans",
    "k": 10,
    "n": 1024,
    "d": 10,
    "k_true": 8,
    "rand_score": 0.9264131995356794,
    "adjusted_rand_score": 0.6363317683406478,
    "accuracy": 0.7451171875,
    "f1_score": 0.6325783269960839,
    "precision": 0.6834133954044811,
    "recall": 0.59609375,
    "sigui": 0.4703040224626073,
    "sse": 5470.232865422211,
    "sc": 0.12789065385227444,
    "ch": 98.23965031287929,
    "db": 2.1702171514564914,
    "bic": -14033.039740421005,
    "xb": 2104.787297684276
}