{
    "dataset": "blobs-P2-K32-N128-dt0.80-S7",
    "algorithm": "kmeans",
    "k": 32,
    "n": 128,
    "d": 2,
    "k_true": 32,
    "rand_score": 0.9928641732283464,
    "adjusted_rand_score": 0.8520705305860143,
    "accuracy": 0.9140625,
    "f1_score": 0.9050099206349207,
    "precision": 0.9125,
    "recall": 0.9140625,
    "sigui": 0.04847825006956781,
    "sse": 1.1571686067670237,
    "sc": 0.6027629494731451,
    "ch": 682.0014810756587,
    "db": 0.4771996191328812,
    "bic": -348.83913314843966,
    "xb": 76.75576067804023
}