{
    "dataset": "blobs-P2-K32-N1024-dt0.70-S6",
    "algorithm": "kmeans",
    "k": 20,
    "n": 1024,
    "d": 2,
    "k_true": 32,
    "rand_score": 0.9711365163734116,
    "adjusted_rand_score": 0.6540997541437116,
    "accuracy": 0.623046875,
    "f1_score": 0.5051763208002107,
    "precision": 0.44784927029025323,
    "recall": 0.623046875,
    "sigui": 0.08116081014964857,
    "sse": 24.677823199482887,
    "sc": 0.6041299830487292,
    "ch": 4332.6478560094465,
    "db": 0.5239551647169471,
    "bic": -1583.375543452476,
    "xb": 199.164888387383
}