{
    "dataset": "blobs-P10-K4-N1024-dt0.60-S5",
    "algorithm": "kmeans",
    "k": 3,
    "n": 1024,
    "d": 10,
    "k_true": 4,
    "rand_score": 0.7054122372922776,
    "adjusted_rand_score": 0.2923401696114869,
    "accuracy": 0.599609375,
    "f1_score": 0.5138562527152997,
    "precision": 0.44977642948108265,
    "recall": 0.599609375,
    "sigui": 0.5518903466643945,
    "sse": 8630.342644383412,
    "sc": 0.08531519636434118,
    "ch": 95.21407363554056,
    "db": 2.6877002471630416,
    "bic": -14893.114549135567,
    "xb": 1813.4684505802113
}