{
    "dataset": "blobs-P5-K8-N128-dt0.60-S5",
    "algorithm": "kmeans",
    "k": 4,
    "n": 128,
    "d": 5,
    "k_true": 8,
    "rand_score": 0.7543061023622047,
    "adjusted_rand_score": 0.2781071657297374,
    "accuracy": 0.453125,
    "f1_score": 0.31711992489303414,
    "precision": 0.2572006294832382,
    "recall": 0.453125,
    "sigui": 0.46858836752948574,
    "sse": 361.88804814919854,
    "sc": 0.21974793041848817,
    "ch": 31.764779380317826,
    "db": 1.413246497795866,
    "bic": -950.1888880922976,
    "xb": 71.51849888388136
}