{
    "dataset": "blobs-P10-K32-N64-dt0.10-S0",
    "algorithm": "kmeans",
    "k": 32,
    "n": 64,
    "d": 10,
    "k_true": 32,
    "rand_score": 1.0,
    "adjusted_rand_score": 1.0,
    "accuracy": 1.0,
    "f1_score": 1.0,
    "precision": 1.0,
    "recall": 1.0,
    "sigui": 0.13773717425493315,
    "sse": 17.547299319563802,
    "sc": 0.6385478895622854,
    "ch": 36.617134543368394,
    "db": 0.3871836066960022,
    "bic": -772.7964800539435,
    "xb": 6.7907137185274475
}