{
    "dataset": "blobs-P5-K2-N64-dt0.70-S6",
    "algorithm": "kmeans",
    "k": 8,
    "n": 64,
    "d": 5,
    "k_true": 2,
    "rand_score": 0.5634920634920635,
    "adjusted_rand_score": 0.11646586345381527,
    "accuracy": 0.328125,
    "f1_score": 0.12023809523809523,
    "precision": 0.2278846153846154,
    "recall": 0.08203125,
    "sigui": 0.4151046357640823,
    "sse": 131.1086128434466,
    "sc": 0.16051999030615885,
    "ch": 11.525795784727206,
    "db": 1.3404535129149147,
    "bic": -542.1419962879412,
    "xb": 43.90845486975739
}