{
    "dataset": "blobs-P2-K16-N64-dt0.10-S0",
    "algorithm": "kmeans",
    "k": 8,
    "n": 64,
    "d": 2,
    "k_true": 16,
    "rand_score": 0.8809523809523809,
    "adjusted_rand_score": 0.4,
    "accuracy": 0.5,
    "f1_score": 0.38541666666666663,
    "precision": 0.3458333333333333,
    "recall": 0.5,
    "sigui": 0.1308200639370467,
    "sse": 4.790618130603663,
    "sc": 0.7102013459192333,
    "ch": 205.75112189770087,
    "db": 0.3443892447900775,
    "bic": -142.79622385505274,
    "xb": 16.01276794868637
}