{
    "dataset": "blobs-P2-K4-N64-dt0.10-S0",
    "algorithm": "kmeans",
    "k": 3,
    "n": 64,
    "d": 2,
    "k_true": 4,
    "rand_score": 0.873015873015873,
    "adjusted_rand_score": 0.704225352112676,
    "accuracy": 0.75,
    "f1_score": 0.6666666666666666,
    "precision": 0.625,
    "recall": 0.75,
    "sigui": 0.16343196417103945,
    "sse": 7.505119916721366,
    "sc": 0.7804631866503328,
    "ch": 489.6782307704253,
    "db": 0.2813772912273995,
    "bic": -85.42135696105774,
    "xb": 4.859411726569866
}