{
    "dataset": "blobs-P10-K32-N1024-dt0.30-S2",
    "algorithm": "kmeans",
    "k": 16,
    "n": 1024,
    "d": 10,
    "k_true": 32,
    "rand_score": 0.9529149865591398,
    "adjusted_rand_score": 0.5258606325773244,
    "accuracy": 0.498046875,
    "f1_score": 0.3616566572799492,
    "precision": 0.30691886197468177,
    "recall": 0.498046875,
    "sigui": 0.4076686073564062,
    "sse": 3802.555172674711,
    "sc": 0.25108722015460727,
    "ch": 113.76463266198223,
    "db": 1.345498718046224,
    "bic": -12809.252158216232,
    "xb": 631.9920354288794
}