{
    "dataset": "blobs-P2-K4-N1024-dt0.70-S6",
    "algorithm": "kmeans",
    "k": 8,
    "n": 1024,
    "d": 2,
    "k_true": 4,
    "rand_score": 0.7893947030791789,
    "adjusted_rand_score": 0.3266606420802824,
    "accuracy": 0.447265625,
    "f1_score": 0.2959391251889284,
    "precision": 0.4470509445242749,
    "recall": 0.2236328125,
    "sigui": 0.25182125846169556,
    "sse": 271.8393808786902,
    "sc": 0.3470461103806439,
    "ch": 948.3431950536134,
    "db": 0.8719704078033697,
    "bic": -3040.597635853527,
    "xb": 329.1761463472085
}