{
    "dataset": "blobs-P10-K32-N128-dt0.40-S3",
    "algorithm": "kmeans",
    "k": 3,
    "n": 128,
    "d": 10,
    "k_true": 32,
    "rand_score": 0.6740895669291339,
    "adjusted_rand_score": 0.05382480080773763,
    "accuracy": 0.09375,
    "f1_score": 0.01646640984876279,
    "precision": 0.00905161992263056,
    "recall": 0.09375,
    "sigui": 0.5467541632318638,
    "sse": 1032.8512853977932,
    "sc": 0.10067523243469702,
    "ch": 14.955487668961691,
    "db": 2.336052784529755,
    "bic": -1898.075345690085,
    "xb": 173.92040454005254
}