{
    "dataset": "blobs-P5-K8-N64-dt0.20-S1",
    "algorithm": "kmeans",
    "k": 16,
    "n": 64,
    "d": 5,
    "k_true": 8,
    "rand_score": 0.9454365079365079,
    "adjusted_rand_score": 0.6533613445378151,
    "accuracy": 0.671875,
    "f1_score": 0.39871794871794874,
    "precision": 0.5,
    "recall": 0.3359375,
    "sigui": 0.18274651470067288,
    "sse": 20.69111529399044,
    "sc": 0.2853607882855137,
    "ch": 46.28984070942817,
    "db": 0.8959483962293672,
    "bic": -392.3176842820484,
    "xb": 38.89497969160312
}