{
    "dataset": "blobs-P5-K32-N64-dt0.90-S8",
    "algorithm": "kmeans",
    "k": 2,
    "n": 64,
    "d": 5,
    "k_true": 32,
    "rand_score": 0.5143849206349206,
    "adjusted_rand_score": 0.02219509488403063,
    "accuracy": 0.0625,
    "f1_score": 0.0074106364428945075,
    "precision": 0.003940886699507389,
    "recall": 0.0625,
    "sigui": 0.5243710939666529,
    "sse": 242.15704550092906,
    "sc": 0.20979469107758228,
    "ch": 19.93030253965449,
    "db": 1.6818293419786843,
    "bic": -478.57565188733724,
    "xb": 45.68242573235429
}