{
    "dataset": "blobs-P5-K2-N64-dt0.80-S7",
    "algorithm": "kmeans",
    "k": 32,
    "n": 64,
    "d": 5,
    "k_true": 2,
    "rand_score": 0.5138888888888888,
    "adjusted_rand_score": 0.013107416879795396,
    "accuracy": 0.15625,
    "f1_score": 0.016258445945945946,
    "precision": 0.05078125,
    "recall": 0.009765625,
    "sigui": 0.17984272968737472,
    "sse": 24.832803766251942,
    "sc": 0.1759559120321001,
    "ch": 12.269606024390072,
    "db": 0.6570118519726751,
    "bic": -684.9891511902586,
    "xb": 26.691975205358517
}