{
    "dataset": "blobs-P2-K16-N128-dt0.60-S5",
    "algorithm": "kmeans",
    "k": 16,
    "n": 128,
    "d": 2,
    "k_true": 16,
    "rand_score": 0.968380905511811,
    "adjusted_rand_score": 0.7250457007590116,
    "accuracy": 0.796875,
    "f1_score": 0.7770210181974888,
    "precision": 0.7891865079365079,
    "recall": 0.796875,
    "sigui": 0.07576020913642777,
    "sse": 2.705061904249716,
    "sc": 0.5687443103503963,
    "ch": 699.1591830647968,
    "db": 0.60052151840006,
    "bic": -242.10888610862577,
    "xb": 69.97658870252232
}