{
    "dataset": "blobs-P10-K16-N1024-dt0.60-S5",
    "algorithm": "kmeans",
    "k": 32,
    "n": 1024,
    "d": 10,
    "k_true": 16,
    "rand_score": 0.9360146322091887,
    "adjusted_rand_score": 0.2901269889384709,
    "accuracy": 0.412109375,
    "f1_score": 0.2597489311465972,
    "precision": 0.3659861034118378,
    "recall": 0.2060546875,
    "sigui": 0.44912547380694223,
    "sse": 4656.946873283076,
    "sc": 0.08427467821693553,
    "ch": 38.363697271253315,
    "db": 2.095087979291824,
    "bic": -15230.849492816285,
    "xb": 1488.2188265136463
}