{
    "dataset": "blobs-P10-K16-N128-dt0.40-S3",
    "algorithm": "kmeans",
    "k": 16,
    "n": 128,
    "d": 10,
    "k_true": 16,
    "rand_score": 0.937376968503937,
    "adjusted_rand_score": 0.43722630914551863,
    "accuracy": 0.625,
    "f1_score": 0.6152236442822743,
    "precision": 0.6398842476967477,
    "recall": 0.625,
    "sigui": 0.4173257017033323,
    "sse": 512.356074133837,
    "sc": 0.12621416038807673,
    "ch": 11.187027152598526,
    "db": 1.6538465292079205,
    "bic": -2009.2419506621302,
    "xb": 207.38251956334582
}