{
    "dataset": "blobs-P5-K4-N64-dt0.30-S2",
    "algorithm": "kmeans",
    "k": 50,
    "n": 64,
    "d": 5,
    "k_true": 4,
    "rand_score": 0.7693452380952381,
    "adjusted_rand_score": 0.04889451641180481,
    "accuracy": 0.15625,
    "f1_score": 0.021333333333333333,
    "precision": 0.08,
    "recall": 0.0125,
    "sigui": 0.04255833283883692,
    "sse": 2.476180385237804,
    "sc": 0.13969318923071364,
    "ch": 36.637513106619224,
    "db": 0.3447668876704817,
    "bic": -663.5824092249333,
    "xb": 29.111212641686322
}