{
    "dataset": "blobs-P2-K4-N1024-dt0.20-S1",
    "algorithm": "kmeans",
    "k": 8,
    "n": 1024,
    "d": 2,
    "k_true": 4,
    "rand_score": 0.8756434048142717,
    "adjusted_rand_score": 0.6032048797129931,
    "accuracy": 0.5771484375,
    "f1_score": 0.3647667107792094,
    "precision": 0.4964788732394366,
    "recall": 0.28857421875,
    "sigui": 0.17007117009321404,
    "sse": 131.46984550726978,
    "sc": 0.36255223728236896,
    "ch": 2115.887600533677,
    "db": 1.0506064636247312,
    "bic": -2291.3282762657363,
    "xb": 307.38239010424803
}