{
    "dataset": "blobs-P5-K4-N128-dt1.00-S9",
    "algorithm": "kmeans",
    "k": 16,
    "n": 128,
    "d": 5,
    "k_true": 4,
    "rand_score": 0.734867125984252,
    "adjusted_rand_score": 0.04423910348416116,
    "accuracy": 0.1953125,
    "f1_score": 0.07239969954047366,
    "precision": 0.14615766178266176,
    "recall": 0.048828125,
    "sigui": 0.3600385611710315,
    "sse": 209.53921760141492,
    "sc": 0.1562865725189758,
    "ch": 15.33892897012071,
    "db": 1.3498197010889499,
    "bic": -1131.4499869087615,
    "xb": 84.55007622105839
}