{
    "dataset": "blobs-P5-K32-N128-dt0.40-S3",
    "algorithm": "kmeans",
    "k": 16,
    "n": 128,
    "d": 5,
    "k_true": 32,
    "rand_score": 0.9547244094488189,
    "adjusted_rand_score": 0.4734327820091036,
    "accuracy": 0.5,
    "f1_score": 0.36039848631760396,
    "precision": 0.3038582944832945,
    "recall": 0.5,
    "sigui": 0.27614629789725825,
    "sse": 109.0992866839189,
    "sc": 0.3930611472625099,
    "ch": 36.33441409118797,
    "db": 0.9431073039842027,
    "bic": -921.5667152034357,
    "xb": 60.06120408614261
}