{
    "dataset": "blobs-P2-K16-N64-dt0.30-S2",
    "algorithm": "kmeans",
    "k": 2,
    "n": 64,
    "d": 2,
    "k_true": 16,
    "rand_score": 0.5481150793650794,
    "adjusted_rand_score": 0.09051580698835275,
    "accuracy": 0.125,
    "f1_score": 0.027972027972027972,
    "precision": 0.015763546798029555,
    "recall": 0.125,
    "sigui": 0.45844701392926324,
    "sse": 71.54840336724797,
    "sc": 0.41475510468485377,
    "ch": 48.917918870468945,
    "db": 1.0670829344449715,
    "bic": -200.98646562797697,
    "xb": 18.501720994397377
}