{
    "dataset": "blobs-P10-K16-N128-dt0.50-S4",
    "algorithm": "kmeans",
    "k": 3,
    "n": 128,
    "d": 10,
    "k_true": 16,
    "rand_score": 0.6654773622047244,
    "adjusted_rand_score": 0.08684798561436448,
    "accuracy": 0.1796875,
    "f1_score": 0.05875616631430585,
    "precision": 0.0354064039408867,
    "recall": 0.1796875,
    "sigui": 0.5380117501842858,
    "sse": 983.7032878996824,
    "sc": 0.1267640484158853,
    "ch": 18.82533558041574,
    "db": 2.022108335347354,
    "bic": -1864.6519468646636,
    "xb": 136.64225609530538
}