{
    "dataset": "blobs-P2-K2-N1024-dt0.30-S2",
    "algorithm": "kmeans",
    "k": 32,
    "n": 1024,
    "d": 2,
    "k_true": 2,
    "rand_score": 0.5321797867790812,
    "adjusted_rand_score": 0.06351375525479745,
    "accuracy": 0.125,
    "f1_score": 0.01381438169070489,
    "precision": 0.06028114979386166,
    "recall": 0.0078125,
    "sigui": 0.14039997332552823,
    "sse": 90.04034556887153,
    "sc": 0.3255514794950285,
    "ch": 695.8750572285201,
    "db": 0.8259994954666381,
    "bic": -3456.44139392178,
    "xb": 401.3187413786969
}