{
    "dataset": "blobs-P5-K16-N1024-dt0.70-S6",
    "algorithm": "kmeans",
    "k": 2,
    "n": 1024,
    "d": 5,
    "k_true": 16,
    "rand_score": 0.5398204576001955,
    "adjusted_rand_score": 0.08561993788809165,
    "accuracy": 0.125,
    "f1_score": 0.027963964838712614,
    "precision": 0.015757785600246217,
    "recall": 0.125,
    "sigui": 0.5253347036978366,
    "sse": 4113.382862774279,
    "sc": 0.1908027332956532,
    "ch": 250.1722001693387,
    "db": 1.9170811197456044,
    "bic": -7451.614999471695,
    "xb": 922.1112923135312
}