{
    "dataset": "blobs-P10-K8-N64-dt0.90-S8",
    "algorithm": "kmeans",
    "k": 50,
    "n": 64,
    "d": 10,
    "k_true": 8,
    "rand_score": 0.8859126984126984,
    "adjusted_rand_score": 0.02725563909774436,
    "accuracy": 0.203125,
    "f1_score": 0.051272727272727275,
    "precision": 0.12333333333333332,
    "recall": 0.0325,
    "sigui": 0.10624700795979809,
    "sse": 32.90074210687993,
    "sc": 0.07457695975800264,
    "ch": 5.272128217142369,
    "db": 0.5275043589031481,
    "bic": -1584.1203023979915,
    "xb": 11.965373540660824
}