{
    "dataset": "blobs-P2-K32-N128-dt0.80-S7",
    "algorithm": "kmeans",
    "k": 25,
    "n": 128,
    "d": 2,
    "k_true": 32,
    "rand_score": 0.9825295275590551,
    "adjusted_rand_score": 0.7040015756819749,
    "accuracy": 0.7578125,
    "f1_score": 0.6825644841269841,
    "precision": 0.6463541666666666,
    "recall": 0.7578125,
    "sigui": 0.0621631233237581,
    "sse": 2.137254860468298,
    "sc": 0.6068187924362654,
    "ch": 509.76338918471447,
    "db": 0.5093773966586985,
    "bic": -340.42230175970917,
    "xb": 56.40083535882589
}