{
    "dataset": "blobs-P5-K16-N64-dt0.40-S3",
    "algorithm": "kmeans",
    "k": 4,
    "n": 64,
    "d": 5,
    "k_true": 16,
    "rand_score": 0.6512896825396826,
    "adjusted_rand_score": 0.12015018773466833,
    "accuracy": 0.25,
    "f1_score": 0.13977732793522268,
    "precision": 0.11388888888888889,
    "recall": 0.25,
    "sigui": 0.4721374229703389,
    "sse": 176.50028434566508,
    "sc": 0.21998336847244723,
    "ch": 16.26056481283615,
    "db": 1.3215066999720178,
    "bic": -480.31421355768373,
    "xb": 45.84042835989175
}