{
    "dataset": "blobs-P5-K16-N128-dt0.90-S8",
    "algorithm": "kmeans",
    "k": 10,
    "n": 128,
    "d": 5,
    "k_true": 16,
    "rand_score": 0.9175688976377953,
    "adjusted_rand_score": 0.44118265164052856,
    "accuracy": 0.5390625,
    "f1_score": 0.4220312163326869,
    "precision": 0.3631076388888889,
    "recall": 0.5390625,
    "sigui": 0.37726920327687075,
    "sse": 201.73924187342345,
    "sc": 0.2271308478746836,
    "ch": 28.48273564467237,
    "db": 1.2013714987376645,
    "bic": -973.0861748289644,
    "xb": 64.44617993138922
}