{
    "dataset": "blobs-P10-K32-N64-dt0.80-S7",
    "algorithm": "kmeans",
    "k": 4,
    "n": 64,
    "d": 10,
    "k_true": 32,
    "rand_score": 0.7192460317460317,
    "adjusted_rand_score": 0.020922570016474466,
    "accuracy": 0.125,
    "f1_score": 0.03172123015873016,
    "precision": 0.018586881868131868,
    "recall": 0.125,
    "sigui": 0.5342978724916992,
    "sse": 491.1204509739929,
    "sc": 0.06451304998179672,
    "ch": 6.062852757638106,
    "db": 2.202391926020598,
    "bic": -999.0534651783196,
    "xb": 83.42295133169796
}