{
    "dataset": "blobs-P5-K8-N64-dt1.00-S9",
    "algorithm": "kmeans",
    "k": 32,
    "n": 64,
    "d": 5,
    "k_true": 8,
    "rand_score": 0.8754960317460317,
    "adjusted_rand_score": 0.05362379555927943,
    "accuracy": 0.25,
    "f1_score": 0.08805361305361306,
    "precision": 0.16666666666666669,
    "recall": 0.0625,
    "sigui": 0.1859008770369277,
    "sse": 27.430715937070335,
    "sc": 0.195194173503474,
    "ch": 11.009811176511503,
    "db": 0.6661457550368483,
    "bic": -703.6121814003751,
    "xb": 19.256140302300235
}