{
    "dataset": "blobs-P10-K16-N64-dt0.70-S6",
    "algorithm": "kmeans",
    "k": 4,
    "n": 64,
    "d": 10,
    "k_true": 16,
    "rand_score": 0.7237103174603174,
    "adjusted_rand_score": 0.02141721743495357,
    "accuracy": 0.203125,
    "f1_score": 0.08160408432147562,
    "precision": 0.05254020467836257,
    "recall": 0.203125,
    "sigui": 0.5162586408763022,
    "sse": 483.07653113627555,
    "sc": 0.08214155711904253,
    "ch": 6.496836784623531,
    "db": 2.2130754559223993,
    "bic": -995.8722405775087,
    "xb": 91.58133221890478
}