{
    "dataset": "blobs-P5-K4-N64-dt0.50-S4",
    "algorithm": "kmeans",
    "k": 25,
    "n": 64,
    "d": 5,
    "k_true": 4,
    "rand_score": 0.7748015873015873,
    "adjusted_rand_score": 0.14385775862068967,
    "accuracy": 0.296875,
    "f1_score": 0.06820287081339713,
    "precision": 0.13555555555555554,
    "recall": 0.0475,
    "sigui": 0.21274453464350507,
    "sse": 39.904967530186276,
    "sc": 0.12895889562552032,
    "ch": 11.405959105696402,
    "db": 0.7613247325632218,
    "bic": -640.2987110994661,
    "xb": 30.13221264556315
}