{
    "dataset": "blobs-P10-K2-N64-dt0.40-S3",
    "algorithm": "kmeans",
    "k": 3,
    "n": 64,
    "d": 10,
    "k_true": 2,
    "rand_score": 0.6413690476190477,
    "adjusted_rand_score": 0.27907123977145026,
    "accuracy": 0.59375,
    "f1_score": 0.45714285714285713,
    "precision": 0.5602240896358542,
    "recall": 0.3958333333333333,
    "sigui": 0.5340165694674026,
    "sse": 491.22936364288,
    "sc": 0.10564066126206895,
    "ch": 9.237038224349492,
    "db": 2.3038217218134576,
    "bic": -961.2047588536975,
    "xb": 97.87676058408964
}