{
    "dataset": "blobs-P10-K4-N1024-dt1.00-S9",
    "algorithm": "kmeans",
    "k": 20,
    "n": 1024,
    "d": 10,
    "k_true": 4,
    "rand_score": 0.732717803030303,
    "adjusted_rand_score": 0.027543429554284387,
    "accuracy": 0.1279296875,
    "f1_score": 0.04173330357387552,
    "precision": 0.1166785438871905,
    "recall": 0.0255859375,
    "sigui": 0.4950771976194465,
    "sse": 6206.857740875868,
    "sc": 0.0681134030455027,
    "ch": 34.336170844452745,
    "db": 2.0923425646085554,
    "bic": -15777.705320470775,
    "xb": 1335.7653460576748
}