{
    "dataset": "blobs-P10-K4-N64-dt0.70-S6",
    "algorithm": "kmeans",
    "k": 50,
    "n": 64,
    "d": 10,
    "k_true": 4,
    "rand_score": 0.7599206349206349,
    "adjusted_rand_score": 0.011091652072387624,
    "accuracy": 0.140625,
    "f1_score": 0.01933333333333333,
    "precision": 0.075,
    "recall": 0.01125,
    "sigui": 0.10489097949172109,
    "sse": 34.46573533358194,
    "sc": 0.05192486853454578,
    "ch": 5.019762039898146,
    "db": 0.571874751853477,
    "bic": -1598.1277962813406,
    "xb": 14.118525301846583
}