{
    "dataset": "blobs-P2-K32-N64-dt0.60-S5",
    "algorithm": "kmeans",
    "k": 8,
    "n": 64,
    "d": 2,
    "k_true": 32,
    "rand_score": 0.8869047619047619,
    "adjusted_rand_score": 0.19646453345267398,
    "accuracy": 0.25,
    "f1_score": 0.10989583333333333,
    "precision": 0.0732142857142857,
    "recall": 0.25,
    "sigui": 0.1846218382980556,
    "sse": 10.25195430187775,
    "sc": 0.4681842544973134,
    "ch": 91.88339489695582,
    "db": 0.6342832719820564,
    "bic": -199.0681555199073,
    "xb": 15.898040910120082
}