{
    "dataset": "blobs-P10-K32-N128-dt0.40-S3",
    "algorithm": "kmeans",
    "k": 16,
    "n": 128,
    "d": 10,
    "k_true": 32,
    "rand_score": 0.9408218503937008,
    "adjusted_rand_score": 0.3012639405204461,
    "accuracy": 0.453125,
    "f1_score": 0.30934978012183895,
    "precision": 0.26771310286935285,
    "recall": 0.453125,
    "sigui": 0.437274937489073,
    "sse": 563.7944211244068,
    "sc": 0.1329516403409092,
    "ch": 9.48513877027364,
    "db": 1.4625781676007874,
    "bic": -2067.4540233479574,
    "xb": 99.20309342281537
}