{
    "dataset": "blobs-P5-K8-N128-dt0.90-S8",
    "algorithm": "kmeans",
    "k": 20,
    "n": 128,
    "d": 5,
    "k_true": 8,
    "rand_score": 0.8609744094488189,
    "adjusted_rand_score": 0.10815715226767093,
    "accuracy": 0.2734375,
    "f1_score": 0.14136833536833537,
    "precision": 0.2055050505050505,
    "recall": 0.109375,
    "sigui": 0.3311902657612767,
    "sse": 163.15071638047618,
    "sc": 0.17074266644074487,
    "ch": 16.613544687693448,
    "db": 1.2513269307563346,
    "bic": -1140.60292992015,
    "xb": 91.28535269051977
}