{
    "dataset": "blobs-P5-K8-N128-dt0.40-S3",
    "algorithm": "kmeans",
    "k": 4,
    "n": 128,
    "d": 5,
    "k_true": 8,
    "rand_score": 0.8056102362204725,
    "adjusted_rand_score": 0.38777253671961287,
    "accuracy": 0.4765625,
    "f1_score": 0.3306171389936101,
    "precision": 0.2621544118552276,
    "recall": 0.4765625,
    "sigui": 0.45876733183042345,
    "sse": 339.32030103797024,
    "sc": 0.2363662313419142,
    "ch": 36.62643875343369,
    "db": 1.514733111179499,
    "bic": -936.2585444594729,
    "xb": 83.03626501271128
}