{
    "dataset": "blobs-P2-K2-N64-dt0.60-S5",
    "algorithm": "kmeans",
    "k": 32,
    "n": 64,
    "d": 2,
    "k_true": 2,
    "rand_score": 0.5252976190476191,
    "adjusted_rand_score": 0.03606887620509377,
    "accuracy": 0.140625,
    "f1_score": 0.015225563909774436,
    "precision": 0.0625,
    "recall": 0.0087890625,
    "sigui": 0.0639266990163008,
    "sse": 1.2619569212703883,
    "sc": 0.3889136910336456,
    "ch": 103.66943977557551,
    "db": 0.398154865158332,
    "bic": -311.43470467024224,
    "xb": 47.27660739451555
}