{
    "dataset": "blobs-P2-K16-N64-dt1.00-S9",
    "algorithm": "kmeans",
    "k": 25,
    "n": 64,
    "d": 2,
    "k_true": 16,
    "rand_score": 0.9484126984126984,
    "adjusted_rand_score": 0.36878612716763004,
    "accuracy": 0.53125,
    "f1_score": 0.372995670995671,
    "precision": 0.4595238095238095,
    "recall": 0.34,
    "sigui": 0.06514556294947672,
    "sse": 1.083868094627675,
    "sc": 0.44780073176706775,
    "ch": 190.28027060532315,
    "db": 0.47934392513549295,
    "bic": -236.1589203665007,
    "xb": 58.271090543435854
}