{
    "dataset": "blobs-P5-K4-N64-dt0.90-S8",
    "algorithm": "kmeans",
    "k": 10,
    "n": 64,
    "d": 5,
    "k_true": 4,
    "rand_score": 0.7296626984126984,
    "adjusted_rand_score": 0.08520501958276716,
    "accuracy": 0.359375,
    "f1_score": 0.18132700632700632,
    "precision": 0.2558333333333333,
    "recall": 0.14375,
    "sigui": 0.37943140837691525,
    "sse": 111.36067438152409,
    "sc": 0.18945105917336624,
    "ch": 11.241274899450033,
    "db": 1.1813624663266284,
    "bic": -551.4390284294602,
    "xb": 40.07749970616678
}