{
    "dataset": "blobs-P10-K2-N1024-dt0.80-S7",
    "algorithm": "kmeans",
    "k": 2,
    "n": 1024,
    "d": 10,
    "k_true": 2,
    "rand_score": 0.6104002474340176,
    "adjusted_rand_score": 0.220799753219695,
    "accuracy": 0.7353515625,
    "f1_score": 0.7353513101113416,
    "precision": 0.7353524602983867,
    "recall": 0.7353515625,
    "sigui": 0.5658018496047041,
    "sse": 9371.037972961318,
    "sc": 0.08199223275456674,
    "ch": 94.76849781165643,
    "db": 3.204688392755918,
    "bic": -14861.937211109185,
    "xb": 2407.1595928283487
}