{
    "dataset": "blobs-P10-K32-N128-dt0.60-S5",
    "algorithm": "kmeans",
    "k": 2,
    "n": 128,
    "d": 10,
    "k_true": 32,
    "rand_score": 0.5098425196850394,
    "adjusted_rand_score": 0.026984615384615385,
    "accuracy": 0.0625,
    "f1_score": 0.007456140350877193,
    "precision": 0.003968253968253968,
    "recall": 0.0625,
    "sigui": 0.5568377292647608,
    "sse": 1159.9235093526909,
    "sc": 0.09045692920596168,
    "ch": 13.043651326632904,
    "db": 3.0125931133653436,
    "bic": -1894.3689726677076,
    "xb": 269.8859910210261
}