{
    "dataset": "blobs-P5-K8-N1024-dt0.20-S1",
    "algorithm": "kmeans",
    "k": 4,
    "n": 1024,
    "d": 5,
    "k_true": 8,
    "rand_score": 0.8408689974340176,
    "adjusted_rand_score": 0.5141023865032723,
    "accuracy": 0.498046875,
    "f1_score": 0.3452014935618868,
    "precision": 0.2740819315550739,
    "recall": 0.498046875,
    "sigui": 0.41538389267003306,
    "sse": 1971.0639940458736,
    "sc": 0.3244793217613004,
    "ch": 543.1778193191858,
    "db": 1.2846531350000165,
    "bic": -6279.0964332527365,
    "xb": 633.7912697098604
}