{
    "dataset": "blobs-P2-K16-N64-dt0.30-S2",
    "algorithm": "kmeans",
    "k": 16,
    "n": 64,
    "d": 2,
    "k_true": 16,
    "rand_score": 0.9846230158730159,
    "adjusted_rand_score": 0.843622387701177,
    "accuracy": 0.890625,
    "f1_score": 0.8744047619047619,
    "precision": 0.8854166666666666,
    "recall": 0.890625,
    "sigui": 0.041113217849591877,
    "sse": 0.417268692352922,
    "sc": 0.7128945121406063,
    "ch": 978.4216924646818,
    "db": 0.317046556314403,
    "bic": -90.48479228173346,
    "xb": 41.05468257891178
}