{
    "dataset": "blobs-P2-K32-N1024-dt0.10-S0",
    "algorithm": "kmeans",
    "k": 8,
    "n": 1024,
    "d": 2,
    "k_true": 32,
    "rand_score": 0.9001271535923754,
    "adjusted_rand_score": 0.3441387053082097,
    "accuracy": 0.25,
    "f1_score": 0.10306028256565065,
    "precision": 0.0655655145378519,
    "recall": 0.25,
    "sigui": 0.2005694788733321,
    "sse": 177.80145656951953,
    "sc": 0.48071989484541144,
    "ch": 1526.7096406653695,
    "db": 0.8517602874545769,
    "bic": -2592.286799509954,
    "xb": 281.28997369385496
}