{
    "dataset": "blobs-P2-K16-N64-dt0.10-S0",
    "algorithm": "kmeans",
    "k": 25,
    "n": 64,
    "d": 2,
    "k_true": 16,
    "rand_score": 0.9851190476190477,
    "adjusted_rand_score": 0.8073394495412844,
    "accuracy": 0.8125,
    "f1_score": 0.5657142857142857,
    "precision": 0.64,
    "recall": 0.52,
    "sigui": 0.009643890603555055,
    "sse": 0.027887402420319306,
    "sc": 0.5810077967084393,
    "ch": 7456.939869722217,
    "db": 0.36151455565909685,
    "bic": -3.919236859248599,
    "xb": 100.8328103185218
}