{
    "dataset": "blobs-P10-K32-N64-dt0.60-S5",
    "algorithm": "kmeans",
    "k": 50,
    "n": 64,
    "d": 10,
    "k_true": 32,
    "rand_score": 0.9796626984126984,
    "adjusted_rand_score": 0.1187308085977482,
    "accuracy": 0.546875,
    "f1_score": 0.41466666666666663,
    "precision": 0.5466666666666666,
    "recall": 0.35,
    "sigui": 0.11117617906024406,
    "sse": 30.697612746540546,
    "sc": 0.08471915705372071,
    "ch": 5.671007638134658,
    "db": 0.5102799084451105,
    "bic": -1562.4642471540994,
    "xb": 14.478774666477525
}