{
    "dataset": "blobs-P5-K4-N1024-dt0.50-S4",
    "algorithm": "kmeans",
    "k": 16,
    "n": 1024,
    "d": 5,
    "k_true": 4,
    "rand_score": 0.7646302999755621,
    "adjusted_rand_score": 0.16416269309720385,
    "accuracy": 0.271484375,
    "f1_score": 0.10410087134383533,
    "precision": 0.2302163123829275,
    "recall": 0.06787109375,
    "sigui": 0.3882121663542641,
    "sse": 1834.8575766989352,
    "sc": 0.14669993125744624,
    "ch": 120.31537142136145,
    "db": 1.4774876239975003,
    "bic": -7787.713782034206,
    "xb": 850.0797066631775
}