{
    "dataset": "blobs-P10-K16-N128-dt0.30-S2",
    "algorithm": "kmeans",
    "k": 16,
    "n": 128,
    "d": 10,
    "k_true": 16,
    "rand_score": 0.9757627952755905,
    "adjusted_rand_score": 0.7795857597194936,
    "accuracy": 0.84375,
    "f1_score": 0.8277052910324969,
    "precision": 0.8476934523809524,
    "recall": 0.84375,
    "sigui": 0.3724722154285278,
    "sse": 367.8026569515105,
    "sc": 0.24103739958288684,
    "ch": 18.518282470319388,
    "db": 1.3134264516930099,
    "bic": -1798.5668581834484,
    "xb": 99.66648845359735
}