{
    "dataset": "blobs-P5-K16-N64-dt0.60-S5",
    "algorithm": "kmeans",
    "k": 20,
    "n": 64,
    "d": 5,
    "k_true": 16,
    "rand_score": 0.9464285714285714,
    "adjusted_rand_score": 0.3786301369863014,
    "accuracy": 0.59375,
    "f1_score": 0.5178174603174603,
    "precision": 0.6041666666666666,
    "recall": 0.475,
    "sigui": 0.22997660159774336,
    "sse": 36.11894894144577,
    "sc": 0.2945382023950629,
    "ch": 18.201214849456655,
    "db": 0.8673116223885973,
    "bic": -551.3044725350863,
    "xb": 31.23653294884491
}