{
    "dataset": "blobs-P10-K4-N128-dt0.90-S8",
    "algorithm": "kmeans",
    "k": 25,
    "n": 128,
    "d": 10,
    "k_true": 4,
    "rand_score": 0.7415108267716536,
    "adjusted_rand_score": 0.03579623680587425,
    "accuracy": 0.1796875,
    "f1_score": 0.04375415282392026,
    "precision": 0.09263636363636364,
    "recall": 0.02875,
    "sigui": 0.42036189245789507,
    "sse": 536.5756395312458,
    "sc": 0.07061199306942378,
    "ch": 5.946094663930316,
    "db": 1.4937843617243909,
    "bic": -2329.2693577549285,
    "xb": 130.89774877456637
}