{
    "dataset": "blobs-P2-K32-N64-dt0.50-S4",
    "algorithm": "kmeans",
    "k": 4,
    "n": 64,
    "d": 2,
    "k_true": 32,
    "rand_score": 0.751984126984127,
    "adjusted_rand_score": 0.08610885458976442,
    "accuracy": 0.125,
    "f1_score": 0.03023538961038961,
    "precision": 0.017424242424242425,
    "recall": 0.125,
    "sigui": 0.2213352138292874,
    "sse": 25.896788718084682,
    "sc": 0.5254383579636942,
    "ch": 78.85395551813173,
    "db": 0.5814540811538973,
    "bic": -189.847780666142,
    "xb": 9.8989243834348
}