{
    "dataset": "blobs-P5-K8-N1024-dt0.50-S4",
    "algorithm": "kmeans",
    "k": 32,
    "n": 1024,
    "d": 5,
    "k_true": 8,
    "rand_score": 0.8730659671309873,
    "adjusted_rand_score": 0.14612260335268207,
    "accuracy": 0.2177734375,
    "f1_score": 0.08523946396719947,
    "precision": 0.20258469166915322,
    "recall": 0.054443359375,
    "sigui": 0.34738084908571465,
    "sse": 1320.7409811931586,
    "sc": 0.14452988963639615,
    "ch": 92.05157584493725,
    "db": 1.4514226075059793,
    "bic": -7975.538248652406,
    "xb": 702.631279252804
}