{
    "dataset": "blobs-P5-K8-N128-dt0.10-S0",
    "algorithm": "kmeans",
    "k": 25,
    "n": 128,
    "d": 5,
    "k_true": 8,
    "rand_score": 0.9267962598425197,
    "adjusted_rand_score": 0.5196885428253615,
    "accuracy": 0.515625,
    "f1_score": 0.2153365706757011,
    "precision": 0.32,
    "recall": 0.165,
    "sigui": 0.041857512378290385,
    "sse": 1.834530150462289,
    "sc": 0.21546861920075533,
    "ch": 1492.912762475326,
    "db": 1.1270008202518333,
    "bic": 203.2087629271375,
    "xb": 216.22492740065343
}