{
    "dataset": "blobs-P2-K2-N64-dt0.70-S6",
    "algorithm": "kmeans",
    "k": 32,
    "n": 64,
    "d": 2,
    "k_true": 2,
    "rand_score": 0.5228174603174603,
    "adjusted_rand_score": 0.03107913669064748,
    "accuracy": 0.125,
    "f1_score": 0.013803088803088804,
    "precision": 0.0625,
    "recall": 0.0078125,
    "sigui": 0.06024438010015949,
    "sse": 1.2491609850520315,
    "sc": 0.3554192765796378,
    "ch": 104.74196466511938,
    "db": 0.3781936228002727,
    "bic": -308.98713385390033,
    "xb": 37.60019747806866
}