{
    "dataset": "blobs-P10-K8-N128-dt0.30-S2",
    "algorithm": "kmeans",
    "k": 2,
    "n": 128,
    "d": 10,
    "k_true": 8,
    "rand_score": 0.5880905511811023,
    "adjusted_rand_score": 0.17119666916167664,
    "accuracy": 0.25,
    "f1_score": 0.1,
    "precision": 0.0625,
    "recall": 0.25,
    "sigui": 0.5439682485298973,
    "sse": 1030.7113324549043,
    "sc": 0.17750336484969537,
    "ch": 30.47446081326202,
    "db": 1.9895854703008893,
    "bic": -1819.784466963434,
    "xb": 125.26751185273683
}