{
    "dataset": "blobs-P2-K2-N1024-dt0.90-S8",
    "algorithm": "kmeans",
    "k": 32,
    "n": 1024,
    "d": 2,
    "k_true": 2,
    "rand_score": 0.508587640518084,
    "adjusted_rand_score": 0.01629040607884853,
    "accuracy": 0.087890625,
    "f1_score": 0.009742574301957397,
    "precision": 0.04304891557835821,
    "recall": 0.0054931640625,
    "sigui": 0.14812234477369662,
    "sse": 100.10129351707963,
    "sc": 0.34823325175416975,
    "ch": 622.6968345500756,
    "db": 0.8094888782766119,
    "bic": -3531.3839491169583,
    "xb": 323.5364916646174
}