{
    "dataset": "blobs-P10-K2-N64-dt0.30-S2",
    "algorithm": "kmeans",
    "k": 20,
    "n": 64,
    "d": 10,
    "k_true": 2,
    "rand_score": 0.5381944444444444,
    "adjusted_rand_score": 0.06363447692332252,
    "accuracy": 0.234375,
    "f1_score": 0.035904707884288144,
    "precision": 0.07727272727272727,
    "recall": 0.0234375,
    "sigui": 0.34799720336979223,
    "sse": 199.06956578986643,
    "sc": 0.07803596776290744,
    "ch": 5.129373011486291,
    "db": 1.1381223717115705,
    "bic": -1184.8561696879801,
    "xb": 51.35507157164283
}