{
    "dataset": "blobs-P2-K4-N1024-dt1.00-S9",
    "algorithm": "kmeans",
    "k": 8,
    "n": 1024,
    "d": 2,
    "k_true": 4,
    "rand_score": 0.7378249480694037,
    "adjusted_rand_score": 0.16727674523612246,
    "accuracy": 0.3623046875,
    "f1_score": 0.22655444034437366,
    "precision": 0.30665310895843684,
    "recall": 0.18115234375,
    "sigui": 0.27107859207658874,
    "sse": 346.80440080336757,
    "sc": 0.3359174079356666,
    "ch": 711.9759416382129,
    "db": 0.8457482294151828,
    "bic": -3273.8652198747086,
    "xb": 275.62527930741794
}