{
    "dataset": "blobs-P10-K32-N128-dt0.80-S7",
    "algorithm": "kmeans",
    "k": 2,
    "n": 128,
    "d": 10,
    "k_true": 32,
    "rand_score": 0.4812992125984252,
    "adjusted_rand_score": 0.014358506126295948,
    "accuracy": 0.0625,
    "f1_score": 0.007783882783882784,
    "precision": 0.004166666666666667,
    "recall": 0.0625,
    "sigui": 0.5601248020192074,
    "sse": 1141.4047026705455,
    "sc": 0.10116736922256522,
    "ch": 15.299575534123038,
    "db": 2.718411077163519,
    "bic": -1881.028455961919,
    "xb": 223.83977227962131
}