{
    "dataset": "blobs-P2-K4-N64-dt0.60-S5",
    "algorithm": "kmeans",
    "k": 25,
    "n": 64,
    "d": 2,
    "k_true": 4,
    "rand_score": 0.7703373015873016,
    "adjusted_rand_score": 0.11729459827507943,
    "accuracy": 0.265625,
    "f1_score": 0.06421750027242018,
    "precision": 0.142,
    "recall": 0.0425,
    "sigui": 0.10200975029025794,
    "sse": 3.1981792076833906,
    "sc": 0.3325941275453734,
    "ch": 63.4120059001995,
    "db": 0.521235144451729,
    "bic": -301.47020555282063,
    "xb": 31.949693982525215
}