{
    "dataset": "blobs-P10-K16-N128-dt0.20-S1",
    "algorithm": "kmeans",
    "k": 16,
    "n": 128,
    "d": 10,
    "k_true": 16,
    "rand_score": 0.9912647637795275,
    "adjusted_rand_score": 0.9208764401856776,
    "accuracy": 0.9296875,
    "f1_score": 0.9125,
    "precision": 0.90625,
    "recall": 0.9296875,
    "sigui": 0.28462140245470363,
    "sse": 187.18425006770252,
    "sc": 0.4248336454766505,
    "ch": 43.59176015010104,
    "db": 0.8021369504329505,
    "bic": -1365.0812042298219,
    "xb": 85.84245549451722
}