{
    "dataset": "blobs-P5-K16-N128-dt0.10-S0",
    "algorithm": "kmeans",
    "k": 2,
    "n": 128,
    "d": 5,
    "k_true": 16,
    "rand_score": 0.4881889763779528,
    "adjusted_rand_score": 0.0853185595567867,
    "accuracy": 0.125,
    "f1_score": 0.03125,
    "precision": 0.01818181818181818,
    "recall": 0.125,
    "sigui": 0.49953706443794654,
    "sse": 397.1944390563914,
    "sc": 0.38828385572647045,
    "ch": 77.02399044552375,
    "db": 1.1516045676035116,
    "bic": -864.1178547218612,
    "xb": 43.52138224533987
}