{
    "dataset": "blobs-P5-K8-N64-dt0.90-S8",
    "algorithm": "kmeans",
    "k": 20,
    "n": 64,
    "d": 5,
    "k_true": 8,
    "rand_score": 0.8586309523809523,
    "adjusted_rand_score": 0.09523809523809523,
    "accuracy": 0.296875,
    "f1_score": 0.1517965367965368,
    "precision": 0.23392857142857143,
    "recall": 0.11875,
    "sigui": 0.280691420192351,
    "sse": 65.38330851864565,
    "sc": 0.1580713830289024,
    "ch": 9.018183192560082,
    "db": 0.8783417679486909,
    "bic": -636.4943039993448,
    "xb": 37.339975789911676
}