{
    "dataset": "blobs-P5-K32-N128-dt0.50-S4",
    "algorithm": "kmeans",
    "k": 20,
    "n": 128,
    "d": 5,
    "k_true": 32,
    "rand_score": 0.9611220472440944,
    "adjusted_rand_score": 0.4646354152770737,
    "accuracy": 0.578125,
    "f1_score": 0.46590059246309246,
    "precision": 0.41799806096681097,
    "recall": 0.578125,
    "sigui": 0.26366684322562817,
    "sse": 91.43867962356472,
    "sc": 0.2902221933233905,
    "ch": 34.10086458433335,
    "db": 1.0575605230504823,
    "bic": -953.2755828036604,
    "xb": 84.35354418283683
}