{
    "dataset": "blobs-P2-K4-N128-dt0.60-S5",
    "algorithm": "kmeans",
    "k": 20,
    "n": 128,
    "d": 2,
    "k_true": 4,
    "rand_score": 0.7707923228346457,
    "adjusted_rand_score": 0.16040283460431579,
    "accuracy": 0.265625,
    "f1_score": 0.07974253372462946,
    "precision": 0.16551226551226553,
    "recall": 0.053125,
    "sigui": 0.13042632066115956,
    "sse": 9.89807284572095,
    "sc": 0.38059652662591936,
    "ch": 141.3300535044772,
    "db": 0.7083611154750832,
    "bic": -459.1598728450302,
    "xb": 43.554138151639684
}