{
    "dataset": "blobs-P5-K16-N64-dt0.60-S5",
    "algorithm": "kmeans",
    "k": 8,
    "n": 64,
    "d": 5,
    "k_true": 16,
    "rand_score": 0.9112103174603174,
    "adjusted_rand_score": 0.43002274450341166,
    "accuracy": 0.5,
    "f1_score": 0.3450091575091575,
    "precision": 0.27342171717171715,
    "recall": 0.5,
    "sigui": 0.3646700434728084,
    "sse": 92.73505927580591,
    "sc": 0.2695183398115768,
    "ch": 19.605525030034574,
    "db": 1.120428862887323,
    "bic": -487.85511047302066,
    "xb": 31.926650730610003
}