{
    "dataset": "blobs-P5-K16-N1024-dt0.60-S5",
    "algorithm": "kmeans",
    "k": 10,
    "n": 1024,
    "d": 5,
    "k_true": 16,
    "rand_score": 0.9292140151515151,
    "adjusted_rand_score": 0.5396654926474882,
    "accuracy": 0.599609375,
    "f1_score": 0.4728305359292907,
    "precision": 0.3997265595274805,
    "recall": 0.599609375,
    "sigui": 0.3722889767111141,
    "sse": 1497.0582237105993,
    "sc": 0.26822279646789193,
    "ch": 272.6579147003481,
    "db": 1.2030552363325147,
    "bic": -6652.175204885452,
    "xb": 564.5205442776494
}