{
    "dataset": "blobs-P5-K16-N128-dt0.40-S3",
    "algorithm": "kmeans",
    "k": 20,
    "n": 128,
    "d": 5,
    "k_true": 16,
    "rand_score": 0.969242125984252,
    "adjusted_rand_score": 0.6950926726207625,
    "accuracy": 0.7578125,
    "f1_score": 0.6236308626014508,
    "precision": 0.6662851037851037,
    "recall": 0.60625,
    "sigui": 0.24927424391502756,
    "sse": 76.41542077242069,
    "sc": 0.3025050719098032,
    "ch": 41.922603649011876,
    "db": 1.040866088378784,
    "bic": -894.8322906864041,
    "xb": 141.60406591306162
}