{
    "dataset": "blobs-P10-K8-N128-dt0.90-S8",
    "algorithm": "kmeans",
    "k": 50,
    "n": 128,
    "d": 10,
    "k_true": 8,
    "rand_score": 0.8710629921259843,
    "adjusted_rand_score": 0.05429947846352797,
    "accuracy": 0.1953125,
    "f1_score": 0.04757277977552577,
    "precision": 0.11051587301587301,
    "recall": 0.03125,
    "sigui": 0.3129661279551911,
    "sse": 315.1329940479167,
    "sc": 0.05200822254887548,
    "ch": 4.873849368927341,
    "db": 1.0385638454906079,
    "bic": -2790.5097933785496,
    "xb": 69.18108179529631
}