{
    "dataset": "blobs-P5-K4-N64-dt0.40-S3",
    "algorithm": "kmeans",
    "k": 10,
    "n": 64,
    "d": 5,
    "k_true": 4,
    "rand_score": 0.8566468253968254,
    "adjusted_rand_score": 0.52737325753446,
    "accuracy": 0.609375,
    "f1_score": 0.29525641025641025,
    "precision": 0.3875,
    "recall": 0.24375,
    "sigui": 0.30387424168311533,
    "sse": 61.80246166638384,
    "sc": 0.2171583194223507,
    "ch": 25.066723690786972,
    "db": 1.1229555638933122,
    "bic": -452.8997294150202,
    "xb": 52.37602582098406
}