{
    "dataset": "blobs-P2-K4-N128-dt0.30-S2",
    "algorithm": "kmeans",
    "k": 50,
    "n": 128,
    "d": 2,
    "k_true": 4,
    "rand_score": 0.7715305118110236,
    "adjusted_rand_score": 0.09820933531658783,
    "accuracy": 0.140625,
    "f1_score": 0.019557452189031137,
    "precision": 0.07666666666666667,
    "recall": 0.01125,
    "sigui": 0.02920131948051584,
    "sse": 0.4947032277766922,
    "sc": 0.3692198336599777,
    "ch": 822.154969836744,
    "db": 0.5189325865586512,
    "bic": -423.12206488509594,
    "xb": 135.70170370504616
}