{
    "dataset": "blobs-P5-K2-N64-dt0.50-S4",
    "algorithm": "kmeans",
    "k": 2,
    "n": 64,
    "d": 5,
    "k_true": 2,
    "rand_score": 0.6904761904761905,
    "adjusted_rand_score": 0.38095238095238093,
    "accuracy": 0.8125,
    "f1_score": 0.8117647058823529,
    "precision": 0.8174603174603174,
    "recall": 0.8125,
    "sigui": 0.5013122838612869,
    "sse": 239.9051515487819,
    "sc": 0.2304022941804088,
    "ch": 20.699349605111617,
    "db": 1.6453061805816336,
    "bic": -476.86115373052746,
    "xb": 43.8627672239795
}