{
    "dataset": "blobs-P5-K2-N64-dt0.40-S3",
    "algorithm": "kmeans",
    "k": 16,
    "n": 64,
    "d": 5,
    "k_true": 2,
    "rand_score": 0.5426587301587301,
    "adjusted_rand_score": 0.07258270532635075,
    "accuracy": 0.203125,
    "f1_score": 0.0407285803627267,
    "precision": 0.10416666666666666,
    "recall": 0.025390625,
    "sigui": 0.3261884490941837,
    "sse": 83.16125084156836,
    "sc": 0.1679279629252246,
    "ch": 9.11342710261581,
    "db": 1.0592146500861892,
    "bic": -611.7568421277479,
    "xb": 37.112401325689724
}