{
    "dataset": "blobs-P5-K32-N64-dt1.00-S9",
    "algorithm": "kmeans",
    "k": 25,
    "n": 64,
    "d": 5,
    "k_true": 32,
    "rand_score": 0.9484126984126984,
    "adjusted_rand_score": 0.0977692095841366,
    "accuracy": 0.46875,
    "f1_score": 0.43497023809523805,
    "precision": 0.4736979166666666,
    "recall": 0.46875,
    "sigui": 0.24943000310381505,
    "sse": 47.80640261256259,
    "sc": 0.15163023447971496,
    "ch": 9.252204131300898,
    "db": 0.8207319871059046,
    "bic": -672.3436016815991,
    "xb": 36.16897495501725
}