{
    "dataset": "blobs-P10-K8-N64-dt0.10-S0",
    "algorithm": "kmeans",
    "k": 10,
    "n": 64,
    "d": 10,
    "k_true": 8,
    "rand_score": 0.9851190476190477,
    "adjusted_rand_score": 0.919976289270895,
    "accuracy": 0.90625,
    "f1_score": 0.7538461538461538,
    "precision": 0.8,
    "recall": 0.725,
    "sigui": 0.23945434178343558,
    "sse": 65.49530713777538,
    "sc": 0.4660728867367001,
    "ch": 52.63015485861008,
    "db": 0.8595380673859818,
    "bic": -555.4594945184863,
    "xb": 70.25420476327241
}