{
    "dataset": "blobs-P10-K2-N64-dt0.90-S8",
    "algorithm": "kmeans",
    "k": 10,
    "n": 64,
    "d": 10,
    "k_true": 2,
    "rand_score": 0.5104166666666666,
    "adjusted_rand_score": 0.008862393802700161,
    "accuracy": 0.234375,
    "f1_score": 0.07065337763012182,
    "precision": 0.14363636363636365,
    "recall": 0.046875,
    "sigui": 0.45917897412633746,
    "sse": 348.7995529130101,
    "sc": 0.08404388047333278,
    "ch": 5.009188423351245,
    "db": 1.5014048674790499,
    "bic": -1081.2708364346543,
    "xb": 64.70511463749725
}