{
    "dataset": "blobs-P2-K4-N128-dt0.30-S2",
    "algorithm": "kmeans",
    "k": 10,
    "n": 128,
    "d": 2,
    "k_true": 4,
    "rand_score": 0.8506397637795275,
    "adjusted_rand_score": 0.5046458129851437,
    "accuracy": 0.5078125,
    "f1_score": 0.2667210884353741,
    "precision": 0.3888888888888889,
    "recall": 0.203125,
    "sigui": 0.11026129777936997,
    "sse": 6.397432564055653,
    "sc": 0.3177572430161644,
    "ch": 511.5438048785977,
    "db": 0.9535362662961999,
    "bic": -242.33243331663226,
    "xb": 52.82787412158157
}