{
    "dataset": "blobs-P2-K32-N128-dt0.90-S8",
    "algorithm": "kmeans",
    "k": 2,
    "n": 128,
    "d": 2,
    "k_true": 32,
    "rand_score": 0.5255905511811023,
    "adjusted_rand_score": 0.044911651129227285,
    "accuracy": 0.0625,
    "f1_score": 0.007359307359307359,
    "precision": 0.0039100684261974585,
    "recall": 0.0625,
    "sigui": 0.4625037522388705,
    "sse": 162.15204338213613,
    "sc": 0.3428693189846488,
    "ch": 72.9244127129734,
    "db": 1.2364979310715547,
    "bic": -408.0301686387366,
    "xb": 48.05184425887333
}