{
    "dataset": "blobs-P5-K8-N128-dt1.00-S9",
    "algorithm": "kmeans",
    "k": 25,
    "n": 128,
    "d": 5,
    "k_true": 8,
    "rand_score": 0.8630659448818898,
    "adjusted_rand_score": 0.0925834387217297,
    "accuracy": 0.2578125,
    "f1_score": 0.11110232762406674,
    "precision": 0.179004329004329,
    "recall": 0.0825,
    "sigui": 0.3118153957626547,
    "sse": 140.7667951179741,
    "sc": 0.16858551796620047,
    "ch": 15.220510650183764,
    "db": 1.0896154926922608,
    "bic": -1189.0541279035124,
    "xb": 87.96229931807265
}