{
    "dataset": "blobs-P10-K16-N128-dt1.00-S9",
    "algorithm": "kmeans",
    "k": 8,
    "n": 128,
    "d": 10,
    "k_true": 16,
    "rand_score": 0.843996062992126,
    "adjusted_rand_score": 0.0838358782968846,
    "accuracy": 0.28125,
    "f1_score": 0.18935517533689,
    "precision": 0.14930109519104084,
    "recall": 0.28125,
    "sigui": 0.500644670042389,
    "sse": 819.2078277370892,
    "sc": 0.09248091676200176,
    "ch": 9.642601198611887,
    "db": 1.933506838089012,
    "bic": -2005.5702119815496,
    "xb": 136.34206977352284
}