{
    "dataset": "blobs-P2-K8-N128-dt0.80-S7",
    "algorithm": "kmeans",
    "k": 3,
    "n": 128,
    "d": 2,
    "k_true": 8,
    "rand_score": 0.7146899606299213,
    "adjusted_rand_score": 0.3261697702672094,
    "accuracy": 0.375,
    "f1_score": 0.2371713729308666,
    "precision": 0.19756235827664398,
    "recall": 0.375,
    "sigui": 0.35392387365389044,
    "sse": 81.09362129600586,
    "sc": 0.46273629980142233,
    "ch": 134.80281795650984,
    "db": 0.8403713865750273,
    "bic": -362.95452618676313,
    "xb": 29.09499417393347
}