{
    "dataset": "blobs-P10-K8-N1024-dt1.00-S9",
    "algorithm": "kmeans",
    "k": 25,
    "n": 1024,
    "d": 10,
    "k_true": 8,
    "rand_score": 0.8494700024437928,
    "adjusted_rand_score": 0.024599952822306474,
    "accuracy": 0.1220703125,
    "f1_score": 0.0575203263745601,
    "precision": 0.10998064831792984,
    "recall": 0.0390625,
    "sigui": 0.47974539758753265,
    "sse": 5758.641219307104,
    "sc": 0.07488719618669493,
    "ch": 32.392460676476425,
    "db": 1.9582476210864785,
    "bic": -15819.529095347392,
    "xb": 1455.5382977507593
}