{
    "dataset": "blobs-P2-K32-N128-dt1.00-S9",
    "algorithm": "kmeans",
    "k": 10,
    "n": 128,
    "d": 2,
    "k_true": 32,
    "rand_score": 0.906619094488189,
    "adjusted_rand_score": 0.29283466242141015,
    "accuracy": 0.3125,
    "f1_score": 0.16829281829281828,
    "precision": 0.12445887445887446,
    "recall": 0.3125,
    "sigui": 0.1565499039330959,
    "sse": 16.552333915913795,
    "sc": 0.445668242097733,
    "ch": 189.66660359034748,
    "db": 0.7156841601054181,
    "bic": -367.4078792975589,
    "xb": 37.70516536661128
}