{
    "dataset": "blobs-P2-K8-N1024-dt0.10-S0",
    "algorithm": "kmeans",
    "k": 4,
    "n": 1024,
    "d": 2,
    "k_true": 8,
    "rand_score": 0.8435972629521017,
    "adjusted_rand_score": 0.5331751391804326,
    "accuracy": 0.5,
    "f1_score": 0.35416666666666663,
    "precision": 0.29166666666666663,
    "recall": 0.5,
    "sigui": 0.22082017165275872,
    "sse": 195.81782750535822,
    "sc": 0.6616399866204887,
    "ch": 3215.958151874329,
    "db": 0.503601833177652,
    "bic": -1896.3998114311198,
    "xb": 192.37112248311814
}