{
    "dataset": "blobs-P10-K2-N64-dt0.10-S0",
    "algorithm": "kmeans",
    "k": 4,
    "n": 64,
    "d": 10,
    "k_true": 2,
    "rand_score": 0.75,
    "adjusted_rand_score": 0.4958719674838054,
    "accuracy": 0.5625,
    "f1_score": 0.36,
    "precision": 0.5,
    "recall": 0.28125,
    "sigui": 0.4247326467422053,
    "sse": 263.74581360254706,
    "sc": 0.13485535749221722,
    "ch": 28.531576009350502,
    "db": 2.0286251893150085,
    "bic": -804.815588098811,
    "xb": 82.10658260296448
}