{
    "dataset": "blobs-P2-K16-N128-dt0.60-S5",
    "algorithm": "kmeans",
    "k": 2,
    "n": 128,
    "d": 2,
    "k_true": 16,
    "rand_score": 0.5404773622047244,
    "adjusted_rand_score": 0.09852048233986145,
    "accuracy": 0.125,
    "f1_score": 0.02844163539403516,
    "precision": 0.01610062893081761,
    "recall": 0.125,
    "sigui": 0.3794320664718016,
    "sse": 144.80279520828338,
    "sc": 0.43501745727283325,
    "ch": 96.75813083306289,
    "db": 0.9894759164915468,
    "bic": -391.7079422512261,
    "xb": 36.362352931125564
}