{
    "dataset": "blobs-P5-K8-N128-dt0.60-S5",
    "algorithm": "kmeans",
    "k": 3,
    "n": 128,
    "d": 5,
    "k_true": 8,
    "rand_score": 0.702878937007874,
    "adjusted_rand_score": 0.25354663006257255,
    "accuracy": 0.359375,
    "f1_score": 0.20510099649878805,
    "precision": 0.14702117406102228,
    "recall": 0.359375,
    "sigui": 0.49960653855427284,
    "sse": 421.0406440149401,
    "sc": 0.20043350609304236,
    "ch": 32.502704771135235,
    "db": 1.571609128884979,
    "bic": -951.5743291539056,
    "xb": 87.1385677065162
}