{
    "dataset": "blobs-P5-K32-N64-dt0.70-S6",
    "algorithm": "kmeans",
    "k": 25,
    "n": 64,
    "d": 5,
    "k_true": 32,
    "rand_score": 0.9737103174603174,
    "adjusted_rand_score": 0.43010752688172044,
    "accuracy": 0.671875,
    "f1_score": 0.590625,
    "precision": 0.5677083333333333,
    "recall": 0.671875,
    "sigui": 0.228592733105312,
    "sse": 34.20577696149578,
    "sc": 0.2547480188690917,
    "ch": 13.577110467636668,
    "db": 0.8232823949594649,
    "bic": -625.625542218346,
    "xb": 29.023090121178406
}