{
    "dataset": "blobs-P2-K8-N128-dt0.30-S2",
    "algorithm": "kmeans",
    "k": 10,
    "n": 128,
    "d": 2,
    "k_true": 8,
    "rand_score": 0.984005905511811,
    "adjusted_rand_score": 0.9196726575651717,
    "accuracy": 0.921875,
    "f1_score": 0.7603221398549541,
    "precision": 0.7941176470588236,
    "recall": 0.7375,
    "sigui": 0.08979508722235297,
    "sse": 4.483080149266369,
    "sc": 0.5727185601266684,
    "ch": 735.5804876758764,
    "db": 0.6545696948685168,
    "bic": -203.1102008187986,
    "xb": 43.35656127704893
}