{
    "dataset": "blobs-P5-K16-N128-dt0.80-S7",
    "algorithm": "kmeans",
    "k": 20,
    "n": 128,
    "d": 5,
    "k_true": 16,
    "rand_score": 0.9789616141732284,
    "adjusted_rand_score": 0.7851482503784168,
    "accuracy": 0.8359375,
    "f1_score": 0.7016824017056216,
    "precision": 0.7599747474747475,
    "recall": 0.66875,
    "sigui": 0.23449310039489216,
    "sse": 66.19977629063716,
    "sc": 0.32508699256294815,
    "ch": 49.26906787859363,
    "db": 1.005553922132599,
    "bic": -853.6231605152499,
    "xb": 91.06946656932995
}