{
    "dataset": "blobs-P5-K16-N64-dt0.20-S1",
    "algorithm": "kmeans",
    "k": 16,
    "n": 64,
    "d": 5,
    "k_true": 16,
    "rand_score": 0.9890873015873016,
    "adjusted_rand_score": 0.8853598014888338,
    "accuracy": 0.921875,
    "f1_score": 0.9045815295815296,
    "precision": 0.8982142857142856,
    "recall": 0.921875,
    "sigui": 0.16555026979352044,
    "sse": 15.738462539723356,
    "sc": 0.5598878050155179,
    "ch": 61.86353447266266,
    "db": 0.5384789320604836,
    "bic": -352.4236909697068,
    "xb": 45.49319856539958
}