{
    "dataset": "blobs-P5-K32-N1024-dt0.40-S3",
    "algorithm": "kmeans",
    "k": 4,
    "n": 1024,
    "d": 5,
    "k_true": 32,
    "rand_score": 0.7581294293743891,
    "adjusted_rand_score": 0.1326819067298177,
    "accuracy": 0.125,
    "f1_score": 0.02920022642006964,
    "precision": 0.016659926691237885,
    "recall": 0.125,
    "sigui": 0.458446746357365,
    "sse": 2803.770942554417,
    "sc": 0.24617876104663763,
    "ch": 280.8781086853043,
    "db": 1.4118480375985323,
    "bic": -7194.587080184966,
    "xb": 576.2249708486147
}