{
    "dataset": "blobs-P5-K8-N128-dt0.90-S8",
    "algorithm": "kmeans",
    "k": 25,
    "n": 128,
    "d": 5,
    "k_true": 8,
    "rand_score": 0.8667568897637795,
    "adjusted_rand_score": 0.09564262560245122,
    "accuracy": 0.25,
    "f1_score": 0.11395113871635612,
    "precision": 0.205968253968254,
    "recall": 0.08,
    "sigui": 0.3030376754299177,
    "sse": 132.3782665368699,
    "sc": 0.17509571946448207,
    "ch": 16.456955735800488,
    "db": 1.1291164169644627,
    "bic": -1175.8093343948487,
    "xb": 86.4414383286233
}