{
    "dataset": "blobs-P2-K8-N1024-dt0.30-S2",
    "algorithm": "kmeans",
    "k": 8,
    "n": 1024,
    "d": 2,
    "k_true": 8,
    "rand_score": 0.9761462915444771,
    "adjusted_rand_score": 0.8903465843743993,
    "accuracy": 0.94921875,
    "f1_score": 0.9493084011341557,
    "precision": 0.9497540763128145,
    "recall": 0.94921875,
    "sigui": 0.1221923593344224,
    "sse": 54.301506669729775,
    "sc": 0.5894536158962914,
    "ch": 5328.969919073615,
    "db": 0.5853703586274084,
    "bic": -1400.963893185083,
    "xb": 151.25796477037716
}