{
    "dataset": "blobs-P10-K8-N128-dt0.90-S8",
    "algorithm": "kmeans",
    "k": 2,
    "n": 128,
    "d": 10,
    "k_true": 8,
    "rand_score": 0.5108267716535433,
    "adjusted_rand_score": 0.041822266751677446,
    "accuracy": 0.203125,
    "f1_score": 0.08120204603580564,
    "precision": 0.051113360323886636,
    "recall": 0.203125,
    "sigui": 0.5614928272686042,
    "sse": 1168.3006203861987,
    "sc": 0.08172741231768765,
    "ch": 12.046661266589584,
    "db": 3.0888636243885905,
    "bic": -1897.7137688667253,
    "xb": 284.59862428548837
}