{
    "dataset": "blobs-P2-K4-N1024-dt0.30-S2",
    "algorithm": "kmeans",
    "k": 50,
    "n": 1024,
    "d": 2,
    "k_true": 4,
    "rand_score": 0.7718623991935484,
    "adjusted_rand_score": 0.12609507776942988,
    "accuracy": 0.146484375,
    "f1_score": 0.02040751642619798,
    "precision": 0.07953488372093023,
    "recall": 0.01171875,
    "sigui": 0.05909820527555498,
    "sse": 13.787968348410386,
    "sc": 0.34378950100681016,
    "ch": 2932.640431405138,
    "db": 0.807536995352442,
    "bic": -2198.0097732725785,
    "xb": 340.4182720832163
}