{
    "dataset": "blobs-P5-K4-N1024-dt0.90-S8",
    "algorithm": "kmeans",
    "k": 4,
    "n": 1024,
    "d": 5,
    "k_true": 4,
    "rand_score": 0.686696221285435,
    "adjusted_rand_score": 0.16624346681929783,
    "accuracy": 0.5068359375,
    "f1_score": 0.5030577304609768,
    "precision": 0.5023201373957692,
    "recall": 0.5068359375,
    "sigui": 0.49113988521113133,
    "sse": 3429.2287383373723,
    "sc": 0.13679748580387396,
    "ch": 167.63601171848646,
    "db": 1.828904307791804,
    "bic": -7735.513965383682,
    "xb": 979.9851826031862
}