{
    "dataset": "blobs-P2-K32-N128-dt0.80-S7",
    "algorithm": "kmeans",
    "k": 2,
    "n": 128,
    "d": 2,
    "k_true": 32,
    "rand_score": 0.5221456692913385,
    "adjusted_rand_score": 0.04518671653000705,
    "accuracy": 0.0625,
    "f1_score": 0.0074106364428945075,
    "precision": 0.003940886699507389,
    "recall": 0.0625,
    "sigui": 0.463201635045481,
    "sse": 157.86069307697096,
    "sc": 0.3544087826869756,
    "ch": 78.33205613934791,
    "db": 1.165537657272771,
    "bic": -404.09620252192843,
    "xb": 44.783703454617545
}