{
    "dataset": "blobs-P10-K2-N1024-dt0.10-S0",
    "algorithm": "kmeans",
    "k": 2,
    "n": 1024,
    "d": 10,
    "k_true": 2,
    "rand_score": 1.0,
    "adjusted_rand_score": 1.0,
    "accuracy": 1.0,
    "f1_score": 1.0,
    "precision": 1.0,
    "recall": 1.0,
    "sigui": 0.5163922381232133,
    "sse": 7478.417523195847,
    "sc": 0.256630264961039,
    "ch": 377.39766234497944,
    "db": 1.5946623920040859,
    "bic": -13706.853556414622,
    "xb": 663.4994791826759
}