{
    "dataset": "blobs-P2-K8-N64-dt0.20-S1",
    "algorithm": "kmeans",
    "k": 20,
    "n": 64,
    "d": 2,
    "k_true": 8,
    "rand_score": 0.9310515873015873,
    "adjusted_rand_score": 0.5234285714285715,
    "accuracy": 0.546875,
    "f1_score": 0.28205128205128205,
    "precision": 0.4,
    "recall": 0.21875,
    "sigui": 0.04462716455511663,
    "sse": 0.5444618726227108,
    "sc": 0.4570411607692928,
    "ch": 542.1136141936433,
    "db": 0.5377953089950548,
    "bic": -146.80027345944907,
    "xb": 63.776399210832984
}