{
    "dataset": "blobs-P10-K4-N1024-dt0.50-S4",
    "algorithm": "kmeans",
    "k": 3,
    "n": 1024,
    "d": 10,
    "k_true": 4,
    "rand_score": 0.7243535404447703,
    "adjusted_rand_score": 0.33925278672742004,
    "accuracy": 0.6103515625,
    "f1_score": 0.525600235349494,
    "precision": 0.4628854748399036,
    "recall": 0.6103515625,
    "sigui": 0.542199362606532,
    "sse": 8409.545226459826,
    "sc": 0.09885329953161467,
    "ch": 111.11744294472803,
    "db": 2.5476537092819513,
    "bic": -14757.649443300794,
    "xb": 1790.7398949113972
}