{
    "dataset": "blobs-P2-K32-N128-dt0.90-S8",
    "algorithm": "kmeans",
    "k": 25,
    "n": 128,
    "d": 2,
    "k_true": 32,
    "rand_score": 0.9766240157480315,
    "adjusted_rand_score": 0.6303728439692411,
    "accuracy": 0.734375,
    "f1_score": 0.6689669705294705,
    "precision": 0.6484871031746031,
    "recall": 0.734375,
    "sigui": 0.06759200644360558,
    "sse": 2.788651516739495,
    "sc": 0.5089880879293511,
    "ch": 389.6860892743961,
    "db": 0.5677727276618787,
    "bic": -369.48889497459885,
    "xb": 71.43773687463454
}