{
    "dataset": "blobs-P2-K16-N1024-dt0.60-S5",
    "algorithm": "kmeans",
    "k": 20,
    "n": 1024,
    "d": 2,
    "k_true": 16,
    "rand_score": 0.9583810636608016,
    "adjusted_rand_score": 0.6201514364190499,
    "accuracy": 0.6806640625,
    "f1_score": 0.5750946960438791,
    "precision": 0.6283342547621846,
    "recall": 0.54453125,
    "sigui": 0.14144654421247904,
    "sse": 71.28222080059615,
    "sc": 0.402820729584976,
    "ch": 1465.35738913366,
    "db": 0.871340558801317,
    "bic": -2684.507000589909,
    "xb": 422.1850697220025
}