{
    "dataset": "blobs-P5-K32-N1024-dt0.20-S1",
    "algorithm": "kmeans",
    "k": 25,
    "n": 1024,
    "d": 5,
    "k_true": 32,
    "rand_score": 0.9843597262952102,
    "adjusted_rand_score": 0.7870967741935484,
    "accuracy": 0.78125,
    "f1_score": 0.7135416666666666,
    "precision": 0.6822916666666666,
    "recall": 0.78125,
    "sigui": 0.1592240845075936,
    "sse": 247.01327523954282,
    "sc": 0.6180747721961555,
    "ch": 821.1626367912836,
    "db": 0.5417837389792622,
    "bic": -3246.683800829451,
    "xb": 232.52253554493507
}