{
    "dataset": "blobs-P10-K4-N1024-dt1.00-S9",
    "algorithm": "kmeans",
    "k": 25,
    "n": 1024,
    "d": 10,
    "k_true": 4,
    "rand_score": 0.7376149346285436,
    "adjusted_rand_score": 0.026752162338770164,
    "accuracy": 0.1064453125,
    "f1_score": 0.029009980741678456,
    "precision": 0.10035050987512995,
    "recall": 0.01703125,
    "sigui": 0.4779309946850353,
    "sse": 5775.91003848705,
    "sc": 0.07457649388378833,
    "ch": 32.17116322965615,
    "db": 1.9288296880486038,
    "bic": -15829.349721098482,
    "xb": 1167.132934501068
}