{
    "dataset": "blobs-P5-K32-N1024-dt0.30-S2",
    "algorithm": "kmeans",
    "k": 10,
    "n": 1024,
    "d": 5,
    "k_true": 32,
    "rand_score": 0.910022605083089,
    "adjusted_rand_score": 0.36972642366601854,
    "accuracy": 0.3125,
    "f1_score": 0.16899638243491577,
    "precision": 0.12561819811191918,
    "recall": 0.3125,
    "sigui": 0.32278984851072556,
    "sse": 1142.5033996187872,
    "sc": 0.402175351426388,
    "ch": 392.2362802530613,
    "db": 0.9533720802419111,
    "bic": -5883.930668075437,
    "xb": 380.24222068394084
}