{
    "dataset": "blobs-P2-K8-N1024-dt0.50-S4",
    "algorithm": "kmeans",
    "k": 4,
    "n": 1024,
    "d": 2,
    "k_true": 8,
    "rand_score": 0.8340378329667644,
    "adjusted_rand_score": 0.501720446747477,
    "accuracy": 0.5,
    "f1_score": 0.35299841053210546,
    "precision": 0.28967777286251006,
    "recall": 0.5,
    "sigui": 0.26237417720886264,
    "sse": 289.89426045502535,
    "sc": 0.5807792333435438,
    "ch": 2061.979255839834,
    "db": 0.5966589184652726,
    "bic": -2302.7300842430745,
    "xb": 141.09406652732162
}