{
    "dataset": "blobs-P2-K4-N1024-dt0.10-S0",
    "algorithm": "kmeans",
    "k": 10,
    "n": 1024,
    "d": 2,
    "k_true": 4,
    "rand_score": 0.8566238239247311,
    "adjusted_rand_score": 0.5258214251597159,
    "accuracy": 0.474609375,
    "f1_score": 0.25672552505001545,
    "precision": 0.4,
    "recall": 0.18984375,
    "sigui": 0.07443191781013961,
    "sse": 25.809647247057246,
    "sc": 0.3701094912826458,
    "ch": 8832.628799255068,
    "db": 0.9745224021888534,
    "bic": -852.9567190974278,
    "xb": 193.26856011675633
}