{
    "dataset": "blobs-P5-K16-N64-dt0.90-S8",
    "algorithm": "kmeans",
    "k": 25,
    "n": 64,
    "d": 5,
    "k_true": 16,
    "rand_score": 0.9310515873015873,
    "adjusted_rand_score": 0.1325408618127786,
    "accuracy": 0.4375,
    "f1_score": 0.3048888888888889,
    "precision": 0.36266666666666664,
    "recall": 0.28,
    "sigui": 0.22445172839522967,
    "sse": 37.218087486155426,
    "sc": 0.23979700236616477,
    "ch": 12.346701264699108,
    "db": 0.7252306207280728,
    "bic": -636.1222380703434,
    "xb": 23.551605498610083
}