{
    "dataset": "blobs-P5-K8-N1024-dt0.90-S8",
    "algorithm": "kmeans",
    "k": 32,
    "n": 1024,
    "d": 5,
    "k_true": 8,
    "rand_score": 0.8609711021505376,
    "adjusted_rand_score": 0.06736334715917552,
    "accuracy": 0.154296875,
    "f1_score": 0.05962938380787537,
    "precision": 0.13628049204895432,
    "recall": 0.03857421875,
    "sigui": 0.36130630913052264,
    "sse": 1499.9827110581286,
    "sc": 0.14253870631258553,
    "ch": 77.22792562350459,
    "db": 1.402453515897565,
    "bic": -8288.162294126534,
    "xb": 754.0468001061516
}