{
    "dataset": "blobs-P10-K32-N1024-dt0.10-S0",
    "algorithm": "kmeans",
    "k": 3,
    "n": 1024,
    "d": 10,
    "k_true": 32,
    "rand_score": 0.6776656433284457,
    "adjusted_rand_score": 0.1082365889109932,
    "accuracy": 0.09375,
    "f1_score": 0.017064066405656254,
    "precision": 0.009458249665327979,
    "recall": 0.09375,
    "sigui": 0.5383646823132966,
    "sse": 7564.205598341439,
    "sc": 0.17189263519741582,
    "ch": 180.58645078951966,
    "db": 1.9336097844632214,
    "bic": -14186.027738169014,
    "xb": 1026.3154040138215
}