{
    "dataset": "blobs-P10-K4-N64-dt0.80-S7",
    "algorithm": "kmeans",
    "k": 3,
    "n": 64,
    "d": 10,
    "k_true": 4,
    "rand_score": 0.5749007936507936,
    "adjusted_rand_score": 0.024605712427510706,
    "accuracy": 0.375,
    "f1_score": 0.3133758758758759,
    "precision": 0.28808170995670995,
    "recall": 0.375,
    "sigui": 0.5447912609706332,
    "sse": 520.157585869471,
    "sc": 0.08655950309943805,
    "ch": 7.027088963571085,
    "db": 2.463867860683098,
    "bic": -975.7106960178545,
    "xb": 104.48136394226161
}