{
    "dataset": "blobs-P5-K16-N64-dt0.90-S8",
    "algorithm": "kmeans",
    "k": 2,
    "n": 64,
    "d": 5,
    "k_true": 16,
    "rand_score": 0.5257936507936508,
    "adjusted_rand_score": 0.03776840490797546,
    "accuracy": 0.125,
    "f1_score": 0.027777777777777776,
    "precision": 0.015625,
    "recall": 0.125,
    "sigui": 0.5337360104918232,
    "sse": 259.61397908013805,
    "sc": 0.16713263899858463,
    "ch": 14.421154478263881,
    "db": 1.9817620097441377,
    "bic": -489.9948141915224,
    "xb": 61.62384694293719
}