{
    "dataset": "blobs-P10-K32-N64-dt0.70-S6",
    "algorithm": "kmeans",
    "k": 10,
    "n": 64,
    "d": 10,
    "k_true": 32,
    "rand_score": 0.8635912698412699,
    "adjusted_rand_score": 0.0275049115913556,
    "accuracy": 0.234375,
    "f1_score": 0.12787061794414734,
    "precision": 0.11205357142857143,
    "recall": 0.234375,
    "sigui": 0.47775138939437795,
    "sse": 399.7095954892725,
    "sc": 0.00730427238109983,
    "ch": 3.606974772020602,
    "db": 1.8077619556725668,
    "bic": -1123.6302138953868,
    "xb": 79.50222183075098
}