{
    "dataset": "blobs-P2-K16-N128-dt0.70-S6",
    "algorithm": "kmeans",
    "k": 2,
    "n": 128,
    "d": 2,
    "k_true": 16,
    "rand_score": 0.48043799212598426,
    "adjusted_rand_score": 0.08028302097105826,
    "accuracy": 0.125,
    "f1_score": 0.031585874095196316,
    "precision": 0.018438490348602708,
    "recall": 0.125,
    "sigui": 0.39368161148748754,
    "sse": 151.42715887490843,
    "sc": 0.4399498416182105,
    "ch": 87.01330778216725,
    "db": 0.9338372515964035,
    "bic": -389.303167624496,
    "xb": 35.64547832150429
}