{
    "dataset": "blobs-P2-K16-N1024-dt0.20-S1",
    "algorithm": "kmeans",
    "k": 50,
    "n": 1024,
    "d": 2,
    "k_true": 16,
    "rand_score": 0.9599676197458455,
    "adjusted_rand_score": 0.5059732283623428,
    "accuracy": 0.443359375,
    "f1_score": 0.1945985674650192,
    "precision": 0.32,
    "recall": 0.141875,
    "sigui": 0.029629402005244342,
    "sse": 3.0612490199468603,
    "sc": 0.3927073449466646,
    "ch": 13279.790037242168,
    "db": 0.8451896565300868,
    "bic": -690.0754042481872,
    "xb": 260.26462186955956
}