{
    "dataset": "blobs-P5-K16-N1024-dt0.10-S0",
    "algorithm": "kmeans",
    "k": 3,
    "n": 1024,
    "d": 5,
    "k_true": 16,
    "rand_score": 0.6559139784946236,
    "adjusted_rand_score": 0.17542316992745657,
    "accuracy": 0.1875,
    "f1_score": 0.0734126984126984,
    "precision": 0.049479166666666664,
    "recall": 0.1875,
    "sigui": 0.48671707768164063,
    "sse": 3103.2341033615003,
    "sc": 0.318686762785693,
    "ch": 331.7696815456853,
    "db": 1.3513980419003335,
    "bic": -7043.241243725714,
    "xb": 574.4155192747638
}