{
    "dataset": "blobs-P5-K16-N1024-dt0.50-S4",
    "algorithm": "kmeans",
    "k": 3,
    "n": 1024,
    "d": 5,
    "k_true": 16,
    "rand_score": 0.6995910465542522,
    "adjusted_rand_score": 0.17974283355595283,
    "accuracy": 0.1875,
    "f1_score": 0.061030142400017515,
    "precision": 0.03668873415811093,
    "recall": 0.1875,
    "sigui": 0.4784579031432608,
    "sse": 3127.893525825154,
    "sc": 0.24744347571023895,
    "ch": 325.12946705817825,
    "db": 1.4252902422365883,
    "bic": -7168.469283761157,
    "xb": 598.4766490081998
}