{
    "dataset": "blobs-P5-K2-N128-dt0.90-S8",
    "algorithm": "kmeans",
    "k": 20,
    "n": 128,
    "d": 5,
    "k_true": 2,
    "rand_score": 0.5104576771653543,
    "adjusted_rand_score": 0.013982466307251331,
    "accuracy": 0.1328125,
    "f1_score": 0.02295890410958904,
    "precision": 0.08535353535353536,
    "recall": 0.01328125,
    "sigui": 0.35219527360362507,
    "sse": 176.94118020179147,
    "sc": 0.16186250114852307,
    "ch": 14.87569945446591,
    "db": 1.1644063895143864,
    "bic": -1158.758266630667,
    "xb": 76.69505074843438
}