{
    "dataset": "blobs-P10-K2-N128-dt0.90-S8",
    "algorithm": "kmeans",
    "k": 25,
    "n": 128,
    "d": 10,
    "k_true": 2,
    "rand_score": 0.5135334645669292,
    "adjusted_rand_score": 0.019969164113273093,
    "accuracy": 0.125,
    "f1_score": 0.01750750750750751,
    "precision": 0.071,
    "recall": 0.01,
    "sigui": 0.4180192933394389,
    "sse": 541.5784297133381,
    "sc": 0.06733765122301277,
    "ch": 5.851524110412472,
    "db": 1.5327452165701683,
    "bic": -2345.213536283434,
    "xb": 115.4069111053653
}