{
    "dataset": "blobs-P2-K4-N128-dt0.30-S2",
    "algorithm": "kmeans",
    "k": 20,
    "n": 128,
    "d": 2,
    "k_true": 4,
    "rand_score": 0.8047490157480315,
    "adjusted_rand_score": 0.28643349513016325,
    "accuracy": 0.359375,
    "f1_score": 0.10414078674948239,
    "precision": 0.19285714285714287,
    "recall": 0.071875,
    "sigui": 0.06496599520781268,
    "sse": 2.8321956407451534,
    "sc": 0.3682378047913667,
    "ch": 508.10723587037063,
    "db": 0.7298105925441274,
    "bic": -297.4864519007687,
    "xb": 66.52891641825029
}