{
    "dataset": "blobs-P10-K2-N128-dt0.80-S7",
    "algorithm": "kmeans",
    "k": 16,
    "n": 128,
    "d": 10,
    "k_true": 2,
    "rand_score": 0.5196850393700787,
    "adjusted_rand_score": 0.032973548606045476,
    "accuracy": 0.1953125,
    "f1_score": 0.04000904159132007,
    "precision": 0.11121794871794871,
    "recall": 0.0244140625,
    "sigui": 0.4698180076612377,
    "sse": 702.3780174951368,
    "sc": 0.06636274193080774,
    "ch": 6.1404410378387775,
    "db": 1.7481612809301024,
    "bic": -2192.939657096044,
    "xb": 187.86851621004982
}