{
    "dataset": "blobs-P10-K32-N64-dt0.80-S7",
    "algorithm": "kmeans",
    "k": 8,
    "n": 64,
    "d": 10,
    "k_true": 32,
    "rand_score": 0.8621031746031746,
    "adjusted_rand_score": 0.039907904834996163,
    "accuracy": 0.21875,
    "f1_score": 0.09146062271062272,
    "precision": 0.06048951048951049,
    "recall": 0.21875,
    "sigui": 0.48636421702764665,
    "sse": 382.6034616107755,
    "sc": 0.08595880152419386,
    "ch": 5.382001246001799,
    "db": 1.8661682863729714,
    "bic": -1056.7629453539662,
    "xb": 81.344823447795
}