{
    "dataset": "blobs-P10-K8-N128-dt0.40-S3",
    "algorithm": "kmeans",
    "k": 16,
    "n": 128,
    "d": 10,
    "k_true": 8,
    "rand_score": 0.9106791338582677,
    "adjusted_rand_score": 0.46805515490682514,
    "accuracy": 0.5546875,
    "f1_score": 0.3348698022020735,
    "precision": 0.4354490995115995,
    "recall": 0.27734375,
    "sigui": 0.4188288854752191,
    "sse": 508.3636129408933,
    "sc": 0.11242196612395872,
    "ch": 11.333524948236636,
    "db": 1.684824847627902,
    "bic": -2001.6029590225842,
    "xb": 125.51494425678457
}