{
    "dataset": "blobs-P10-K2-N1024-dt0.40-S3",
    "algorithm": "kmeans",
    "k": 3,
    "n": 1024,
    "d": 10,
    "k_true": 2,
    "rand_score": 0.7157086235337243,
    "adjusted_rand_score": 0.43124540303902753,
    "accuracy": 0.6552734375,
    "f1_score": 0.5072237286396785,
    "precision": 0.6205142733797421,
    "recall": 0.4368489583333333,
    "sigui": 0.5420565324251255,
    "sse": 8225.685764467937,
    "sc": 0.09479592737344524,
    "ch": 125.0117554552159,
    "db": 2.7494439651948355,
    "bic": -14628.885162202228,
    "xb": 2173.6626858553213
}