{
    "dataset": "blobs-P5-K32-N1024-dt0.10-S0",
    "algorithm": "kmeans",
    "k": 10,
    "n": 1024,
    "d": 5,
    "k_true": 32,
    "rand_score": 0.906158357771261,
    "adjusted_rand_score": 0.36129032258064514,
    "accuracy": 0.3125,
    "f1_score": 0.1724702380952381,
    "precision": 0.1296875,
    "recall": 0.3125,
    "sigui": 0.34495239045016557,
    "sse": 1271.0701002732278,
    "sc": 0.43216908227730944,
    "ch": 341.16615750985534,
    "db": 0.9615323924444473,
    "bic": -6135.713838818528,
    "xb": 392.53786188251297
}