{
    "dataset": "blobs-P10-K2-N1024-dt0.20-S1",
    "algorithm": "kmeans",
    "k": 10,
    "n": 1024,
    "d": 10,
    "k_true": 2,
    "rand_score": 0.5934922562316716,
    "adjusted_rand_score": 0.18635197441291193,
    "accuracy": 0.2216796875,
    "f1_score": 0.07234020899221177,
    "precision": 0.1976,
    "recall": 0.0443359375,
    "sigui": 0.4893397259060915,
    "sse": 6124.894213429703,
    "sc": 0.08471375670402265,
    "ch": 75.69685872075976,
    "db": 2.2004152806975066,
    "bic": -14620.95729139393,
    "xb": 1549.330514358503
}