{
    "dataset": "blobs-P5-K2-N128-dt0.30-S2",
    "algorithm": "kmeans",
    "k": 10,
    "n": 128,
    "d": 5,
    "k_true": 2,
    "rand_score": 0.5995324803149606,
    "adjusted_rand_score": 0.19417657413201247,
    "accuracy": 0.28125,
    "f1_score": 0.08761904761904762,
    "precision": 0.2,
    "recall": 0.05625,
    "sigui": 0.38629794709731746,
    "sse": 224.6687067022263,
    "sc": 0.133697042560187,
    "ch": 24.237708999526745,
    "db": 1.5297690514236257,
    "bic": -998.9665810620722,
    "xb": 103.1456223925465
}