{
    "dataset": "blobs-P2-K8-N128-dt1.00-S9",
    "algorithm": "kmeans",
    "k": 25,
    "n": 128,
    "d": 2,
    "k_true": 8,
    "rand_score": 0.890625,
    "adjusted_rand_score": 0.2706665891487891,
    "accuracy": 0.375,
    "f1_score": 0.16774969957578656,
    "precision": 0.29028571428571426,
    "recall": 0.12,
    "sigui": 0.10220681567595094,
    "sse": 6.962150740480882,
    "sc": 0.35737011123976137,
    "ch": 153.51397524202613,
    "db": 0.733873963008589,
    "bic": -483.2930361789383,
    "xb": 53.42018210491419
}