{
    "dataset": "blobs-P10-K32-N128-dt0.60-S5",
    "algorithm": "kmeans",
    "k": 32,
    "n": 128,
    "d": 10,
    "k_true": 32,
    "rand_score": 0.952878937007874,
    "adjusted_rand_score": 0.1528467178710138,
    "accuracy": 0.4296875,
    "f1_score": 0.4234690656565656,
    "precision": 0.5066220238095238,
    "recall": 0.4296875,
    "sigui": 0.37740915636944355,
    "sse": 420.97554539157073,
    "sc": 0.08850725144542579,
    "ch": 6.319143218126768,
    "db": 1.2858885378238694,
    "bic": -2405.7663710290954,
    "xb": 94.67240792719808
}