{
    "dataset": "blobs-P10-K8-N64-dt1.00-S9",
    "algorithm": "kmeans",
    "k": 50,
    "n": 64,
    "d": 10,
    "k_true": 8,
    "rand_score": 0.8844246031746031,
    "adjusted_rand_score": 0.02419730107026524,
    "accuracy": 0.171875,
    "f1_score": 0.04466666666666667,
    "precision": 0.135,
    "recall": 0.0275,
    "sigui": 0.10418865611925328,
    "sse": 32.398522565732044,
    "sc": 0.0667472050923918,
    "ch": 5.358282056592727,
    "db": 0.52738447981667,
    "bic": -1577.811642589973,
    "xb": 15.996041926244501
}