{
    "dataset": "blobs-P5-K8-N64-dt0.80-S7",
    "algorithm": "kmeans",
    "k": 25,
    "n": 64,
    "d": 5,
    "k_true": 8,
    "rand_score": 0.873015873015873,
    "adjusted_rand_score": 0.10070257611241218,
    "accuracy": 0.296875,
    "f1_score": 0.1284075924075924,
    "precision": 0.212,
    "recall": 0.095,
    "sigui": 0.23592829114292443,
    "sse": 47.3721815679275,
    "sc": 0.13685734548077072,
    "ch": 9.351906335934018,
    "db": 0.8685049966707301,
    "bic": -672.4713461007909,
    "xb": 46.74847994865316
}