{
    "dataset": "blobs-P10-K4-N1024-dt0.60-S5",
    "algorithm": "kmeans",
    "k": 10,
    "n": 1024,
    "d": 10,
    "k_true": 4,
    "rand_score": 0.7375805687927663,
    "adjusted_rand_score": 0.12441573286951947,
    "accuracy": 0.2958984375,
    "f1_score": 0.16683719281963857,
    "precision": 0.28296491228070175,
    "recall": 0.118359375,
    "sigui": 0.5137027891595746,
    "sse": 6945.843246894261,
    "sc": 0.0747913570006245,
    "ch": 53.433636155820835,
    "db": 2.2587726199910625,
    "bic": -15274.281300075954,
    "xb": 1460.514054091
}