{
    "dataset": "blobs-P5-K2-N128-dt0.60-S5",
    "algorithm": "kmeans",
    "k": 3,
    "n": 128,
    "d": 5,
    "k_true": 2,
    "rand_score": 0.5805856299212598,
    "adjusted_rand_score": 0.15894366511837532,
    "accuracy": 0.5546875,
    "f1_score": 0.4326323987538941,
    "precision": 0.522125322997416,
    "recall": 0.3697916666666667,
    "sigui": 0.5059767655887919,
    "sse": 456.0596869464671,
    "sc": 0.14531429822307668,
    "ch": 25.207817956501913,
    "db": 1.7944975351847932,
    "bic": -983.35464510615,
    "xb": 114.62908782315397
}