{
    "dataset": "blobs-P2-K32-N64-dt0.90-S8",
    "algorithm": "kmeans",
    "k": 32,
    "n": 64,
    "d": 2,
    "k_true": 32,
    "rand_score": 0.9866071428571429,
    "adjusted_rand_score": 0.6234226256364844,
    "accuracy": 0.796875,
    "f1_score": 0.7833333333333333,
    "precision": 0.8125,
    "recall": 0.796875,
    "sigui": 0.044830966387367895,
    "sse": 0.4457362121926208,
    "sc": 0.461285258083966,
    "ch": 295.39650101724806,
    "db": 0.4155545623798533,
    "bic": -248.8329784590842,
    "xb": 77.94897229519852
}