{
    "dataset": "blobs-P5-K2-N1024-dt0.20-S1",
    "algorithm": "kmeans",
    "k": 50,
    "n": 1024,
    "d": 5,
    "k_true": 2,
    "rand_score": 0.5214385538856305,
    "adjusted_rand_score": 0.04198068093939381,
    "accuracy": 0.0771484375,
    "f1_score": 0.005729766695599568,
    "precision": 0.04,
    "recall": 0.0030859375,
    "sigui": 0.2995229017822173,
    "sse": 932.8465524165621,
    "sc": 0.14347613410742605,
    "ch": 89.22191551119248,
    "db": 1.4456652880493612,
    "bic": -7897.001195396695,
    "xb": 1011.3434743654077
}