{
    "dataset": "blobs-P10-K4-N64-dt0.90-S8",
    "algorithm": "kmeans",
    "k": 25,
    "n": 64,
    "d": 10,
    "k_true": 4,
    "rand_score": 0.7385912698412699,
    "adjusted_rand_score": 0.007176818875033642,
    "accuracy": 0.1875,
    "f1_score": 0.04324318701893073,
    "precision": 0.08452380952380953,
    "recall": 0.03,
    "sigui": 0.3227804333426552,
    "sse": 188.4563205845567,
    "sc": 0.06484776060907217,
    "ch": 3.893520136518171,
    "db": 1.0425119025130862,
    "bic": -1312.6447061523172,
    "xb": 43.96264590280905
}