{
    "dataset": "blobs-P2-K2-N1024-dt0.40-S3",
    "algorithm": "kmeans",
    "k": 25,
    "n": 1024,
    "d": 2,
    "k_true": 2,
    "rand_score": 0.5296195320136853,
    "adjusted_rand_score": 0.05840235365076829,
    "accuracy": 0.1298828125,
    "f1_score": 0.018107027588581702,
    "precision": 0.07184060721062618,
    "recall": 0.010390625,
    "sigui": 0.15732452803140023,
    "sse": 112.0380340516941,
    "sc": 0.32879300042337023,
    "ch": 719.2594685784723,
    "db": 0.8302456437671301,
    "bic": -3402.644634011255,
    "xb": 316.50969939544524
}