{
    "dataset": "blobs-P2-K8-N128-dt0.30-S2",
    "algorithm": "kmeans",
    "k": 2,
    "n": 128,
    "d": 2,
    "k_true": 8,
    "rand_score": 0.5905511811023622,
    "adjusted_rand_score": 0.21418372203712518,
    "accuracy": 0.25,
    "f1_score": 0.10416666666666666,
    "precision": 0.06666666666666667,
    "recall": 0.25,
    "sigui": 0.38465215110572243,
    "sse": 129.2418293546575,
    "sc": 0.5179644057413475,
    "ch": 123.57863998880013,
    "db": 0.8828647307368634,
    "bic": -375.01324440731565,
    "xb": 28.245377554303396
}