{
    "dataset": "blobs-P5-K32-N64-dt0.60-S5",
    "algorithm": "kmeans",
    "k": 8,
    "n": 64,
    "d": 5,
    "k_true": 32,
    "rand_score": 0.8754960317460317,
    "adjusted_rand_score": 0.13604327159482052,
    "accuracy": 0.25,
    "f1_score": 0.11096681096681096,
    "precision": 0.07392590048840049,
    "recall": 0.25,
    "sigui": 0.3891011952917842,
    "sse": 118.03950011447108,
    "sc": 0.2186593319068342,
    "ch": 13.687655382455796,
    "db": 1.2645194039655734,
    "bic": -523.4786314477194,
    "xb": 39.2382618614133
}