{
    "dataset": "blobs-P10-K2-N1024-dt0.20-S1",
    "algorithm": "kmeans",
    "k": 50,
    "n": 1024,
    "d": 10,
    "k_true": 2,
    "rand_score": 0.519573252688172,
    "adjusted_rand_score": 0.038244791518118576,
    "accuracy": 0.0634765625,
    "f1_score": 0.004773437131080634,
    "precision": 0.04,
    "recall": 0.0025390625,
    "sigui": 0.41883278200855795,
    "sse": 4025.2555188732385,
    "sc": 0.08069382323737431,
    "ch": 30.689704025789975,
    "db": 1.9002605853314123,
    "bic": -15631.693693917961,
    "xb": 1392.2753650974053
}