{
    "dataset": "blobs-P5-K2-N1024-dt0.10-S0",
    "algorithm": "kmeans",
    "k": 4,
    "n": 1024,
    "d": 5,
    "k_true": 2,
    "rand_score": 0.7499942723607038,
    "adjusted_rand_score": 0.4997435564891852,
    "accuracy": 0.5146484375,
    "f1_score": 0.33977392524700945,
    "precision": 0.5,
    "recall": 0.25732421875,
    "sigui": 0.3619547942804151,
    "sse": 1671.0582948034805,
    "sc": 0.2598167149960694,
    "ch": 701.7502080608922,
    "db": 1.4275477758601847,
    "bic": -5900.814474958747,
    "xb": 582.1738199641713
}