{
    "dataset": "blobs-P10-K4-N128-dt0.90-S8",
    "algorithm": "kmeans",
    "k": 4,
    "n": 128,
    "d": 10,
    "k_true": 4,
    "rand_score": 0.6740895669291339,
    "adjusted_rand_score": 0.11998650249939183,
    "accuracy": 0.4921875,
    "f1_score": 0.495021350931677,
    "precision": 0.5001002226304646,
    "recall": 0.4921875,
    "sigui": 0.5409019999591762,
    "sse": 992.9655529627971,
    "sc": 0.08045874173385556,
    "ch": 11.948139028728445,
    "db": 2.507580732682042,
    "bic": -1937.5937823945449,
    "xb": 220.87399176650823
}