{
    "dataset": "blobs-P2-K8-N64-dt0.30-S2",
    "algorithm": "kmeans",
    "k": 4,
    "n": 64,
    "d": 2,
    "k_true": 8,
    "rand_score": 0.873015873015873,
    "adjusted_rand_score": 0.5714285714285714,
    "accuracy": 0.5,
    "f1_score": 0.3333333333333333,
    "precision": 0.25,
    "recall": 0.5,
    "sigui": 0.2429718961733185,
    "sse": 14.733842448725655,
    "sc": 0.6220249142168051,
    "ch": 153.74965212970747,
    "db": 0.597014424040739,
    "bic": -157.07020985433917,
    "xb": 9.985145588323745
}