{
    "dataset": "blobs-P2-K4-N1024-dt0.10-S0",
    "algorithm": "kmeans",
    "k": 25,
    "n": 1024,
    "d": 2,
    "k_true": 4,
    "rand_score": 0.7938278958944281,
    "adjusted_rand_score": 0.2388730795779778,
    "accuracy": 0.2275390625,
    "f1_score": 0.05923060800060816,
    "precision": 0.16,
    "recall": 0.03640625,
    "sigui": 0.05973287650578807,
    "sse": 11.767677133791558,
    "sc": 0.31675114303665475,
    "ch": 7205.252717834741,
    "db": 0.9221624303053497,
    "bic": -1127.248543929249,
    "xb": 235.38988072660703
}