{
    "dataset": "blobs-P5-K8-N1024-dt0.10-S0",
    "algorithm": "kmeans",
    "k": 8,
    "n": 1024,
    "d": 5,
    "k_true": 8,
    "rand_score": 1.0,
    "adjusted_rand_score": 1.0,
    "accuracy": 1.0,
    "f1_score": 1.0,
    "precision": 1.0,
    "recall": 1.0,
    "sigui": 0.09769516963491784,
    "sse": 76.12766307259554,
    "sc": 0.7734413424179226,
    "ch": 9616.504861673582,
    "db": 0.3230700478502639,
    "bic": 1213.007618571111,
    "xb": 42.918750146507904
}