{
    "dataset": "blobs-P10-K16-N64-dt0.40-S3",
    "algorithm": "kmeans",
    "k": 16,
    "n": 64,
    "d": 10,
    "k_true": 16,
    "rand_score": 0.9325396825396826,
    "adjusted_rand_score": 0.36335265269728045,
    "accuracy": 0.625,
    "f1_score": 0.6065476190476191,
    "precision": 0.65,
    "recall": 0.625,
    "sigui": 0.3960097819987553,
    "sse": 222.26602537140514,
    "sc": 0.13392684155800613,
    "ch": 6.014183753804947,
    "db": 1.3082121639824273,
    "bic": -1117.5228138936645,
    "xb": 47.19675961969062
}