{
    "dataset": "blobs-P5-K32-N1024-dt0.70-S6",
    "algorithm": "kmeans",
    "k": 4,
    "n": 1024,
    "d": 5,
    "k_true": 32,
    "rand_score": 0.7693460563294232,
    "adjusted_rand_score": 0.13367379999517592,
    "accuracy": 0.125,
    "f1_score": 0.0279580039757764,
    "precision": 0.015754817737410175,
    "recall": 0.125,
    "sigui": 0.46407518893246336,
    "sse": 2955.2475327726615,
    "sc": 0.21194853999691232,
    "ch": 249.07923836759826,
    "db": 1.4269353336826212,
    "bic": -7356.832097774963,
    "xb": 701.4038512443941
}