{
    "dataset": "blobs-P10-K16-N128-dt1.00-S9",
    "algorithm": "kmeans",
    "k": 16,
    "n": 128,
    "d": 10,
    "k_true": 16,
    "rand_score": 0.8984990157480315,
    "adjusted_rand_score": 0.07510394322184265,
    "accuracy": 0.3046875,
    "f1_score": 0.3052051851442331,
    "precision": 0.32563356782106784,
    "recall": 0.3046875,
    "sigui": 0.4520574168614754,
    "sse": 642.6767904102727,
    "sc": 0.09345003634814675,
    "ch": 7.404468367215777,
    "db": 1.7317150901874716,
    "bic": -2155.8185404606384,
    "xb": 125.82426264669672
}