{
    "dataset": "blobs-P2-K16-N64-dt0.60-S5",
    "algorithm": "kmeans",
    "k": 4,
    "n": 64,
    "d": 2,
    "k_true": 16,
    "rand_score": 0.8000992063492064,
    "adjusted_rand_score": 0.2490016860413524,
    "accuracy": 0.25,
    "f1_score": 0.1009485612426789,
    "precision": 0.06345054047259929,
    "recall": 0.25,
    "sigui": 0.2836027166291927,
    "sse": 26.334432036190293,
    "sc": 0.4418194464611136,
    "ch": 77.21113394364835,
    "db": 0.8417537069893635,
    "bic": -193.7855431459987,
    "xb": 16.973063323356865
}