{
    "dataset": "blobs-P5-K2-N64-dt0.10-S0",
    "algorithm": "kmeans",
    "k": 8,
    "n": 64,
    "d": 5,
    "k_true": 2,
    "rand_score": 0.6274801587301587,
    "adjusted_rand_score": 0.24585173023893397,
    "accuracy": 0.34375,
    "f1_score": 0.1277056277056277,
    "precision": 0.25,
    "recall": 0.0859375,
    "sigui": 0.25394826227467704,
    "sse": 47.843219084200626,
    "sc": 0.28661498118111245,
    "ch": 45.508105202841485,
    "db": 1.0668181430045052,
    "bic": -382.2160830561847,
    "xb": 32.23244952446435
}