{
    "dataset": "blobs-P10-K8-N128-dt0.60-S5",
    "algorithm": "kmeans",
    "k": 16,
    "n": 128,
    "d": 10,
    "k_true": 8,
    "rand_score": 0.8475639763779528,
    "adjusted_rand_score": 0.10765749672502084,
    "accuracy": 0.3046875,
    "f1_score": 0.18890357973505917,
    "precision": 0.2766559829059829,
    "recall": 0.15234375,
    "sigui": 0.44597067832967435,
    "sse": 611.7175358859113,
    "sc": 0.0932291222285801,
    "ch": 8.157102103493012,
    "db": 1.5983482368649125,
    "bic": -2115.6413355635327,
    "xb": 119.06511549386903
}