{
    "dataset": "blobs-P2-K32-N64-dt0.20-S1",
    "algorithm": "kmeans",
    "k": 20,
    "n": 64,
    "d": 2,
    "k_true": 32,
    "rand_score": 0.9722222222222222,
    "adjusted_rand_score": 0.5222101841820151,
    "accuracy": 0.625,
    "f1_score": 0.5104166666666666,
    "precision": 0.4583333333333333,
    "recall": 0.625,
    "sigui": 0.06045507381027575,
    "sse": 0.9264975421529994,
    "sc": 0.63909164304447,
    "ch": 317.6214355541926,
    "db": 0.44212335966081506,
    "bic": -181.3981004518541,
    "xb": 60.3131030010481
}