{
    "dataset": "blobs-P5-K4-N128-dt0.50-S4",
    "algorithm": "kmeans",
    "k": 25,
    "n": 128,
    "d": 5,
    "k_true": 4,
    "rand_score": 0.7760826771653543,
    "adjusted_rand_score": 0.16377239443142022,
    "accuracy": 0.2421875,
    "f1_score": 0.06086009998599185,
    "precision": 0.14761904761904762,
    "recall": 0.03875,
    "sigui": 0.2801788028980118,
    "sse": 102.53156273153522,
    "sc": 0.16201484565409727,
    "ch": 22.496832342740184,
    "db": 1.1427032888387167,
    "bic": -1081.3634810200365,
    "xb": 92.69559689406434
}