{
    "dataset": "blobs-P2-K8-N1024-dt0.30-S2",
    "algorithm": "kmeans",
    "k": 50,
    "n": 1024,
    "d": 2,
    "k_true": 8,
    "rand_score": 0.8947909029814272,
    "adjusted_rand_score": 0.2561195380605916,
    "accuracy": 0.248046875,
    "f1_score": 0.0628778782363049,
    "precision": 0.15592970376981596,
    "recall": 0.0396875,
    "sigui": 0.05778247613439662,
    "sse": 10.966270122025973,
    "sc": 0.35164261564860444,
    "ch": 3692.670930711053,
    "db": 0.8272984125497835,
    "bic": -1971.7805910888142,
    "xb": 289.9572946178543
}