{
    "dataset": "blobs-P5-K4-N128-dt0.10-S0",
    "algorithm": "kmeans",
    "k": 4,
    "n": 128,
    "d": 5,
    "k_true": 4,
    "rand_score": 1.0,
    "adjusted_rand_score": 1.0,
    "accuracy": 1.0,
    "f1_score": 1.0,
    "precision": 1.0,
    "recall": 1.0,
    "sigui": 0.17269952265121574,
    "sse": 33.052226654637664,
    "sc": 0.7542474792005798,
    "ch": 759.0161744243109,
    "db": 0.3482779825188217,
    "bic": -195.66892929508634,
    "xb": 7.302092127016817
}