{
    "dataset": "blobs-P10-K4-N1024-dt0.30-S2",
    "algorithm": "kmeans",
    "k": 20,
    "n": 1024,
    "d": 10,
    "k_true": 4,
    "rand_score": 0.7929458394428153,
    "adjusted_rand_score": 0.2460784262159689,
    "accuracy": 0.2314453125,
    "f1_score": 0.07454594105073535,
    "precision": 0.194580805295091,
    "recall": 0.0462890625,
    "sigui": 0.3683101223069979,
    "sse": 2905.9610268624083,
    "sc": 0.09183824802129377,
    "ch": 133.36244218012655,
    "db": 2.196458896991481,
    "bic": -11897.081109329069,
    "xb": 1571.8378707958993
}