{
    "dataset": "blobs-P10-K4-N1024-dt0.40-S3",
    "algorithm": "kmeans",
    "k": 10,
    "n": 1024,
    "d": 10,
    "k_true": 4,
    "rand_score": 0.7858130193059628,
    "adjusted_rand_score": 0.29498425817173346,
    "accuracy": 0.435546875,
    "f1_score": 0.22794677646119182,
    "precision": 0.3372505157458166,
    "recall": 0.17421875,
    "sigui": 0.49840416330994264,
    "sse": 6446.881926555563,
    "sc": 0.07985790993573841,
    "ch": 66.28909517447948,
    "db": 2.4318021012977487,
    "bic": -14851.874788992194,
    "xb": 1738.7545688948173
}