{
    "dataset": "blobs-P5-K32-N1024-dt0.60-S5",
    "algorithm": "kmeans",
    "k": 8,
    "n": 1024,
    "d": 5,
    "k_true": 32,
    "rand_score": 0.8870700452101662,
    "adjusted_rand_score": 0.2560185146364574,
    "accuracy": 0.2470703125,
    "f1_score": 0.1017292855493016,
    "precision": 0.06463574006404949,
    "recall": 0.2470703125,
    "sigui": 0.417683604811376,
    "sse": 2018.8735398131696,
    "sc": 0.24801946940921984,
    "ch": 222.94925656140168,
    "db": 1.2465980424446708,
    "bic": -7156.923742995976,
    "xb": 514.9076530815328
}