{
    "dataset": "blobs-P10-K2-N64-dt0.70-S6",
    "algorithm": "kmeans",
    "k": 16,
    "n": 64,
    "d": 10,
    "k_true": 2,
    "rand_score": 0.533234126984127,
    "adjusted_rand_score": 0.05406009158941137,
    "accuracy": 0.234375,
    "f1_score": 0.0440891472868217,
    "precision": 0.08920454545454545,
    "recall": 0.029296875,
    "sigui": 0.38693973457149494,
    "sse": 266.69150188242304,
    "sc": 0.06466907130815983,
    "ch": 4.479284812393112,
    "db": 1.2532966828075858,
    "bic": -1164.2329008514312,
    "xb": 60.00037876852721
}