{
    "dataset": "blobs-P5-K2-N128-dt0.70-S6",
    "algorithm": "kmeans",
    "k": 8,
    "n": 128,
    "d": 5,
    "k_true": 2,
    "rand_score": 0.5392470472440944,
    "adjusted_rand_score": 0.07310832168908793,
    "accuracy": 0.296875,
    "f1_score": 0.10882352941176471,
    "precision": 0.20558608058608058,
    "recall": 0.07421875,
    "sigui": 0.42193549757558546,
    "sse": 289.3680705965619,
    "sc": 0.17304396196064678,
    "ch": 20.772274781718536,
    "db": 1.3936197209661554,
    "bic": -1030.9871133561032,
    "xb": 87.35388308146739
}