{
    "dataset": "blobs-P2-K32-N64-dt0.70-S6",
    "algorithm": "kmeans",
    "k": 32,
    "n": 64,
    "d": 2,
    "k_true": 32,
    "rand_score": 0.9846230158730159,
    "adjusted_rand_score": 0.5790040957102824,
    "accuracy": 0.78125,
    "f1_score": 0.7708333333333333,
    "precision": 0.8229166666666666,
    "recall": 0.78125,
    "sigui": 0.0393540214053239,
    "sse": 0.4046100736432507,
    "sc": 0.4923259938474998,
    "ch": 325.526670803291,
    "db": 0.33918060458976895,
    "bic": -241.5910580209747,
    "xb": 73.31428952157549
}