{
    "dataset": "blobs-P2-K8-N1024-dt1.00-S9",
    "algorithm": "kmeans",
    "k": 4,
    "n": 1024,
    "d": 2,
    "k_true": 8,
    "rand_score": 0.8209291758308895,
    "adjusted_rand_score": 0.4556171806971377,
    "accuracy": 0.490234375,
    "f1_score": 0.3437150031660971,
    "precision": 0.27991232229172724,
    "recall": 0.490234375,
    "sigui": 0.2562647949858313,
    "sse": 355.20630482078246,
    "sc": 0.5166536271398301,
    "ch": 1620.3440188437485,
    "db": 0.6440113662880617,
    "bic": -2520.4794276249736,
    "xb": 152.4566083522608
}