{
    "dataset": "blobs-P10-K8-N1024-dt1.00-S9",
    "algorithm": "kmeans",
    "k": 3,
    "n": 1024,
    "d": 10,
    "k_true": 8,
    "rand_score": 0.6431012493890518,
    "adjusted_rand_score": 0.048839117908716916,
    "accuracy": 0.2451171875,
    "f1_score": 0.13391842378732458,
    "precision": 0.09223042775348268,
    "recall": 0.2451171875,
    "sigui": 0.5562567148467327,
    "sse": 8847.943948902088,
    "sc": 0.07184010135479629,
    "ch": 80.3174859820019,
    "db": 2.8600499378552455,
    "bic": -15019.113039132682,
    "xb": 2031.2583119935855
}