{
    "dataset": "blobs-P5-K8-N128-dt0.60-S5",
    "algorithm": "kmeans",
    "k": 16,
    "n": 128,
    "d": 5,
    "k_true": 8,
    "rand_score": 0.8809055118110236,
    "adjusted_rand_score": 0.28271194352062545,
    "accuracy": 0.4140625,
    "f1_score": 0.25147893772893776,
    "precision": 0.328125,
    "recall": 0.20703125,
    "sigui": 0.3487505046266355,
    "sse": 173.05241790930455,
    "sc": 0.1618512758468718,
    "ch": 20.147317144707344,
    "db": 1.2919879925640327,
    "bic": -1072.3942820411742,
    "xb": 82.3269345628607
}