{
    "dataset": "blobs-P5-K4-N64-dt0.10-S0",
    "algorithm": "kmeans",
    "k": 20,
    "n": 64,
    "d": 5,
    "k_true": 4,
    "rand_score": 0.8219246031746031,
    "adjusted_rand_score": 0.3393217071247042,
    "accuracy": 0.4375,
    "f1_score": 0.12121212121212119,
    "precision": 0.2,
    "recall": 0.0875,
    "sigui": 0.11919767561480724,
    "sse": 9.19953891789541,
    "sc": 0.2808511714327232,
    "ch": 78.23744674747185,
    "db": 0.6678340944016086,
    "bic": -322.5035531831206,
    "xb": 78.20086423803244
}