{
    "dataset": "blobs-P2-K16-N1024-dt0.60-S5",
    "algorithm": "kmeans",
    "k": 2,
    "n": 1024,
    "d": 2,
    "k_true": 16,
    "rand_score": 0.5338789864369502,
    "adjusted_rand_score": 0.09662777947420446,
    "accuracy": 0.125,
    "f1_score": 0.028623340321453528,
    "precision": 0.01623187486873026,
    "recall": 0.125,
    "sigui": 0.42617065113440855,
    "sse": 1329.7868170120018,
    "sc": 0.3338372995633684,
    "ch": 551.9870022521796,
    "db": 1.1729530639454013,
    "bic": -3175.0921707488833,
    "xb": 390.05276312283223
}