{
    "dataset": "blobs-P2-K8-N64-dt0.10-S0",
    "algorithm": "kmeans",
    "k": 16,
    "n": 64,
    "d": 2,
    "k_true": 8,
    "rand_score": 0.9593253968253969,
    "adjusted_rand_score": 0.7548172757475083,
    "accuracy": 0.71875,
    "f1_score": 0.40657259407259405,
    "precision": 0.5,
    "recall": 0.359375,
    "sigui": 0.01876054897287001,
    "sse": 0.11016721432369693,
    "sc": 0.5992450538117409,
    "ch": 3714.7845429920726,
    "db": 0.43100451416800656,
    "bic": 2.4533844028487124,
    "xb": 44.64917550384803
}