{
    "dataset": "blobs-P2-K16-N64-dt0.50-S4",
    "algorithm": "kmeans",
    "k": 20,
    "n": 64,
    "d": 2,
    "k_true": 16,
    "rand_score": 0.9885912698412699,
    "adjusted_rand_score": 0.8655719454494851,
    "accuracy": 0.90625,
    "f1_score": 0.7515873015873016,
    "precision": 0.79,
    "recall": 0.725,
    "sigui": 0.044842491035183986,
    "sse": 0.5653174798588718,
    "sc": 0.5823221095722828,
    "ch": 522.0286067151242,
    "db": 0.41894148999149705,
    "bic": -150.39094499854912,
    "xb": 53.781120414959325
}