{
    "dataset": "blobs-P2-K8-N1024-dt0.30-S2",
    "algorithm": "kmeans",
    "k": 16,
    "n": 1024,
    "d": 2,
    "k_true": 8,
    "rand_score": 0.9307585685483871,
    "adjusted_rand_score": 0.6075534207823394,
    "accuracy": 0.5703125,
    "f1_score": 0.3515107347284965,
    "precision": 0.48791897392643657,
    "recall": 0.28515625,
    "sigui": 0.08304441855954867,
    "sse": 33.89761783868246,
    "sc": 0.41239543534084877,
    "ch": 3993.649607956486,
    "db": 0.9357323759908154,
    "bic": -1651.455260947987,
    "xb": 288.35745874013014
}