{
    "dataset": "blobs-P2-K8-N64-dt0.10-S0",
    "algorithm": "kmeans",
    "k": 4,
    "n": 64,
    "d": 2,
    "k_true": 8,
    "rand_score": 0.7777777777777778,
    "adjusted_rand_score": 0.4,
    "accuracy": 0.5,
    "f1_score": 0.3833333333333333,
    "precision": 0.34375,
    "recall": 0.5,
    "sigui": 0.2344299731835856,
    "sse": 26.0667511591677,
    "sc": 0.5532985695077333,
    "ch": 78.20940033409747,
    "db": 0.5645148849302811,
    "bic": -182.4927218528237,
    "xb": 14.272413942620403
}