{
    "dataset": "blobs-P10-K32-N128-dt0.30-S2",
    "algorithm": "kmeans",
    "k": 10,
    "n": 128,
    "d": 10,
    "k_true": 32,
    "rand_score": 0.9169537401574803,
    "adjusted_rand_score": 0.3044116811775302,
    "accuracy": 0.3125,
    "f1_score": 0.15493534930841432,
    "precision": 0.10475115162615163,
    "recall": 0.3125,
    "sigui": 0.45573438951869844,
    "sse": 605.1317215055725,
    "sc": 0.16938223386854528,
    "ch": 14.622061065795961,
    "db": 1.5402291644064694,
    "bic": -1895.8045161639698,
    "xb": 99.40885259098805
}