{
    "dataset": "blobs-P2-K4-N64-dt1.00-S9",
    "algorithm": "kmeans",
    "k": 3,
    "n": 64,
    "d": 2,
    "k_true": 4,
    "rand_score": 0.7435515873015873,
    "adjusted_rand_score": 0.39275127244253033,
    "accuracy": 0.640625,
    "f1_score": 0.5597520295796158,
    "precision": 0.5207537028189202,
    "recall": 0.640625,
    "sigui": 0.3287271814639281,
    "sse": 49.566958418422765,
    "sc": 0.40175460123021367,
    "ch": 48.26214568269704,
    "db": 0.8484791727873838,
    "bic": -207.10060655213655,
    "xb": 16.04823072915474
}