{
    "dataset": "blobs-P5-K8-N1024-dt0.50-S4",
    "algorithm": "kmeans",
    "k": 2,
    "n": 1024,
    "d": 5,
    "k_true": 8,
    "rand_score": 0.5581240835777126,
    "adjusted_rand_score": 0.11852529529731709,
    "accuracy": 0.2470703125,
    "f1_score": 0.09904540157279823,
    "precision": 0.061992313822857754,
    "recall": 0.2470703125,
    "sigui": 0.520201623342212,
    "sse": 4147.002512416001,
    "sc": 0.1781198589830824,
    "ch": 239.8905144425042,
    "db": 1.9558120304310544,
    "bic": -7474.514499080622,
    "xb": 960.7588122637666
}