{
    "dataset": "blobs-P2-K32-N128-dt0.70-S6",
    "algorithm": "kmeans",
    "k": 10,
    "n": 128,
    "d": 2,
    "k_true": 32,
    "rand_score": 0.9088336614173228,
    "adjusted_rand_score": 0.3071452236333517,
    "accuracy": 0.3125,
    "f1_score": 0.16908068783068783,
    "precision": 0.1258085571184996,
    "recall": 0.3125,
    "sigui": 0.18987264398767711,
    "sse": 18.174162995241772,
    "sc": 0.49660808704812526,
    "ch": 171.5710910526532,
    "db": 0.7512009783225027,
    "bic": -379.2716524536228,
    "xb": 34.08523947464714
}