{
    "dataset": "blobs-P2-K4-N64-dt1.00-S9",
    "algorithm": "kmeans",
    "k": 10,
    "n": 64,
    "d": 2,
    "k_true": 4,
    "rand_score": 0.7619047619047619,
    "adjusted_rand_score": 0.23147301006404392,
    "accuracy": 0.421875,
    "f1_score": 0.2043611290670114,
    "precision": 0.32666666666666666,
    "recall": 0.16875,
    "sigui": 0.2034987965304567,
    "sse": 13.111607497803694,
    "sc": 0.39100137216194464,
    "ch": 52.57405357265664,
    "db": 0.7096582397745047,
    "bic": -232.51672924109778,
    "xb": 29.245621324319732
}