{
    "dataset": "blobs-P2-K8-N64-dt1.00-S9",
    "algorithm": "kmeans",
    "k": 10,
    "n": 64,
    "d": 2,
    "k_true": 8,
    "rand_score": 0.8273809523809523,
    "adjusted_rand_score": 0.11923509561304838,
    "accuracy": 0.375,
    "f1_score": 0.3154015918721801,
    "precision": 0.3785470085470085,
    "recall": 0.3,
    "sigui": 0.19371584034382316,
    "sse": 11.197026474436235,
    "sc": 0.41283415873383117,
    "ch": 62.58963866464096,
    "db": 0.7720053725652163,
    "bic": -229.4960991149882,
    "xb": 24.10224400349737
}