{
    "dataset": "blobs-P2-K16-N128-dt0.80-S7",
    "algorithm": "kmeans",
    "k": 10,
    "n": 128,
    "d": 2,
    "k_true": 16,
    "rand_score": 0.9351624015748031,
    "adjusted_rand_score": 0.569712944806969,
    "accuracy": 0.6171875,
    "f1_score": 0.4995141700404858,
    "precision": 0.44260620915032683,
    "recall": 0.6171875,
    "sigui": 0.14580148004807128,
    "sse": 10.727394221186122,
    "sc": 0.5325981331185928,
    "ch": 299.7742341310369,
    "db": 0.587971475483475,
    "bic": -316.143078740114,
    "xb": 28.85706336165127
}