{
    "dataset": "blobs-P10-K8-N1024-dt0.20-S1",
    "algorithm": "kmeans",
    "k": 8,
    "n": 1024,
    "d": 10,
    "k_true": 8,
    "rand_score": 0.9601108107282502,
    "adjusted_rand_score": 0.8302332278324543,
    "accuracy": 0.8203125,
    "f1_score": 0.7992156519143025,
    "precision": 0.8125,
    "recall": 0.8203125,
    "sigui": 0.3717637356296578,
    "sse": 2944.146286963785,
    "sc": 0.3240004874385012,
    "ch": 359.6767789342612,
    "db": 1.4433653123684143,
    "bic": -10494.332517540985,
    "xb": 1872.200544716837
}