{
    "dataset": "blobs-P2-K8-N1024-dt0.80-S7",
    "algorithm": "kmeans",
    "k": 16,
    "n": 1024,
    "d": 2,
    "k_true": 8,
    "rand_score": 0.8649556298875856,
    "adjusted_rand_score": 0.2309673207556001,
    "accuracy": 0.3203125,
    "f1_score": 0.20472116065345153,
    "precision": 0.2944877163243886,
    "recall": 0.16015625,
    "sigui": 0.1839953395959348,
    "sse": 157.85006699171095,
    "sc": 0.3349017333232407,
    "ch": 804.6754614606973,
    "db": 0.848753547169806,
    "bic": -3233.7919258534116,
    "xb": 280.5176347431922
}