{
    "dataset": "blobs-P2-K8-N1024-dt0.10-S0",
    "algorithm": "kmeans",
    "k": 20,
    "n": 1024,
    "d": 2,
    "k_true": 8,
    "rand_score": 0.9388650873655914,
    "adjusted_rand_score": 0.6435485341553587,
    "accuracy": 0.587890625,
    "f1_score": 0.2887815544262601,
    "precision": 0.4,
    "recall": 0.23515625,
    "sigui": 0.022229351604284256,
    "sse": 2.2462595228604614,
    "sc": 0.42894662660439414,
    "ch": 48129.3745284886,
    "db": 0.915334987874868,
    "bic": 929.7912746838875,
    "xb": 122.7425964355419
}