{
    "dataset": "blobs-P5-K32-N1024-dt0.50-S4",
    "algorithm": "kmeans",
    "k": 20,
    "n": 1024,
    "d": 5,
    "k_true": 32,
    "rand_score": 0.9602807306940372,
    "adjusted_rand_score": 0.4994531789985739,
    "accuracy": 0.5498046875,
    "f1_score": 0.434995172535647,
    "precision": 0.36854743209507534,
    "recall": 0.5498046875,
    "sigui": 0.3367686675817019,
    "sse": 1160.4961636628059,
    "sc": 0.24723366428972535,
    "ch": 180.29229657186627,
    "db": 1.1835835271368178,
    "bic": -6918.009259108882,
    "xb": 567.808500685736
}