{
    "dataset": "blobs-P10-K4-N128-dt0.50-S4",
    "algorithm": "kmeans",
    "k": 3,
    "n": 128,
    "d": 10,
    "k_true": 4,
    "rand_score": 0.6767962598425197,
    "adjusted_rand_score": 0.22739409433957894,
    "accuracy": 0.5234375,
    "f1_score": 0.45392564510211575,
    "precision": 0.4065690598709467,
    "recall": 0.5234375,
    "sigui": 0.5400257426661477,
    "sse": 1017.6390044193745,
    "sc": 0.10139166980319389,
    "ch": 16.11333896654729,
    "db": 2.447498576094149,
    "bic": -1887.9460332003387,
    "xb": 201.12406152274602
}