{
    "dataset": "blobs-P2-K16-N128-dt0.60-S5",
    "algorithm": "kmeans",
    "k": 25,
    "n": 128,
    "d": 2,
    "k_true": 16,
    "rand_score": 0.9600147637795275,
    "adjusted_rand_score": 0.5695184655979808,
    "accuracy": 0.6484375,
    "f1_score": 0.4690705373058314,
    "precision": 0.5713650793650794,
    "recall": 0.415,
    "sigui": 0.05477068722867063,
    "sse": 1.5477692777132832,
    "sc": 0.44958033231908534,
    "ch": 705.547120345482,
    "db": 0.6899368503065727,
    "bic": -292.10155714228546,
    "xb": 82.5694507576251
}