{
    "dataset": "blobs-P2-K16-N1024-dt0.40-S3",
    "algorithm": "kmeans",
    "k": 8,
    "n": 1024,
    "d": 2,
    "k_true": 16,
    "rand_score": 0.90543858443304,
    "adjusted_rand_score": 0.5206202212316953,
    "accuracy": 0.5,
    "f1_score": 0.3682668720411587,
    "precision": 0.31703805822440956,
    "recall": 0.5,
    "sigui": 0.15514365691145268,
    "sse": 133.99965459360752,
    "sc": 0.615487801755115,
    "ch": 2073.217071842219,
    "db": 0.4900708597973808,
    "bic": -2206.282767470523,
    "xb": 245.24387370061933
}