{
    "dataset": "blobs-P5-K8-N64-dt0.80-S7",
    "algorithm": "kmeans",
    "k": 4,
    "n": 64,
    "d": 5,
    "k_true": 8,
    "rand_score": 0.7157738095238095,
    "adjusted_rand_score": 0.13020745488277957,
    "accuracy": 0.34375,
    "f1_score": 0.2551043266769073,
    "precision": 0.23071009725400457,
    "recall": 0.34375,
    "sigui": 0.4801929377788309,
    "sse": 199.37511789330154,
    "sc": 0.1541106723779012,
    "ch": 12.100294498258563,
    "db": 1.6128709762292832,
    "bic": -511.5876554506283,
    "xb": 44.3619803951718
}