{
    "dataset": "blobs-P5-K4-N64-dt0.20-S1",
    "algorithm": "kmeans",
    "k": 8,
    "n": 64,
    "d": 5,
    "k_true": 4,
    "rand_score": 0.8754960317460317,
    "adjusted_rand_score": 0.588106587481441,
    "accuracy": 0.59375,
    "f1_score": 0.36873563218390804,
    "precision": 0.5,
    "recall": 0.296875,
    "sigui": 0.21252951804051318,
    "sse": 25.52458098864903,
    "sc": 0.2358627629462706,
    "ch": 92.29547600168053,
    "db": 1.3293326828291057,
    "bic": -280.86119072818207,
    "xb": 50.36806323861835
}