{
    "dataset": "blobs-P5-K16-N1024-dt0.70-S6",
    "algorithm": "kmeans",
    "k": 4,
    "n": 1024,
    "d": 5,
    "k_true": 16,
    "rand_score": 0.7764368737781037,
    "adjusted_rand_score": 0.22941506347644988,
    "accuracy": 0.2490234375,
    "f1_score": 0.1023049794565957,
    "precision": 0.06488930655157546,
    "recall": 0.2490234375,
    "sigui": 0.4588326655192543,
    "sse": 2878.337511414161,
    "sc": 0.22473127018860045,
    "ch": 264.7935633318849,
    "db": 1.375960816319362,
    "bic": -7270.853536336858,
    "xb": 552.7251350158967
}