{
    "dataset": "blobs-P10-K2-N1024-dt0.50-S4",
    "algorithm": "kmeans",
    "k": 10,
    "n": 1024,
    "d": 10,
    "k_true": 2,
    "rand_score": 0.536622525659824,
    "adjusted_rand_score": 0.0725243098486335,
    "accuracy": 0.21875,
    "f1_score": 0.06954109787975601,
    "precision": 0.17170459933617827,
    "recall": 0.04375,
    "sigui": 0.5174954803461095,
    "sse": 6998.9220536893445,
    "sc": 0.07291667657352346,
    "ch": 52.17395562009154,
    "db": 2.274517210541289,
    "bic": -15304.476066574603,
    "xb": 1579.0011081094165
}