{
    "dataset": "blobs-P5-K4-N128-dt0.60-S5",
    "algorithm": "kmeans",
    "k": 2,
    "n": 128,
    "d": 5,
    "k_true": 4,
    "rand_score": 0.71751968503937,
    "adjusted_rand_score": 0.43275336155378485,
    "accuracy": 0.484375,
    "f1_score": 0.3229166666666667,
    "precision": 0.2421875,
    "recall": 0.484375,
    "sigui": 0.5032906267162152,
    "sse": 450.3261586216971,
    "sc": 0.2816633108023965,
    "ch": 53.070210459931964,
    "db": 1.457532978164539,
    "bic": -913.5164172349628,
    "xb": 70.98671770523376
}