{
    "dataset": "blobs-P2-K16-N128-dt0.10-S0",
    "algorithm": "kmeans",
    "k": 4,
    "n": 128,
    "d": 2,
    "k_true": 16,
    "rand_score": 0.7874015748031497,
    "adjusted_rand_score": 0.27520608750792647,
    "accuracy": 0.25,
    "f1_score": 0.10833333333333332,
    "precision": 0.071875,
    "recall": 0.25,
    "sigui": 0.2415620811513669,
    "sse": 28.305295260315425,
    "sc": 0.6592106909714657,
    "ch": 332.4954233010682,
    "db": 0.4946791989819376,
    "bic": -281.23637463065694,
    "xb": 13.267097423039646
}