{
    "dataset": "blobs-P2-K8-N128-dt1.00-S9",
    "algorithm": "kmeans",
    "k": 16,
    "n": 128,
    "d": 2,
    "k_true": 8,
    "rand_score": 0.890255905511811,
    "adjusted_rand_score": 0.34788565376069264,
    "accuracy": 0.484375,
    "f1_score": 0.29883315609122063,
    "precision": 0.4244047619047619,
    "recall": 0.2421875,
    "sigui": 0.1532437647747175,
    "sse": 12.606739980314249,
    "sc": 0.35433348729405956,
    "ch": 144.15593121759775,
    "db": 0.8525398785605144,
    "bic": -439.9437312240518,
    "xb": 56.38111452871027
}