{
    "dataset": "blobs-P5-K4-N128-dt0.50-S4",
    "algorithm": "kmeans",
    "k": 16,
    "n": 128,
    "d": 5,
    "k_true": 4,
    "rand_score": 0.7840797244094488,
    "adjusted_rand_score": 0.23450094963989243,
    "accuracy": 0.34375,
    "f1_score": 0.11955039525691699,
    "precision": 0.20014880952380953,
    "recall": 0.0859375,
    "sigui": 0.3197399049813572,
    "sse": 147.82255916357832,
    "sc": 0.15161280948991188,
    "ch": 24.86037931133365,
    "db": 1.358379386144784,
    "bic": -1009.3109330485395,
    "xb": 104.2607237144995
}