{
    "dataset": "blobs-P2-K4-N64-dt0.10-S0",
    "algorithm": "kmeans",
    "k": 25,
    "n": 64,
    "d": 2,
    "k_true": 4,
    "rand_score": 0.7971230158730159,
    "adjusted_rand_score": 0.20918884080655556,
    "accuracy": 0.28125,
    "f1_score": 0.06981818181818182,
    "precision": 0.16,
    "recall": 0.045,
    "sigui": 0.016359975525260605,
    "sse": 0.10194563958745834,
    "sc": 0.3963080567862619,
    "ch": 2038.67805603761,
    "db": 0.5316509959056477,
    "bic": -85.31043100665772,
    "xb": 90.74454800682611
}