{
    "dataset": "blobs-P10-K32-N1024-dt1.00-S9",
    "algorithm": "kmeans",
    "k": 3,
    "n": 1024,
    "d": 10,
    "k_true": 32,
    "rand_score": 0.6651087487781037,
    "adjusted_rand_score": 0.024875474383301708,
    "accuracy": 0.0751953125,
    "f1_score": 0.012902462121212122,
    "precision": 0.007057883522727272,
    "recall": 0.0751953125,
    "sigui": 0.5584386754052502,
    "sse": 8871.58034966986,
    "sc": 0.07159280630400465,
    "ch": 78.74338099406735,
    "db": 2.8796481082329013,
    "bic": -15033.832746511533,
    "xb": 2070.114645968568
}