{
    "dataset": "blobs-P2-K2-N64-dt0.60-S5",
    "algorithm": "kmeans",
    "k": 2,
    "n": 64,
    "d": 2,
    "k_true": 2,
    "rand_score": 0.5758928571428571,
    "adjusted_rand_score": 0.15169220593098887,
    "accuracy": 0.703125,
    "f1_score": 0.7024712503058478,
    "precision": 0.7049261083743843,
    "recall": 0.703125,
    "sigui": 0.3994473658761109,
    "sse": 81.30672618135651,
    "sc": 0.3234796165296363,
    "ch": 35.60570093916427,
    "db": 1.1486057575823563,
    "bic": -209.1691571581712,
    "xb": 24.461638514187324
}