{
    "dataset": "blobs-P5-K32-N1024-dt0.60-S5",
    "algorithm": "kmeans",
    "k": 32,
    "n": 1024,
    "d": 5,
    "k_true": 32,
    "rand_score": 0.9726581592130987,
    "adjusted_rand_score": 0.5522385090060514,
    "accuracy": 0.6748046875,
    "f1_score": 0.6634036221890554,
    "precision": 0.670769817855426,
    "recall": 0.6748046875,
    "sigui": 0.2987854080662088,
    "sse": 860.6687244791868,
    "sc": 0.21776599639302205,
    "ch": 158.36360371889182,
    "db": 1.3624342856558571,
    "bic": -6874.833101722703,
    "xb": 953.135679899505
}