{
    "dataset": "blobs-P5-K2-N1024-dt1.00-S9",
    "algorithm": "kmeans",
    "k": 10,
    "n": 1024,
    "d": 5,
    "k_true": 2,
    "rand_score": 0.5130265609726296,
    "adjusted_rand_score": 0.025293891371055414,
    "accuracy": 0.166015625,
    "f1_score": 0.05439617853410957,
    "precision": 0.1524791359842906,
    "recall": 0.033203125,
    "sigui": 0.4343851273367903,
    "sse": 2485.6512147318626,
    "sc": 0.14324800403090066,
    "ch": 119.40665476896409,
    "db": 1.4251249325802575,
    "bic": -7968.134498883805,
    "xb": 629.9123191727705
}