{
    "dataset": "blobs-P10-K2-N1024-dt1.00-S9",
    "algorithm": "kmeans",
    "k": 20,
    "n": 1024,
    "d": 10,
    "k_true": 2,
    "rand_score": 0.5054603494623656,
    "adjusted_rand_score": 0.01005207976014377,
    "accuracy": 0.10546875,
    "f1_score": 0.018570118885668657,
    "precision": 0.07764084507042254,
    "recall": 0.010546875,
    "sigui": 0.48551749514693093,
    "sse": 6152.321810539907,
    "sc": 0.07354568358771882,
    "ch": 35.10894387860531,
    "db": 2.074981082234012,
    "bic": -15730.964468969043,
    "xb": 1386.9136809414586
}