{
    "dataset": "blobs-P10-K16-N128-dt0.70-S6",
    "algorithm": "kmeans",
    "k": 3,
    "n": 128,
    "d": 10,
    "k_true": 16,
    "rand_score": 0.6457923228346457,
    "adjusted_rand_score": 0.052368993284763854,
    "accuracy": 0.1796875,
    "f1_score": 0.061305814052761885,
    "precision": 0.03772492127755286,
    "recall": 0.1796875,
    "sigui": 0.5498982593720831,
    "sse": 1070.9052368730959,
    "sc": 0.08453097487123518,
    "ch": 12.203155092965641,
    "db": 2.590048303680384,
    "bic": -1916.9263347094793,
    "xb": 227.12840865919324
}