{
    "dataset": "blobs-P5-K4-N64-dt0.50-S4",
    "algorithm": "kmeans",
    "k": 20,
    "n": 64,
    "d": 5,
    "k_true": 4,
    "rand_score": 0.7797619047619048,
    "adjusted_rand_score": 0.17574257425742573,
    "accuracy": 0.34375,
    "f1_score": 0.09887172476646161,
    "precision": 0.19444444444444445,
    "recall": 0.06875,
    "sigui": 0.2511124606121166,
    "sse": 49.329268059194696,
    "sc": 0.17038730072208108,
    "ch": 12.706785576277827,
    "db": 0.8638660566162466,
    "bic": -593.8088708710924,
    "xb": 34.126561033002766
}