{
    "dataset": "blobs-P5-K16-N128-dt0.30-S2",
    "algorithm": "kmeans",
    "k": 16,
    "n": 128,
    "d": 5,
    "k_true": 16,
    "rand_score": 0.9901574803149606,
    "adjusted_rand_score": 0.9100439155687774,
    "accuracy": 0.90625,
    "f1_score": 0.8958333333333333,
    "precision": 0.90625,
    "recall": 0.90625,
    "sigui": 0.1806256082346427,
    "sse": 37.21322944061002,
    "sc": 0.5005764259664389,
    "ch": 120.94644712376954,
    "db": 0.7468633801629195,
    "bic": -582.7571071461214,
    "xb": 122.15356768702974
}