{
    "dataset": "blobs-P2-K32-N128-dt0.80-S7",
    "algorithm": "kmeans",
    "k": 3,
    "n": 128,
    "d": 2,
    "k_true": 32,
    "rand_score": 0.671628937007874,
    "adjusted_rand_score": 0.08107983549804675,
    "accuracy": 0.09375,
    "f1_score": 0.016886575796882644,
    "precision": 0.00932142958005027,
    "recall": 0.09375,
    "sigui": 0.3933072317268571,
    "sse": 101.35762827686914,
    "sc": 0.39129419584663755,
    "ch": 95.35689022136847,
    "db": 0.8628854769116635,
    "bic": -403.08872757744325,
    "xb": 29.021759835298756
}