{
    "dataset": "blobs-P5-K32-N1024-dt0.20-S1",
    "algorithm": "kmeans",
    "k": 50,
    "n": 1024,
    "d": 5,
    "k_true": 32,
    "rand_score": 0.9925502504887586,
    "adjusted_rand_score": 0.8565498709944789,
    "accuracy": 0.8056640625,
    "f1_score": 0.5608686360860131,
    "precision": 0.6393939393939394,
    "recall": 0.515625,
    "sigui": 0.11718395819834952,
    "sse": 106.66586596800936,
    "sc": 0.3928006689275024,
    "ch": 934.2520601807329,
    "db": 1.413029628599701,
    "bic": -2292.750826761206,
    "xb": 1459.5269638877212
}