{
    "dataset": "blobs-P2-K16-N128-dt0.40-S3",
    "algorithm": "kmeans",
    "k": 25,
    "n": 128,
    "d": 2,
    "k_true": 16,
    "rand_score": 0.9803149606299213,
    "adjusted_rand_score": 0.7873186661363589,
    "accuracy": 0.8046875,
    "f1_score": 0.5552049519108343,
    "precision": 0.6266666666666666,
    "recall": 0.515,
    "sigui": 0.04778286480922357,
    "sse": 1.0379212801784141,
    "sc": 0.5022232138084448,
    "ch": 1054.2343387716369,
    "db": 0.6340861345285235,
    "bic": -238.30137512289386,
    "xb": 89.34142152543883
}