{
    "dataset": "blobs-P2-K8-N1024-dt0.10-S0",
    "algorithm": "kmeans",
    "k": 8,
    "n": 1024,
    "d": 2,
    "k_true": 8,
    "rand_score": 1.0,
    "adjusted_rand_score": 1.0,
    "accuracy": 1.0,
    "f1_score": 1.0,
    "precision": 1.0,
    "recall": 1.0,
    "sigui": 0.033616633385755976,
    "sse": 3.9921455202626923,
    "sc": 0.8933649896632638,
    "ch": 74314.20986931067,
    "db": 0.14921394356784604,
    "bic": 1271.5138095420232,
    "xb": 21.31131851132396
}