{
    "dataset": "blobs-P2-K2-N1024-dt0.60-S5",
    "algorithm": "kmeans",
    "k": 32,
    "n": 1024,
    "d": 2,
    "k_true": 2,
    "rand_score": 0.5154073497067448,
    "adjusted_rand_score": 0.029938161539620776,
    "accuracy": 0.0908203125,
    "f1_score": 0.010359108341780075,
    "precision": 0.059279828952857744,
    "recall": 0.00567626953125,
    "sigui": 0.1453536460961863,
    "sse": 98.53270446667283,
    "sc": 0.3401933265800522,
    "ch": 633.1192652706143,
    "db": 0.7728768507325412,
    "bic": -3544.904661686447,
    "xb": 267.143481092549
}