{
    "dataset": "blobs-P2-K2-N64-dt0.70-S6",
    "algorithm": "kmeans",
    "k": 2,
    "n": 64,
    "d": 2,
    "k_true": 2,
    "rand_score": 0.6354166666666666,
    "adjusted_rand_score": 0.27121204967184476,
    "accuracy": 0.765625,
    "f1_score": 0.7627872498146775,
    "precision": 0.778974358974359,
    "recall": 0.765625,
    "sigui": 0.42491333835209355,
    "sse": 84.14584039144015,
    "sc": 0.31645776484488564,
    "ch": 32.31244566674147,
    "db": 1.1705143953362138,
    "bic": -210.10377408205096,
    "xb": 25.757310062736394
}