{
    "dataset": "blobs-P5-K2-N128-dt0.60-S5",
    "algorithm": "kmeans",
    "k": 8,
    "n": 128,
    "d": 5,
    "k_true": 2,
    "rand_score": 0.547244094488189,
    "adjusted_rand_score": 0.08917636878846581,
    "accuracy": 0.2734375,
    "f1_score": 0.1010360962566845,
    "precision": 0.19419642857142855,
    "recall": 0.068359375,
    "sigui": 0.43736485460673047,
    "sse": 302.52139849394933,
    "sc": 0.151385650245729,
    "ch": 19.123762759232214,
    "db": 1.4879585333224128,
    "bic": -1045.5942011706122,
    "xb": 91.5878943768585
}