{
    "dataset": "blobs-P5-K32-N64-dt0.50-S4",
    "algorithm": "kmeans",
    "k": 50,
    "n": 64,
    "d": 5,
    "k_true": 32,
    "rand_score": 0.9841269841269841,
    "adjusted_rand_score": 0.35260115606936415,
    "accuracy": 0.640625,
    "f1_score": 0.4693333333333333,
    "precision": 0.6033333333333333,
    "recall": 0.41,
    "sigui": 0.05296357300639653,
    "sse": 3.7484744476993765,
    "sc": 0.16301664567241997,
    "ch": 24.105160643334692,
    "db": 0.30928913902032545,
    "bic": -729.4002390982837,
    "xb": 22.450538285715684
}