{
    "dataset": "blobs-P5-K2-N128-dt0.40-S3",
    "algorithm": "kmeans",
    "k": 25,
    "n": 128,
    "d": 5,
    "k_true": 2,
    "rand_score": 0.5257135826771654,
    "adjusted_rand_score": 0.04452389641665967,
    "accuracy": 0.140625,
    "f1_score": 0.019459459459459462,
    "precision": 0.07200000000000001,
    "recall": 0.01125,
    "sigui": 0.3107370560996716,
    "sse": 145.0724495062921,
    "sc": 0.13998749572991748,
    "ch": 14.64140212767762,
    "db": 1.1606305318168177,
    "bic": -1201.3648056156258,
    "xb": 127.98850434554846
}