{
    "dataset": "blobs-P10-K16-N64-dt0.30-S2",
    "algorithm": "kmeans",
    "k": 32,
    "n": 64,
    "d": 10,
    "k_true": 16,
    "rand_score": 0.9657738095238095,
    "adjusted_rand_score": 0.5083135391923991,
    "accuracy": 0.625,
    "f1_score": 0.36406249999999996,
    "precision": 0.4661458333333333,
    "recall": 0.3125,
    "sigui": 0.22267035793358114,
    "sse": 73.91059607355308,
    "sc": 0.18073823191711036,
    "ch": 7.906178321964547,
    "db": 0.7191478571294245,
    "bic": -1224.7810294028534,
    "xb": 20.88348844983187
}