{
    "dataset": "blobs-P5-K32-N1024-dt0.10-S0",
    "algorithm": "kmeans",
    "k": 2,
    "n": 1024,
    "d": 5,
    "k_true": 32,
    "rand_score": 0.4995112414467253,
    "adjusted_rand_score": 0.053763440860215055,
    "accuracy": 0.0625,
    "f1_score": 0.007783882783882784,
    "precision": 0.004166666666666667,
    "recall": 0.0625,
    "sigui": 0.5366780220012966,
    "sse": 4039.544967537149,
    "sc": 0.2151440575242265,
    "ch": 273.3538188213979,
    "db": 1.7831505088674011,
    "bic": -7377.222459732954,
    "xb": 808.5027935200142
}