{
    "dataset": "blobs-P10-K32-N64-dt0.60-S5",
    "algorithm": "kmeans",
    "k": 20,
    "n": 64,
    "d": 10,
    "k_true": 32,
    "rand_score": 0.9464285714285714,
    "adjusted_rand_score": 0.16165598817151305,
    "accuracy": 0.453125,
    "f1_score": 0.3809771825396825,
    "precision": 0.37269345238095236,
    "recall": 0.453125,
    "sigui": 0.381964205618492,
    "sse": 216.78287641152016,
    "sc": 0.10359081130646992,
    "ch": 4.5210294102224955,
    "db": 1.2322777064905002,
    "bic": -1221.6895549581131,
    "xb": 44.13138305227379
}