{
    "dataset": "blobs-P5-K8-N128-dt0.10-S0",
    "algorithm": "kmeans",
    "k": 50,
    "n": 128,
    "d": 5,
    "k_true": 8,
    "rand_score": 0.9026820866141733,
    "adjusted_rand_score": 0.2736980616427957,
    "accuracy": 0.3359375,
    "f1_score": 0.08008733295689817,
    "precision": 0.16,
    "recall": 0.05375,
    "sigui": 0.026145571012096386,
    "sse": 0.8261804399602821,
    "sc": 0.19784589570530303,
    "ch": 1231.523183820693,
    "db": 0.7620263234368242,
    "bic": -16.493152068660606,
    "xb": 308.2232563425779
}