{
    "dataset": "blobs-P5-K8-N1024-dt0.60-S5",
    "algorithm": "kmeans",
    "k": 10,
    "n": 1024,
    "d": 5,
    "k_true": 8,
    "rand_score": 0.9247101814516129,
    "adjusted_rand_score": 0.6325904205454843,
    "accuracy": 0.74609375,
    "f1_score": 0.6291565855651743,
    "precision": 0.6806960796884205,
    "recall": 0.596875,
    "sigui": 0.3312847992728254,
    "sse": 1249.3860025529477,
    "sc": 0.24109494545291643,
    "ch": 349.04279074250337,
    "db": 1.3934272570480677,
    "bic": -6174.082580104381,
    "xb": 844.7765872441356
}