{
    "dataset": "blobs-P10-K4-N1024-dt0.80-S7",
    "algorithm": "kmeans",
    "k": 50,
    "n": 1024,
    "d": 10,
    "k_true": 4,
    "rand_score": 0.7475695717253177,
    "adjusted_rand_score": 0.027029823719657505,
    "accuracy": 0.083984375,
    "f1_score": 0.012089591362378168,
    "precision": 0.06034172596241561,
    "recall": 0.00671875,
    "sigui": 0.44400750217409063,
    "sse": 4660.306290698162,
    "sc": 0.07858053465526513,
    "ch": 23.799003641943493,
    "db": 1.8611164949060908,
    "bic": -16385.361614417674,
    "xb": 1352.024121445037
}