{
    "dataset": "blobs-P2-K16-N128-dt0.70-S6",
    "algorithm": "kmeans",
    "k": 10,
    "n": 128,
    "d": 2,
    "k_true": 16,
    "rand_score": 0.9339320866141733,
    "adjusted_rand_score": 0.5702890195263028,
    "accuracy": 0.6171875,
    "f1_score": 0.5031562799945153,
    "precision": 0.45238095238095233,
    "recall": 0.6171875,
    "sigui": 0.12736885111044532,
    "sse": 9.712422162294391,
    "sc": 0.523473493574657,
    "ch": 332.47152402956965,
    "db": 0.5843563379357309,
    "bic": -301.44143645100985,
    "xb": 29.842187477225913
}