{
    "dataset": "blobs-P10-K4-N1024-dt1.00-S9",
    "algorithm": "kmeans",
    "k": 32,
    "n": 1024,
    "d": 10,
    "k_true": 4,
    "rand_score": 0.7410228800097751,
    "adjusted_rand_score": 0.022003195707167134,
    "accuracy": 0.0986328125,
    "f1_score": 0.02161308827870699,
    "precision": 0.08895089285714286,
    "recall": 0.0123291015625,
    "sigui": 0.46668629275544526,
    "sse": 5437.632927694314,
    "sc": 0.07586565564827126,
    "ch": 28.261515324268863,
    "db": 1.9246298624810825,
    "bic": -16049.320972640888,
    "xb": 1490.2356526369215
}