{
    "dataset": "blobs-P5-K4-N128-dt0.30-S2",
    "algorithm": "kmeans",
    "k": 3,
    "n": 128,
    "d": 5,
    "k_true": 4,
    "rand_score": 0.8364911417322834,
    "adjusted_rand_score": 0.6098432049708393,
    "accuracy": 0.7421875,
    "f1_score": 0.6436861322812263,
    "precision": 0.5781185842161451,
    "recall": 0.7421875,
    "sigui": 0.42387701237313047,
    "sse": 287.85562065929673,
    "sc": 0.3667166772818653,
    "ch": 76.45855119446712,
    "db": 1.0356903958971524,
    "bic": -834.2088286439541,
    "xb": 37.59438197440871
}