{
    "dataset": "blobs-P2-K16-N128-dt0.10-S0",
    "algorithm": "kmeans",
    "k": 2,
    "n": 128,
    "d": 2,
    "k_true": 16,
    "rand_score": 0.5511811023622047,
    "adjusted_rand_score": 0.10860731437015146,
    "accuracy": 0.125,
    "f1_score": 0.028125,
    "precision": 0.015873015873015872,
    "recall": 0.125,
    "sigui": 0.44045807584850194,
    "sse": 158.79948252509217,
    "sc": 0.4143843632981964,
    "ch": 77.12408760465057,
    "db": 1.1492122289782054,
    "bic": -404.41586376123036,
    "xb": 45.14706378523808
}