{
    "dataset": "blobs-P2-K8-N1024-dt1.00-S9",
    "algorithm": "kmeans",
    "k": 32,
    "n": 1024,
    "d": 2,
    "k_true": 8,
    "rand_score": 0.8785950482649071,
    "adjusted_rand_score": 0.20005962826468285,
    "accuracy": 0.2470703125,
    "f1_score": 0.09065274551035385,
    "precision": 0.17378386124886686,
    "recall": 0.061767578125,
    "sigui": 0.12329560343269352,
    "sse": 54.91141634501212,
    "sc": 0.3358472593591469,
    "ch": 1161.485878933315,
    "db": 0.8247081253359035,
    "bic": -2960.3104942020996,
    "xb": 368.6163489289819
}