{
    "dataset": "blobs-P5-K4-N128-dt0.30-S2",
    "algorithm": "kmeans",
    "k": 20,
    "n": 128,
    "d": 5,
    "k_true": 4,
    "rand_score": 0.8020423228346457,
    "adjusted_rand_score": 0.272523701195829,
    "accuracy": 0.3203125,
    "f1_score": 0.09684299440397001,
    "precision": 0.2,
    "recall": 0.0640625,
    "sigui": 0.26721660548180254,
    "sse": 89.9777280031459,
    "sc": 0.2066561138887965,
    "ch": 34.74684744299538,
    "db": 1.1475064597548712,
    "bic": -941.2602384595845,
    "xb": 107.39804476915427
}