{
    "dataset": "blobs-P2-K2-N64-dt0.80-S7",
    "algorithm": "kmeans",
    "k": 3,
    "n": 64,
    "d": 2,
    "k_true": 2,
    "rand_score": 0.5907738095238095,
    "adjusted_rand_score": 0.1784037558685446,
    "accuracy": 0.625,
    "f1_score": 0.4581196581196581,
    "precision": 0.53056884635832,
    "recall": 0.4166666666666667,
    "sigui": 0.38708825239852135,
    "sse": 58.36012489739031,
    "sc": 0.31854946995289546,
    "ch": 36.39499048989485,
    "db": 0.9402542923504528,
    "bic": -215.1668099488077,
    "xb": 19.665841552481307
}