{
    "dataset": "blobs-P2-K8-N128-dt0.60-S5",
    "algorithm": "kmeans",
    "k": 32,
    "n": 128,
    "d": 2,
    "k_true": 8,
    "rand_score": 0.907111220472441,
    "adjusted_rand_score": 0.3504826418289585,
    "accuracy": 0.3984375,
    "f1_score": 0.140722049689441,
    "precision": 0.24479166666666669,
    "recall": 0.099609375,
    "sigui": 0.0707676772323379,
    "sse": 2.5682149798345955,
    "sc": 0.38781401832052864,
    "ch": 305.590076312808,
    "db": 0.6725274327363311,
    "bic": -436.33358211847155,
    "xb": 60.12533109413323
}