{
    "dataset": "blobs-P2-K16-N64-dt0.50-S4",
    "algorithm": "kmeans",
    "k": 3,
    "n": 64,
    "d": 2,
    "k_true": 16,
    "rand_score": 0.6433531746031746,
    "adjusted_rand_score": 0.1315925691608673,
    "accuracy": 0.1875,
    "f1_score": 0.07369869869869869,
    "precision": 0.04969532279314888,
    "recall": 0.1875,
    "sigui": 0.3770982309549,
    "sse": 49.60471185812098,
    "sc": 0.45040622006370623,
    "ch": 48.20220093539079,
    "db": 0.7629289734098325,
    "bic": -201.77512065614664,
    "xb": 14.632178094639587
}