{
    "dataset": "blobs-P5-K32-N128-dt0.70-S6",
    "algorithm": "kmeans",
    "k": 50,
    "n": 128,
    "d": 5,
    "k_true": 32,
    "rand_score": 0.9860974409448819,
    "adjusted_rand_score": 0.6517001189233793,
    "accuracy": 0.75,
    "f1_score": 0.518888888888889,
    "precision": 0.5873333333333334,
    "recall": 0.48,
    "sigui": 0.12723907756357034,
    "sse": 20.55169289696683,
    "sc": 0.3124677014042053,
    "ch": 47.97953022332641,
    "db": 0.6963222269761192,
    "bic": -1053.8578135288813,
    "xb": 143.66692371098526
}