{
    "dataset": "blobs-P10-K16-N128-dt0.10-S0",
    "algorithm": "kmeans",
    "k": 32,
    "n": 128,
    "d": 10,
    "k_true": 16,
    "rand_score": 0.9784694881889764,
    "adjusted_rand_score": 0.7467092142002393,
    "accuracy": 0.71875,
    "f1_score": 0.40851856476856474,
    "precision": 0.5,
    "recall": 0.359375,
    "sigui": 0.13100849121125757,
    "sse": 35.34868573307462,
    "sc": 0.30288584924278805,
    "ch": 109.0395297605494,
    "db": 1.1282391445259075,
    "bic": -820.2968094663813,
    "xb": 162.00879299442465
}