{
    "dataset": "blobs-P5-K16-N128-dt0.20-S1",
    "algorithm": "kmeans",
    "k": 4,
    "n": 128,
    "d": 5,
    "k_true": 16,
    "rand_score": 0.7795275590551181,
    "adjusted_rand_score": 0.2658959537572254,
    "accuracy": 0.25,
    "f1_score": 0.10952380952380952,
    "precision": 0.07291666666666666,
    "recall": 0.25,
    "sigui": 0.4489039443083528,
    "sse": 300.7416055876955,
    "sc": 0.35506623894496653,
    "ch": 46.62700485013628,
    "db": 1.2137280225776896,
    "bic": -893.9089610869809,
    "xb": 57.55233729711286
}