{
    "dataset": "blobs-P10-K32-N64-dt0.90-S8",
    "algorithm": "kmeans",
    "k": 16,
    "n": 64,
    "d": 10,
    "k_true": 32,
    "rand_score": 0.9027777777777778,
    "adjusted_rand_score": 0.03168130489335006,
    "accuracy": 0.3125,
    "f1_score": 0.2396329365079365,
    "precision": 0.25904876373626373,
    "recall": 0.3125,
    "sigui": 0.4127603254993642,
    "sse": 300.67477288948476,
    "sc": 0.021734314747194044,
    "ch": 3.6113462939332055,
    "db": 1.3910037893010423,
    "bic": -1203.7775413760878,
    "xb": 59.0303672423398
}