{
    "dataset": "blobs-P5-K32-N64-dt0.60-S5",
    "algorithm": "kmeans",
    "k": 10,
    "n": 64,
    "d": 5,
    "k_true": 32,
    "rand_score": 0.908234126984127,
    "adjusted_rand_score": 0.16945770683389155,
    "accuracy": 0.3125,
    "f1_score": 0.15734126984126984,
    "precision": 0.10736607142857141,
    "recall": 0.3125,
    "sigui": 0.3701521993614696,
    "sse": 101.16833958164474,
    "sc": 0.20892303310648674,
    "ch": 12.978269367073327,
    "db": 1.2608653775690388,
    "bic": -540.718009402176,
    "xb": 44.052517174249104
}