{
    "dataset": "blobs-P2-K4-N128-dt0.20-S1",
    "algorithm": "kmeans",
    "k": 16,
    "n": 128,
    "d": 2,
    "k_true": 4,
    "rand_score": 0.8309547244094488,
    "adjusted_rand_score": 0.4016212990967636,
    "accuracy": 0.453125,
    "f1_score": 0.15454007690032534,
    "precision": 0.25,
    "recall": 0.11328125,
    "sigui": 0.07436665081145878,
    "sse": 3.1764126913121444,
    "sc": 0.35310328248643863,
    "ch": 594.3023263532732,
    "db": 0.8306484388683282,
    "bic": -253.40692914869402,
    "xb": 64.1460460261779
}