{
    "dataset": "blobs-P10-K2-N64-dt0.40-S3",
    "algorithm": "kmeans",
    "k": 10,
    "n": 64,
    "d": 10,
    "k_true": 2,
    "rand_score": 0.5545634920634921,
    "adjusted_rand_score": 0.0976457828250606,
    "accuracy": 0.265625,
    "f1_score": 0.08351648351648351,
    "precision": 0.2,
    "recall": 0.053125,
    "sigui": 0.45673689710003273,
    "sse": 330.80415027827456,
    "sc": 0.0813306356263811,
    "ch": 5.60807685384167,
    "db": 1.739005625007956,
    "bic": -1072.5590388525693,
    "xb": 63.91507498998735
}