{
    "dataset": "blobs-P2-K2-N1024-dt0.10-S0",
    "algorithm": "kmeans",
    "k": 16,
    "n": 1024,
    "d": 2,
    "k_true": 2,
    "rand_score": 0.5761890579178885,
    "adjusted_rand_score": 0.15167441242844976,
    "accuracy": 0.1982421875,
    "f1_score": 0.04135425246433032,
    "precision": 0.125,
    "recall": 0.0247802734375,
    "sigui": 0.12737525708438685,
    "sse": 67.65294364322685,
    "sc": 0.37434116787018185,
    "ch": 1967.4816902482953,
    "db": 0.7721803467911599,
    "bic": -2276.7862841080537,
    "xb": 286.49253338575807
}