{
    "dataset": "blobs-P5-K32-N1024-dt0.80-S7",
    "algorithm": "kmeans",
    "k": 3,
    "n": 1024,
    "d": 5,
    "k_true": 32,
    "rand_score": 0.6780933070625611,
    "adjusted_rand_score": 0.06288410127060688,
    "accuracy": 0.0927734375,
    "f1_score": 0.015942086796193435,
    "precision": 0.008721846335482699,
    "recall": 0.0927734375,
    "sigui": 0.5010806177467708,
    "sse": 3788.650838335333,
    "sc": 0.15029231200638488,
    "ch": 179.4006231147326,
    "db": 1.9006098957508375,
    "bic": -7680.296085762919,
    "xb": 961.8216621900501
}