{
    "dataset": "blobs-P5-K8-N1024-dt0.50-S4",
    "algorithm": "kmeans",
    "k": 3,
    "n": 1024,
    "d": 5,
    "k_true": 8,
    "rand_score": 0.6809456714320625,
    "adjusted_rand_score": 0.20340703382936598,
    "accuracy": 0.3544921875,
    "f1_score": 0.207319907214848,
    "precision": 0.1525230240467218,
    "recall": 0.3544921875,
    "sigui": 0.49732397422818647,
    "sse": 3385.4403241111377,
    "sc": 0.20541300340658056,
    "ch": 261.5590971238735,
    "db": 1.594482712656819,
    "bic": -7336.664922116915,
    "xb": 734.5767204059227
}