{
    "dataset": "blobs-P10-K2-N1024-dt0.40-S3",
    "algorithm": "kmeans",
    "k": 16,
    "n": 1024,
    "d": 10,
    "k_true": 2,
    "rand_score": 0.5369413642473119,
    "adjusted_rand_score": 0.07308970561364647,
    "accuracy": 0.1376953125,
    "f1_score": 0.029991306867574615,
    "precision": 0.11746987951807228,
    "recall": 0.0172119140625,
    "sigui": 0.49499254004672755,
    "sse": 6155.532182363427,
    "sc": 0.06811307605282244,
    "ch": 44.59017176964736,
    "db": 2.212986018690928,
    "bic": -15367.442073954704,
    "xb": 1460.9458636362713
}