{
    "dataset": "blobs-P5-K4-N1024-dt1.00-S9",
    "algorithm": "kmeans",
    "k": 32,
    "n": 1024,
    "d": 5,
    "k_true": 4,
    "rand_score": 0.7411966184017595,
    "adjusted_rand_score": 0.024841716443787985,
    "accuracy": 0.0966796875,
    "f1_score": 0.02105980318339909,
    "precision": 0.08201191404316405,
    "recall": 0.0120849609375,
    "sigui": 0.35824248197145064,
    "sse": 1495.0184291897856,
    "sc": 0.14406581088574713,
    "ch": 77.59062229673785,
    "db": 1.427567756859644,
    "bic": -8298.157612589233,
    "xb": 805.2121302959127
}