{
    "dataset": "blobs-P5-K8-N128-dt0.10-S0",
    "algorithm": "kmeans",
    "k": 10,
    "n": 128,
    "d": 5,
    "k_true": 8,
    "rand_score": 0.9904035433070866,
    "adjusted_rand_score": 0.9522542583649035,
    "accuracy": 0.953125,
    "f1_score": 0.7793103448275862,
    "precision": 0.8,
    "recall": 0.7625,
    "sigui": 0.057120761962575255,
    "sse": 3.1915114365418877,
    "sc": 0.6939944995857261,
    "ch": 2616.0855181208267,
    "db": 0.5782489135315318,
    "bic": 359.98836829213406,
    "xb": 95.07209034404926
}