{
    "dataset": "blobs-P10-K16-N1024-dt0.60-S5",
    "algorithm": "kmeans",
    "k": 16,
    "n": 1024,
    "d": 10,
    "k_true": 16,
    "rand_score": 0.9294793957722385,
    "adjusted_rand_score": 0.4081002027602404,
    "accuracy": 0.5791015625,
    "f1_score": 0.5656783528998575,
    "precision": 0.5650044290818044,
    "recall": 0.5791015625,
    "sigui": 0.47446614693124256,
    "sse": 5400.9462962282505,
    "sc": 0.10395331930069146,
    "ch": 60.208783990419214,
    "db": 2.0690622465844424,
    "bic": -14672.209219243703,
    "xb": 1627.7120215219984
}