{
    "dataset": "blobs-P5-K8-N128-dt0.80-S7",
    "algorithm": "kmeans",
    "k": 3,
    "n": 128,
    "d": 5,
    "k_true": 8,
    "rand_score": 0.6590797244094488,
    "adjusted_rand_score": 0.15033041110046091,
    "accuracy": 0.328125,
    "f1_score": 0.19236438353133778,
    "precision": 0.14344806763285023,
    "recall": 0.328125,
    "sigui": 0.5080644067615507,
    "sse": 434.2964017555429,
    "sc": 0.18258680212197942,
    "ch": 29.602996567112307,
    "db": 1.6679784480520852,
    "bic": -959.7841481442251,
    "xb": 98.18448845431634
}