{
    "dataset": "blobs-P5-K2-N64-dt0.80-S7",
    "algorithm": "kmeans",
    "k": 16,
    "n": 64,
    "d": 5,
    "k_true": 2,
    "rand_score": 0.5223214285714286,
    "adjusted_rand_score": 0.03141912926864313,
    "accuracy": 0.1875,
    "f1_score": 0.03823335530652604,
    "precision": 0.1111111111111111,
    "recall": 0.0234375,
    "sigui": 0.3066348224441727,
    "sse": 70.60969613349145,
    "sc": 0.1871502236910855,
    "ch": 11.302257566214033,
    "db": 0.9673659287441131,
    "bic": -583.3742638507644,
    "xb": 43.02974303397283
}