{
    "dataset": "blobs-P5-K32-N128-dt0.40-S3",
    "algorithm": "kmeans",
    "k": 50,
    "n": 128,
    "d": 5,
    "k_true": 32,
    "rand_score": 0.9906496062992126,
    "adjusted_rand_score": 0.7650552553429726,
    "accuracy": 0.796875,
    "f1_score": 0.5529047619047618,
    "precision": 0.6283333333333333,
    "recall": 0.51,
    "sigui": 0.10854549580141833,
    "sse": 14.835166186149767,
    "sc": 0.3477794377778863,
    "ch": 67.0811728845188,
    "db": 0.5867510548745477,
    "bic": -950.1306625622178,
    "xb": 94.58682064380288
}