{
    "dataset": "blobs-P2-K4-N128-dt0.50-S4",
    "algorithm": "kmeans",
    "k": 8,
    "n": 128,
    "d": 2,
    "k_true": 4,
    "rand_score": 0.7630413385826772,
    "adjusted_rand_score": 0.25341545899617857,
    "accuracy": 0.46875,
    "f1_score": 0.28706595185967104,
    "precision": 0.3787696678321678,
    "recall": 0.234375,
    "sigui": 0.2329223775639281,
    "sse": 35.74186635652676,
    "sc": 0.3957011943745624,
    "ch": 105.64232102314088,
    "db": 0.7705316554018551,
    "bic": -419.8234984085086,
    "xb": 34.07157661693924
}