{
    "dataset": "blobs-P10-K2-N64-dt0.10-S0",
    "algorithm": "kmeans",
    "k": 50,
    "n": 64,
    "d": 10,
    "k_true": 2,
    "rand_score": 0.5193452380952381,
    "adjusted_rand_score": 0.023544842367920153,
    "accuracy": 0.140625,
    "f1_score": 0.00984984984984985,
    "precision": 0.04,
    "recall": 0.005625,
    "sigui": 0.0743696452868785,
    "sse": 16.2172191050088,
    "sc": 0.05640929193153594,
    "ch": 10.989778859757621,
    "db": 0.4761693225587909,
    "bic": -1354.9035710903684,
    "xb": 19.91649463063401
}