{
    "dataset": "blobs-P2-K4-N128-dt0.30-S2",
    "algorithm": "kmeans",
    "k": 32,
    "n": 128,
    "d": 2,
    "k_true": 4,
    "rand_score": 0.7851870078740157,
    "adjusted_rand_score": 0.1835654165347315,
    "accuracy": 0.2421875,
    "f1_score": 0.047186191207930335,
    "precision": 0.12053571428571429,
    "recall": 0.0302734375,
    "sigui": 0.047231952411996514,
    "sse": 1.3752686513782906,
    "sc": 0.36140146759370073,
    "ch": 573.3536471505803,
    "db": 0.6242958009099526,
    "bic": -350.34402941764586,
    "xb": 93.5732936631586
}