{
    "dataset": "blobs-P10-K4-N1024-dt0.20-S1",
    "algorithm": "kmeans",
    "k": 10,
    "n": 1024,
    "d": 10,
    "k_true": 4,
    "rand_score": 0.8526182948435973,
    "adjusted_rand_score": 0.5115286479451475,
    "accuracy": 0.4609375,
    "f1_score": 0.24995077644080413,
    "precision": 0.3989795918367347,
    "recall": 0.184375,
    "sigui": 0.3898103502516123,
    "sse": 3200.9057253930796,
    "sc": 0.08975696620995019,
    "ch": 247.7646504802912,
    "db": 2.6897081403059957,
    "bic": -11288.137803548483,
    "xb": 2068.2662117456266
}