{
    "dataset": "blobs-P10-K16-N128-dt0.20-S1",
    "algorithm": "kmeans",
    "k": 25,
    "n": 128,
    "d": 10,
    "k_true": 16,
    "rand_score": 0.9883120078740157,
    "adjusted_rand_score": 0.8753422534483649,
    "accuracy": 0.859375,
    "f1_score": 0.5848791208791209,
    "precision": 0.64,
    "recall": 0.55,
    "sigui": 0.249617677085752,
    "sse": 144.32086541193803,
    "sc": 0.3199163485801342,
    "ch": 33.77166754113204,
    "db": 0.9302803152420128,
    "bic": -1492.2408776612997,
    "xb": 101.23343013193339
}