{
    "dataset": "blobs-P2-K2-N128-dt0.90-S8",
    "algorithm": "kmeans",
    "k": 50,
    "n": 128,
    "d": 2,
    "k_true": 2,
    "rand_score": 0.5081200787401575,
    "adjusted_rand_score": 0.008761620665555196,
    "accuracy": 0.078125,
    "f1_score": 0.005715452133088386,
    "precision": 0.03428571428571429,
    "recall": 0.003125,
    "sigui": 0.06802458872532938,
    "sse": 2.8442737182060487,
    "sc": 0.3325181743021982,
    "ch": 141.6820688227007,
    "db": 0.4773215505178687,
    "bic": -639.3742373842814,
    "xb": 103.65762181949141
}