{
    "dataset": "blobs-P5-K16-N1024-dt0.30-S2",
    "algorithm": "kmeans",
    "k": 16,
    "n": 1024,
    "d": 5,
    "k_true": 16,
    "rand_score": 0.984212716886608,
    "adjusted_rand_score": 0.8689656909450262,
    "accuracy": 0.8955078125,
    "f1_score": 0.8840517849432403,
    "precision": 0.8886582788795904,
    "recall": 0.8955078125,
    "sigui": 0.24335141475190847,
    "sse": 564.4968918481852,
    "sc": 0.40877080698312424,
    "ch": 542.3055703026474,
    "db": 1.0223379201440177,
    "bic": -4748.953116283113,
    "xb": 1330.8980876542746
}