{
    "dataset": "blobs-P5-K8-N1024-dt0.90-S8",
    "algorithm": "kmeans",
    "k": 3,
    "n": 1024,
    "d": 5,
    "k_true": 8,
    "rand_score": 0.6608340206500489,
    "adjusted_rand_score": 0.10319859607134375,
    "accuracy": 0.2939453125,
    "f1_score": 0.16230848103567505,
    "precision": 0.11257351976836859,
    "recall": 0.2939453125,
    "sigui": 0.5128443832438073,
    "sse": 3789.457311995346,
    "sc": 0.14442907620741227,
    "ch": 179.24520222889666,
    "db": 1.9314943457373317,
    "bic": -7673.956722883005,
    "xb": 1096.1322094678985
}