{
    "dataset": "blobs-P10-K32-N128-dt1.00-S9",
    "algorithm": "kmeans",
    "k": 32,
    "n": 128,
    "d": 10,
    "k_true": 32,
    "rand_score": 0.9422982283464567,
    "adjusted_rand_score": 0.03953882125292268,
    "accuracy": 0.3359375,
    "f1_score": 0.344302398989899,
    "precision": 0.462303841991342,
    "recall": 0.3359375,
    "sigui": 0.3817201115907176,
    "sse": 449.96629164626444,
    "sc": 0.07334114443816875,
    "ch": 5.712487836368479,
    "db": 1.3105555864646707,
    "bic": -2440.29159896462,
    "xb": 121.25665935280465
}