{
    "dataset": "blobs-P2-K8-N1024-dt0.10-S0",
    "algorithm": "kmeans",
    "k": 32,
    "n": 1024,
    "d": 2,
    "k_true": 8,
    "rand_score": 0.9098927785923754,
    "adjusted_rand_score": 0.3982059219174884,
    "accuracy": 0.3369140625,
    "f1_score": 0.12460958711859703,
    "precision": 0.25,
    "recall": 0.084228515625,
    "sigui": 0.017531353535373335,
    "sse": 1.3213811934380588,
    "sc": 0.33913106152745687,
    "ch": 49625.873497079585,
    "db": 0.9336782365456608,
    "bic": 794.0605349259438,
    "xb": 155.08351121290806
}