{
    "dataset": "blobs-P2-K4-N1024-dt0.60-S5",
    "algorithm": "kmeans",
    "k": 4,
    "n": 1024,
    "d": 2,
    "k_true": 4,
    "rand_score": 0.8593425433773216,
    "adjusted_rand_score": 0.6246529112322751,
    "accuracy": 0.828125,
    "f1_score": 0.8278972795148499,
    "precision": 0.8292948558150752,
    "recall": 0.828125,
    "sigui": 0.28475759201197326,
    "sse": 465.3437941285067,
    "sc": 0.4126824956323154,
    "ch": 1156.398104504115,
    "db": 0.9069844727535801,
    "bic": -2847.821557412102,
    "xb": 396.8089823065523
}