{
    "dataset": "blobs-P2-K8-N1024-dt0.80-S7",
    "algorithm": "kmeans",
    "k": 32,
    "n": 1024,
    "d": 2,
    "k_true": 8,
    "rand_score": 0.8710135630498533,
    "adjusted_rand_score": 0.1524853165379766,
    "accuracy": 0.21484375,
    "f1_score": 0.08021634961766065,
    "precision": 0.1689279719801788,
    "recall": 0.0537109375,
    "sigui": 0.13848114791003666,
    "sse": 80.72581176388624,
    "sc": 0.33769634042947433,
    "ch": 779.8345120106724,
    "db": 0.8246642345924013,
    "bic": -3365.2990635665474,
    "xb": 361.6467829694061
}