{
    "dataset": "blobs-P10-K32-N1024-dt0.50-S4",
    "algorithm": "kmeans",
    "k": 8,
    "n": 1024,
    "d": 10,
    "k_true": 32,
    "rand_score": 0.875853418255132,
    "adjusted_rand_score": 0.19289015903918263,
    "accuracy": 0.234375,
    "f1_score": 0.09778913509674353,
    "precision": 0.06267963554016326,
    "recall": 0.234375,
    "sigui": 0.5017792273824084,
    "sse": 6561.537629811589,
    "sc": 0.11382028282245232,
    "ch": 81.36850970356522,
    "db": 2.037891133152146,
    "bic": -14655.422515297712,
    "xb": 1296.6484545990916
}