{
    "dataset": "blobs-P10-K8-N128-dt0.50-S4",
    "algorithm": "kmeans",
    "k": 3,
    "n": 128,
    "d": 10,
    "k_true": 8,
    "rand_score": 0.6888533464566929,
    "adjusted_rand_score": 0.2205185330799642,
    "accuracy": 0.359375,
    "f1_score": 0.2109174467248479,
    "precision": 0.15538056206088993,
    "recall": 0.359375,
    "sigui": 0.53688332403387,
    "sse": 980.069207301883,
    "sc": 0.12789199906200566,
    "ch": 19.126888595182873,
    "db": 2.0835480103649915,
    "bic": -1858.4459598193816,
    "xb": 146.50152898981952
}