{
    "dataset": "blobs-P5-K2-N128-dt0.70-S6",
    "algorithm": "kmeans",
    "k": 2,
    "n": 128,
    "d": 5,
    "k_true": 2,
    "rand_score": 0.6300442913385826,
    "adjusted_rand_score": 0.26011295275552415,
    "accuracy": 0.7578125,
    "f1_score": 0.7570860116314662,
    "precision": 0.7609340252038548,
    "recall": 0.7578125,
    "sigui": 0.5166659462255114,
    "sse": 523.0822275351152,
    "sc": 0.1673545242685634,
    "ch": 28.16314253304765,
    "db": 1.9971868484147586,
    "bic": -960.6745567250348,
    "xb": 125.48604405695258
}