{
    "dataset": "blobs-P5-K16-N1024-dt0.40-S3",
    "algorithm": "kmeans",
    "k": 32,
    "n": 1024,
    "d": 5,
    "k_true": 16,
    "rand_score": 0.9723469574780058,
    "adjusted_rand_score": 0.7052941328099044,
    "accuracy": 0.6513671875,
    "f1_score": 0.3829097584857679,
    "precision": 0.49170673076923077,
    "recall": 0.32568359375,
    "sigui": 0.16821110450303675,
    "sse": 260.06806529098435,
    "sc": 0.2696518110846417,
    "ch": 597.9889216182044,
    "db": 1.600550146309319,
    "bic": -3753.905188560014,
    "xb": 1200.6599942938965
}