{
    "dataset": "blobs-P10-K2-N64-dt0.60-S5",
    "algorithm": "kmeans",
    "k": 16,
    "n": 64,
    "d": 10,
    "k_true": 2,
    "rand_score": 0.5252976190476191,
    "adjusted_rand_score": 0.03726946107784431,
    "accuracy": 0.1875,
    "f1_score": 0.03832236842105263,
    "precision": 0.10677083333333334,
    "recall": 0.0234375,
    "sigui": 0.41059222391807415,
    "sse": 267.58229570782765,
    "sc": 0.07666489448384858,
    "ch": 4.453720118449859,
    "db": 1.3650135830125079,
    "bic": -1175.2939599958418,
    "xb": 58.37801622366935
}