{
    "dataset": "blobs-P10-K32-N1024-dt0.50-S4",
    "algorithm": "kmeans",
    "k": 10,
    "n": 1024,
    "d": 10,
    "k_true": 32,
    "rand_score": 0.9041651392961877,
    "adjusted_rand_score": 0.2476775883070534,
    "accuracy": 0.2890625,
    "f1_score": 0.14138885835945664,
    "precision": 0.09462615137395647,
    "recall": 0.2890625,
    "sigui": 0.4910991310503983,
    "sse": 6115.40493879534,
    "sc": 0.11998062681540611,
    "ch": 75.98914242746227,
    "db": 1.9382079937944536,
    "bic": -14608.093054912351,
    "xb": 1127.901842687912
}