{
    "dataset": "blobs-P5-K2-N128-dt0.50-S4",
    "algorithm": "kmeans",
    "k": 16,
    "n": 128,
    "d": 5,
    "k_true": 2,
    "rand_score": 0.5367864173228346,
    "adjusted_rand_score": 0.06718026652828474,
    "accuracy": 0.171875,
    "f1_score": 0.036122661122661125,
    "precision": 0.11607142857142858,
    "recall": 0.021484375,
    "sigui": 0.37113169841241567,
    "sse": 200.2794335635577,
    "sc": 0.15543018772766112,
    "ch": 16.393330246846574,
    "db": 1.28449486125422,
    "bic": -1115.5826070110613,
    "xb": 125.53184323861144
}