{
    "dataset": "blobs-P10-K2-N128-dt0.20-S1",
    "algorithm": "kmeans",
    "k": 16,
    "n": 128,
    "d": 10,
    "k_true": 2,
    "rand_score": 0.5609005905511811,
    "adjusted_rand_score": 0.1157655504725861,
    "accuracy": 0.1796875,
    "f1_score": 0.03807017543859649,
    "precision": 0.125,
    "recall": 0.0224609375,
    "sigui": 0.4318496537727089,
    "sse": 550.6997273934442,
    "sc": 0.07261995671892335,
    "ch": 9.888223590079646,
    "db": 1.7435314794518106,
    "bic": -2049.4137218457113,
    "xb": 144.42347339762176
}