{
    "dataset": "blobs-P5-K8-N1024-dt0.90-S8",
    "algorithm": "kmeans",
    "k": 2,
    "n": 1024,
    "d": 5,
    "k_true": 8,
    "rand_score": 0.5234069525904204,
    "adjusted_rand_score": 0.060108754233181926,
    "accuracy": 0.2236328125,
    "f1_score": 0.09117839056812788,
    "precision": 0.05749143835616438,
    "recall": 0.2236328125,
    "sigui": 0.5255459689818451,
    "sse": 4287.434534110955,
    "sc": 0.15850585800529088,
    "ch": 198.4647099651366,
    "db": 2.1455859081530035,
    "bic": -7551.870392180758,
    "xb": 1123.3246986373017
}