{
    "dataset": "blobs-P5-K32-N1024-dt0.80-S7",
    "algorithm": "kmeans",
    "k": 16,
    "n": 1024,
    "d": 5,
    "k_true": 32,
    "rand_score": 0.9307051105816226,
    "adjusted_rand_score": 0.22836346581402794,
    "accuracy": 0.32421875,
    "f1_score": 0.21997611631736882,
    "precision": 0.168138609574485,
    "recall": 0.32421875,
    "sigui": 0.3899836473116594,
    "sse": 1808.262156776119,
    "sc": 0.16229061685129248,
    "ch": 123.07329566716064,
    "db": 1.5103059231006855,
    "bic": -7758.13804344405,
    "xb": 804.1301125600259
}