{
    "dataset": "blobs-P2-K4-N1024-dt0.10-S0",
    "algorithm": "kmeans",
    "k": 16,
    "n": 1024,
    "d": 2,
    "k_true": 4,
    "rand_score": 0.8142679313294232,
    "adjusted_rand_score": 0.3393313619123652,
    "accuracy": 0.296875,
    "f1_score": 0.11435221948042461,
    "precision": 0.25,
    "recall": 0.07421875,
    "sigui": 0.07034217454933202,
    "sse": 16.846927805277446,
    "sc": 0.34274284119287524,
    "ch": 8103.077709529685,
    "db": 0.9100050364332357,
    "bic": -979.7123245993067,
    "xb": 196.69894845603451
}