{
    "dataset": "blobs-P10-K2-N1024-dt0.60-S5",
    "algorithm": "kmeans",
    "k": 2,
    "n": 1024,
    "d": 10,
    "k_true": 2,
    "rand_score": 0.661185315860215,
    "adjusted_rand_score": 0.32237004745076103,
    "accuracy": 0.7841796875,
    "f1_score": 0.7841745418200927,
    "precision": 0.784206791571767,
    "recall": 0.7841796875,
    "sigui": 0.564426612688042,
    "sse": 9240.985868826589,
    "sc": 0.09285635652716642,
    "ch": 110.4852292333255,
    "db": 2.965637073639866,
    "bic": -14790.336847517823,
    "xb": 2099.7885947226696
}