{
    "dataset": "blobs-P10-K32-N128-dt0.10-S0",
    "algorithm": "kmeans",
    "k": 2,
    "n": 128,
    "d": 10,
    "k_true": 32,
    "rand_score": 0.4311023622047244,
    "adjusted_rand_score": 0.032731585189089474,
    "accuracy": 0.0625,
    "f1_score": 0.008854166666666666,
    "precision": 0.004830917874396135,
    "recall": 0.0625,
    "sigui": 0.565013178332832,
    "sse": 1113.733068990185,
    "sc": 0.14720422199369745,
    "ch": 18.81028218568709,
    "db": 2.2616836951477697,
    "bic": -1856.6899955422916,
    "xb": 161.73768655052623
}