{
    "dataset": "blobs-P10-K32-N128-dt0.30-S2",
    "algorithm": "kmeans",
    "k": 50,
    "n": 128,
    "d": 10,
    "k_true": 32,
    "rand_score": 0.9884350393700787,
    "adjusted_rand_score": 0.7127941105711398,
    "accuracy": 0.7578125,
    "f1_score": 0.5235930735930736,
    "precision": 0.5947619047619047,
    "recall": 0.485,
    "sigui": 0.2419715778494939,
    "sse": 150.6730965622758,
    "sc": 0.19652571624175352,
    "ch": 11.931154873605669,
    "db": 0.8347181583159614,
    "bic": -2332.6445796809903,
    "xb": 72.03309247838536
}