{
    "dataset": "blobs-P2-K2-N1024-dt0.30-S2",
    "algorithm": "kmeans",
    "k": 16,
    "n": 1024,
    "d": 2,
    "k_true": 2,
    "rand_score": 0.5542388349217986,
    "adjusted_rand_score": 0.10772440353839294,
    "accuracy": 0.1865234375,
    "f1_score": 0.03904221627400388,
    "precision": 0.1209862385321101,
    "recall": 0.0233154296875,
    "sigui": 0.18846416545236672,
    "sse": 172.56749245914293,
    "sc": 0.3334176069020102,
    "ch": 730.317528004785,
    "db": 0.8563486681663832,
    "bic": -3324.7335068977914,
    "xb": 306.83212206150074
}