{
    "dataset": "blobs-P10-K2-N1024-dt1.00-S9",
    "algorithm": "kmeans",
    "k": 2,
    "n": 1024,
    "d": 10,
    "k_true": 2,
    "rand_score": 0.5293426961143695,
    "adjusted_rand_score": 0.05869512109050527,
    "accuracy": 0.6220703125,
    "f1_score": 0.620976882045926,
    "precision": 0.6234953824304663,
    "recall": 0.6220703125,
    "sigui": 0.56694583793706,
    "sse": 9437.847166099264,
    "sc": 0.07699558389412402,
    "ch": 86.86679527211597,
    "db": 3.3284969588322997,
    "bic": -14892.392196425406,
    "xb": 2571.5403576497597
}