{
    "dataset": "blobs-P5-K4-N64-dt0.30-S2",
    "algorithm": "kmeans",
    "k": 2,
    "n": 64,
    "d": 5,
    "k_true": 4,
    "rand_score": 0.746031746031746,
    "adjusted_rand_score": 0.4878048780487805,
    "accuracy": 0.5,
    "f1_score": 0.3333333333333333,
    "precision": 0.25,
    "recall": 0.5,
    "sigui": 0.4926838935800362,
    "sse": 206.01962087363876,
    "sc": 0.34064370275681943,
    "ch": 34.30150718590426,
    "db": 1.281530183258143,
    "bic": -452.9989068789453,
    "xb": 27.957728427551526
}