{
    "dataset": "blobs-P2-K4-N64-dt0.50-S4",
    "algorithm": "kmeans",
    "k": 50,
    "n": 64,
    "d": 2,
    "k_true": 4,
    "rand_score": 0.7619047619047619,
    "adjusted_rand_score": 0.015047879616963064,
    "accuracy": 0.125,
    "f1_score": 0.017777777777777778,
    "precision": 0.08,
    "recall": 0.01,
    "sigui": 0.017035279619845488,
    "sse": 0.1132874070411552,
    "sc": 0.24128970389440957,
    "ch": 322.5341782919563,
    "db": 0.21282621727819,
    "bic": -337.65872622415577,
    "xb": 109.02848173060802
}