{
    "dataset": "blobs-P5-K16-N1024-dt1.00-S9",
    "algorithm": "kmeans",
    "k": 32,
    "n": 1024,
    "d": 5,
    "k_true": 16,
    "rand_score": 0.9189500855327468,
    "adjusted_rand_score": 0.10569096851252856,
    "accuracy": 0.2294921875,
    "f1_score": 0.14901512562924396,
    "precision": 0.22538964068678563,
    "recall": 0.11474609375,
    "sigui": 0.3602097924536531,
    "sse": 1452.440290335122,
    "sc": 0.1472404505384537,
    "ch": 80.80326020300438,
    "db": 1.4215110507987891,
    "bic": -8208.817663651249,
    "xb": 825.7266847337407
}