{
    "dataset": "blobs-P5-K4-N1024-dt0.30-S2",
    "algorithm": "kmeans",
    "k": 20,
    "n": 1024,
    "d": 5,
    "k_true": 4,
    "rand_score": 0.783012203690127,
    "adjusted_rand_score": 0.21075294043136272,
    "accuracy": 0.2412109375,
    "f1_score": 0.07701989759033727,
    "precision": 0.19266025824781344,
    "recall": 0.0482421875,
    "sigui": 0.35207256316992824,
    "sse": 1419.7070928098474,
    "sc": 0.15292469186460705,
    "ch": 137.72648477741143,
    "db": 1.5041251367082331,
    "bic": -7443.0320667556025,
    "xb": 883.294606733242
}