{
    "dataset": "blobs-P10-K8-N1024-dt0.30-S2",
    "algorithm": "kmeans",
    "k": 3,
    "n": 1024,
    "d": 10,
    "k_true": 8,
    "rand_score": 0.6948390151515151,
    "adjusted_rand_score": 0.29443615580397947,
    "accuracy": 0.375,
    "f1_score": 0.23725891305616048,
    "precision": 0.1958674054587682,
    "recall": 0.375,
    "sigui": 0.519060975650082,
    "sse": 7234.3613261325045,
    "sc": 0.19124387188875075,
    "ch": 212.0959230314855,
    "db": 1.6763195112706175,
    "bic": -13859.664128755205,
    "xb": 786.8066756457115
}