{
    "dataset": "blobs-P5-K16-N128-dt0.50-S4",
    "algorithm": "kmeans",
    "k": 8,
    "n": 128,
    "d": 5,
    "k_true": 16,
    "rand_score": 0.890378937007874,
    "adjusted_rand_score": 0.3888393797495018,
    "accuracy": 0.484375,
    "f1_score": 0.346078431372549,
    "precision": 0.2938519813519814,
    "recall": 0.484375,
    "sigui": 0.36224541003049976,
    "sse": 217.42850500483132,
    "sc": 0.2573488968451136,
    "ch": 33.3170794288669,
    "db": 1.1259620748995842,
    "bic": -934.3093596035976,
    "xb": 66.7473835218725
}