{
    "dataset": "blobs-P5-K16-N1024-dt0.60-S5",
    "algorithm": "kmeans",
    "k": 25,
    "n": 1024,
    "d": 5,
    "k_true": 16,
    "rand_score": 0.9593051228005866,
    "adjusted_rand_score": 0.5912787762141204,
    "accuracy": 0.6533203125,
    "f1_score": 0.4708729217316723,
    "precision": 0.5528038250342352,
    "recall": 0.418125,
    "sigui": 0.30872671088359976,
    "sse": 944.6327225741118,
    "sc": 0.19768110705329378,
    "ch": 183.98649418924512,
    "db": 1.591636360783874,
    "bic": -6700.447540468152,
    "xb": 1032.9233066365969
}