{
    "dataset": "blobs-P5-K16-N64-dt0.20-S1",
    "algorithm": "kmeans",
    "k": 20,
    "n": 64,
    "d": 5,
    "k_true": 16,
    "rand_score": 0.9920634920634921,
    "adjusted_rand_score": 0.9059876888640179,
    "accuracy": 0.90625,
    "f1_score": 0.7523809523809524,
    "precision": 0.8,
    "recall": 0.725,
    "sigui": 0.1419652493750334,
    "sse": 11.523667868544264,
    "sc": 0.5207262468233366,
    "ch": 61.99122110944549,
    "db": 0.5871825533847856,
    "bic": -369.20692438885925,
    "xb": 38.360445193534716
}