{
    "dataset": "blobs-P5-K4-N128-dt0.70-S6",
    "algorithm": "kmeans",
    "k": 2,
    "n": 128,
    "d": 5,
    "k_true": 4,
    "rand_score": 0.6467765748031497,
    "adjusted_rand_score": 0.2950623800105562,
    "accuracy": 0.484375,
    "f1_score": 0.32540634886004144,
    "precision": 0.24598468000988385,
    "recall": 0.484375,
    "sigui": 0.5131287925259911,
    "sse": 509.0716035062734,
    "sc": 0.18759907903053308,
    "ch": 32.40600702255878,
    "db": 1.8589771789498608,
    "bic": -951.9865589632814,
    "xb": 110.5811200606314
}