{
    "dataset": "blobs-P2-K8-N64-dt0.70-S6",
    "algorithm": "kmeans",
    "k": 16,
    "n": 64,
    "d": 2,
    "k_true": 8,
    "rand_score": 0.8938492063492064,
    "adjusted_rand_score": 0.3289198606271777,
    "accuracy": 0.484375,
    "f1_score": 0.29364125457875456,
    "precision": 0.3848958333333333,
    "recall": 0.2421875,
    "sigui": 0.11349125235582173,
    "sse": 3.7885685454713114,
    "sc": 0.3661321440640104,
    "ch": 104.91471274278987,
    "db": 0.6522613311661682,
    "bic": -228.593058738355,
    "xb": 51.17566486554585
}