{
    "dataset": "blobs-P2-K16-N64-dt0.60-S5",
    "algorithm": "kmeans",
    "k": 10,
    "n": 64,
    "d": 2,
    "k_true": 16,
    "rand_score": 0.9379960317460317,
    "adjusted_rand_score": 0.5587493696419567,
    "accuracy": 0.625,
    "f1_score": 0.5086004273504273,
    "precision": 0.4527777777777777,
    "recall": 0.625,
    "sigui": 0.12860017507372945,
    "sse": 5.532605576858624,
    "sc": 0.5306729668652241,
    "ch": 132.81343777917837,
    "db": 0.5595976164668459,
    "bic": -186.15824353441283,
    "xb": 15.400553149670673
}