{
    "dataset": "blobs-P5-K8-N64-dt0.80-S7",
    "algorithm": "kmeans",
    "k": 10,
    "n": 64,
    "d": 5,
    "k_true": 8,
    "rand_score": 0.8298611111111112,
    "adjusted_rand_score": 0.11623246492985972,
    "accuracy": 0.421875,
    "f1_score": 0.3483380018674136,
    "precision": 0.38325396825396824,
    "recall": 0.3375,
    "sigui": 0.3748198177048193,
    "sse": 110.8151176589261,
    "sc": 0.1712245985309398,
    "ch": 11.32615585817,
    "db": 1.1460227472829614,
    "bic": -551.6455531490207,
    "xb": 37.78467692669064
}