{
    "dataset": "blobs-P2-K4-N64-dt0.40-S3",
    "algorithm": "kmeans",
    "k": 16,
    "n": 64,
    "d": 2,
    "k_true": 4,
    "rand_score": 0.7782738095238095,
    "adjusted_rand_score": 0.18366814505609183,
    "accuracy": 0.296875,
    "f1_score": 0.10915443252399773,
    "precision": 0.20922619047619048,
    "recall": 0.07421875,
    "sigui": 0.14196328374133346,
    "sse": 5.850242659506531,
    "sc": 0.377276374992917,
    "ch": 66.81418981047018,
    "db": 0.6022570259473152,
    "bic": -254.5895288276199,
    "xb": 30.241158728886873
}