{
    "dataset": "blobs-P5-K8-N1024-dt0.30-S2",
    "algorithm": "kmeans",
    "k": 20,
    "n": 1024,
    "d": 5,
    "k_true": 8,
    "rand_score": 0.9284331469941349,
    "adjusted_rand_score": 0.5739833185264426,
    "accuracy": 0.5,
    "f1_score": 0.2567882247747279,
    "precision": 0.3903476083338899,
    "recall": 0.2,
    "sigui": 0.27108810141292083,
    "sse": 741.5369952410483,
    "sc": 0.1924280734843016,
    "ch": 312.01033053395497,
    "db": 1.6366489623008735,
    "bic": -5719.083241272525,
    "xb": 955.8191637958004
}