{
    "dataset": "blobs-P5-K4-N64-dt0.50-S4",
    "algorithm": "kmeans",
    "k": 4,
    "n": 64,
    "d": 5,
    "k_true": 4,
    "rand_score": 0.779265873015873,
    "adjusted_rand_score": 0.43339598617595343,
    "accuracy": 0.640625,
    "f1_score": 0.5857742181540808,
    "precision": 0.5773809523809523,
    "recall": 0.640625,
    "sigui": 0.4405084634926494,
    "sse": 171.80196614665607,
    "sc": 0.22015212752786634,
    "ch": 17.25219299607281,
    "db": 1.3951857735165014,
    "bic": -486.67059668980505,
    "xb": 57.09268101763283
}