{
    "dataset": "blobs-P5-K4-N128-dt0.40-S3",
    "algorithm": "kmeans",
    "k": 50,
    "n": 128,
    "d": 5,
    "k_true": 4,
    "rand_score": 0.7641486220472441,
    "adjusted_rand_score": 0.07138034809076449,
    "accuracy": 0.140625,
    "f1_score": 0.01933333333333333,
    "precision": 0.075,
    "recall": 0.01125,
    "sigui": 0.1874733130774377,
    "sse": 49.39730283696631,
    "sc": 0.20231111156312437,
    "ch": 19.03227534621278,
    "db": 0.7666679796923027,
    "bic": -1329.840702069313,
    "xb": 61.375972277162056
}