{
    "dataset": "blobs-P2-K8-N128-dt0.20-S1",
    "algorithm": "kmeans",
    "k": 2,
    "n": 128,
    "d": 2,
    "k_true": 8,
    "rand_score": 0.5610236220472441,
    "adjusted_rand_score": 0.17883963002696512,
    "accuracy": 0.25,
    "f1_score": 0.10666666666666666,
    "precision": 0.06926406926406926,
    "recall": 0.25,
    "sigui": 0.4360176505325668,
    "sse": 120.02388054907459,
    "sc": 0.47940332430824434,
    "ch": 142.74651821319316,
    "db": 0.8370729795702236,
    "bic": -363.2287640046991,
    "xb": 23.94507680523272
}