{
    "dataset": "blobs-P2-K4-N128-dt0.70-S6",
    "algorithm": "kmeans",
    "k": 10,
    "n": 128,
    "d": 2,
    "k_true": 4,
    "rand_score": 0.7696850393700787,
    "adjusted_rand_score": 0.23838568929836815,
    "accuracy": 0.40625,
    "f1_score": 0.2114102663463277,
    "precision": 0.31239218447456435,
    "recall": 0.1625,
    "sigui": 0.20569073779844496,
    "sse": 27.811849200803145,
    "sc": 0.3718275895528958,
    "ch": 107.57286140041532,
    "db": 0.8087378622194977,
    "bic": -432.7892217004419,
    "xb": 43.59662779086934
}