{
    "dataset": "blobs-P2-K4-N1024-dt0.30-S2",
    "algorithm": "kmeans",
    "k": 16,
    "n": 1024,
    "d": 2,
    "k_true": 4,
    "rand_score": 0.811942509775171,
    "adjusted_rand_score": 0.3354097019083438,
    "accuracy": 0.326171875,
    "f1_score": 0.12235813882912713,
    "precision": 0.24936868686868688,
    "recall": 0.08154296875,
    "sigui": 0.10829765140270757,
    "sse": 44.272259668166875,
    "sc": 0.33238722306786295,
    "ch": 3041.4192805956327,
    "db": 0.9046870371525888,
    "bic": -1938.7540685233662,
    "xb": 290.13973217218256
}