{
    "dataset": "blobs-P2-K2-N128-dt0.30-S2",
    "algorithm": "kmeans",
    "k": 8,
    "n": 128,
    "d": 2,
    "k_true": 2,
    "rand_score": 0.6129429133858267,
    "adjusted_rand_score": 0.22138728548989955,
    "accuracy": 0.3359375,
    "f1_score": 0.12426470588235294,
    "precision": 0.23958333333333331,
    "recall": 0.083984375,
    "sigui": 0.25753850838883807,
    "sse": 36.32362148448234,
    "sc": 0.348256114435351,
    "ch": 103.67580710972159,
    "db": 0.9049517349653431,
    "bic": -429.84104101312727,
    "xb": 38.83134232354338
}