{
    "dataset": "blobs-P2-K16-N128-dt0.30-S2",
    "algorithm": "kmeans",
    "k": 25,
    "n": 128,
    "d": 2,
    "k_true": 16,
    "rand_score": 0.98314468503937,
    "adjusted_rand_score": 0.814602491289013,
    "accuracy": 0.8046875,
    "f1_score": 0.561280758457229,
    "precision": 0.6355555555555555,
    "recall": 0.515,
    "sigui": 0.03446287930081921,
    "sse": 0.728909992232206,
    "sc": 0.5713960461339782,
    "ch": 1502.9817667817101,
    "db": 0.5616329133082414,
    "bic": -196.69180832936746,
    "xb": 78.4982676150035
}