{
    "dataset": "blobs-P2-K8-N128-dt0.30-S2",
    "algorithm": "kmeans",
    "k": 3,
    "n": 128,
    "d": 2,
    "k_true": 8,
    "rand_score": 0.6535433070866141,
    "adjusted_rand_score": 0.26743576297850025,
    "accuracy": 0.375,
    "f1_score": 0.25,
    "precision": 0.2125,
    "recall": 0.375,
    "sigui": 0.3033787040310196,
    "sse": 79.17138966446362,
    "sc": 0.5803500599114679,
    "ch": 139.59320649554877,
    "db": 0.5801516407501468,
    "bic": -350.134896733205,
    "xb": 16.767258356812814
}