{
    "dataset": "blobs-P10-K32-N1024-dt0.90-S8",
    "algorithm": "kmeans",
    "k": 8,
    "n": 1024,
    "d": 10,
    "k_true": 32,
    "rand_score": 0.8580710074535679,
    "adjusted_rand_score": 0.03816390743082307,
    "accuracy": 0.1201171875,
    "f1_score": 0.04802372674755245,
    "precision": 0.030042415018769898,
    "recall": 0.1201171875,
    "sigui": 0.5180260804179329,
    "sse": 7363.261710174037,
    "sc": 0.0727281352374599,
    "ch": 56.705578461332074,
    "db": 2.2783706892041033,
    "bic": -15273.113203495532,
    "xb": 1433.4601942145978
}