{
    "dataset": "blobs-P10-K16-N128-dt0.60-S5",
    "algorithm": "kmeans",
    "k": 10,
    "n": 128,
    "d": 10,
    "k_true": 16,
    "rand_score": 0.8700787401574803,
    "adjusted_rand_score": 0.13084729945172455,
    "accuracy": 0.3125,
    "f1_score": 0.24344567070860174,
    "precision": 0.2144274536737772,
    "recall": 0.3125,
    "sigui": 0.49278390387878557,
    "sse": 761.9965252748775,
    "sc": 0.08190563373417964,
    "ch": 8.912902995998259,
    "db": 1.9333838250753845,
    "bic": -2039.150326229773,
    "xb": 187.31277726801275
}