{
    "dataset": "blobs-P10-K8-N1024-dt0.90-S8",
    "algorithm": "kmeans",
    "k": 2,
    "n": 1024,
    "d": 10,
    "k_true": 8,
    "rand_score": 0.527089824657869,
    "adjusted_rand_score": 0.056089744144917665,
    "accuracy": 0.2236328125,
    "f1_score": 0.08968245811094878,
    "precision": 0.056128748808306816,
    "recall": 0.2236328125,
    "sigui": 0.5661649999562006,
    "sse": 9438.247569412248,
    "sc": 0.07717744008374063,
    "ch": 86.82253316455333,
    "db": 3.346784973684506,
    "bic": -14896.650926461038,
    "xb": 2591.9994701679307
}