{
    "dataset": "blobs-P2-K2-N64-dt0.10-S0",
    "algorithm": "kmeans",
    "k": 2,
    "n": 64,
    "d": 2,
    "k_true": 2,
    "rand_score": 0.5,
    "adjusted_rand_score": -0.000189000189000189,
    "accuracy": 0.5625,
    "f1_score": 0.5620723362658846,
    "precision": 0.5627450980392157,
    "recall": 0.5625,
    "sigui": 0.5073555785965274,
    "sse": 85.21613495457177,
    "sc": 0.31663394966304076,
    "ch": 31.12790358575449,
    "db": 1.3645684626792114,
    "bic": -212.3313101213891,
    "xb": 27.602834152091813
}