{
    "dataset": "blobs-P2-K8-N1024-dt0.10-S0",
    "algorithm": "kmeans",
    "k": 10,
    "n": 1024,
    "d": 2,
    "k_true": 8,
    "rand_score": 0.9844284579667644,
    "adjusted_rand_score": 0.9243219139040534,
    "accuracy": 0.880859375,
    "f1_score": 0.7373737373737373,
    "precision": 0.8,
    "recall": 0.7046875,
    "sigui": 0.031695088718683234,
    "sse": 3.578984540300487,
    "sc": 0.7626052927935902,
    "ch": 64398.61032805869,
    "db": 0.5118966552386024,
    "bic": 1185.6909994492414,
    "xb": 77.99415486692071
}