{
    "dataset": "blobs-P10-K2-N64-dt0.10-S0",
    "algorithm": "kmeans",
    "k": 8,
    "n": 64,
    "d": 10,
    "k_true": 2,
    "rand_score": 0.6418650793650794,
    "adjusted_rand_score": 0.27530828792658446,
    "accuracy": 0.375,
    "f1_score": 0.13617571059431524,
    "precision": 0.25,
    "recall": 0.09375,
    "sigui": 0.38238327701527414,
    "sse": 201.53078934401637,
    "sc": 0.11861272357621405,
    "ch": 17.405547294612518,
    "db": 1.6436278926902101,
    "bic": -850.531321041477,
    "xb": 65.64043807300824
}