{
    "dataset": "blobs-P5-K4-N1024-dt0.40-S3",
    "algorithm": "kmeans",
    "k": 3,
    "n": 1024,
    "d": 5,
    "k_true": 4,
    "rand_score": 0.8429767686950147,
    "adjusted_rand_score": 0.6356063248053877,
    "accuracy": 0.728515625,
    "f1_score": 0.640062213152067,
    "precision": 0.588140745850668,
    "recall": 0.728515625,
    "sigui": 0.44680487865579216,
    "sse": 2642.6123211864424,
    "sc": 0.3207593019774758,
    "ch": 478.58189409580604,
    "db": 1.1753715454288993,
    "bic": -6716.173742295399,
    "xb": 420.56502436684013
}