{
    "dataset": "blobs-P5-K32-N1024-dt0.30-S2",
    "algorithm": "kmeans",
    "k": 32,
    "n": 1024,
    "d": 5,
    "k_true": 32,
    "rand_score": 0.9975142045454546,
    "adjusted_rand_score": 0.9586441487139703,
    "accuracy": 0.9560546875,
    "f1_score": 0.9501061760736684,
    "precision": 0.9524260461760462,
    "recall": 0.9560546875,
    "sigui": 0.13025882876576725,
    "sse": 139.9956955362643,
    "sc": 0.5682961410112541,
    "ch": 1138.3216971950337,
    "db": 0.6755407327313367,
    "bic": -2244.297103823714,
    "xb": 839.2443155573011
}