{
    "dataset": "blobs-P5-K4-N64-dt0.90-S8",
    "algorithm": "kmeans",
    "k": 3,
    "n": 64,
    "d": 5,
    "k_true": 4,
    "rand_score": 0.6651785714285714,
    "adjusted_rand_score": 0.17783191230207065,
    "accuracy": 0.53125,
    "f1_score": 0.455547652916074,
    "precision": 0.39880952380952384,
    "recall": 0.53125,
    "sigui": 0.474900677559108,
    "sse": 219.99366183044867,
    "sc": 0.18440200402296253,
    "ch": 13.864914510683176,
    "db": 1.6481787632146496,
    "bic": -502.0118328674191,
    "xb": 45.79083862931436
}