{
    "dataset": "blobs-P10-K32-N1024-dt1.00-S9",
    "algorithm": "kmeans",
    "k": 10,
    "n": 1024,
    "d": 10,
    "k_true": 32,
    "rand_score": 0.8816287878787878,
    "adjusted_rand_score": 0.054441260744985676,
    "accuracy": 0.14453125,
    "f1_score": 0.06874634946062073,
    "precision": 0.045310930168099964,
    "recall": 0.14453125,
    "sigui": 0.5120812666669846,
    "sse": 7066.427211108128,
    "sc": 0.07154464516634428,
    "ch": 50.59924299318064,
    "db": 2.1502090067095567,
    "bic": -15360.050012393423,
    "xb": 1298.710445838393
}