{
    "dataset": "blobs-P2-K32-N64-dt0.60-S5",
    "algorithm": "kmeans",
    "k": 3,
    "n": 64,
    "d": 2,
    "k_true": 32,
    "rand_score": 0.6607142857142857,
    "adjusted_rand_score": 0.056902740085791825,
    "accuracy": 0.09375,
    "f1_score": 0.017857142857142856,
    "precision": 0.01001602564102564,
    "recall": 0.09375,
    "sigui": 0.3572718692216086,
    "sse": 39.39555654891643,
    "sc": 0.4355276664223206,
    "ch": 68.59747042544018,
    "db": 0.9551784274454862,
    "bic": -191.9241708706865,
    "xb": 16.607553816491055
}