{
    "dataset": "blobs-P10-K2-N128-dt0.70-S6",
    "algorithm": "kmeans",
    "k": 20,
    "n": 128,
    "d": 10,
    "k_true": 2,
    "rand_score": 0.5233759842519685,
    "adjusted_rand_score": 0.04000390243902439,
    "accuracy": 0.1640625,
    "f1_score": 0.02798719772403983,
    "precision": 0.09583333333333333,
    "recall": 0.01640625,
    "sigui": 0.43795491760346356,
    "sse": 588.5527377931766,
    "sc": 0.07831884298618379,
    "ch": 6.67796028095178,
    "db": 1.6527387804736722,
    "bic": -2230.373663495352,
    "xb": 180.2412389097405
}