{
    "dataset": "blobs-P2-K32-N1024-dt0.50-S4",
    "algorithm": "kmeans",
    "k": 8,
    "n": 1024,
    "d": 2,
    "k_true": 32,
    "rand_score": 0.8838282013685239,
    "adjusted_rand_score": 0.3038980632403942,
    "accuracy": 0.25,
    "f1_score": 0.11604620382378754,
    "precision": 0.08372028101036641,
    "recall": 0.25,
    "sigui": 0.1880079152479704,
    "sse": 204.7070576167725,
    "sc": 0.5178346378490111,
    "ch": 1306.9447009962034,
    "db": 0.6484634535085325,
    "bic": -2662.7553365489066,
    "xb": 503.6405331009658
}