{
    "dataset": "blobs-P5-K4-N64-dt0.80-S7",
    "algorithm": "kmeans",
    "k": 3,
    "n": 64,
    "d": 5,
    "k_true": 4,
    "rand_score": 0.5773809523809523,
    "adjusted_rand_score": -0.011304544426859598,
    "accuracy": 0.34375,
    "f1_score": 0.29523809523809524,
    "precision": 0.2673992673992674,
    "recall": 0.34375,
    "sigui": 0.497081350268759,
    "sse": 225.13521079437376,
    "sc": 0.15838140113227023,
    "ch": 12.85172612743482,
    "db": 1.7770870531524536,
    "bic": -503.65049229453075,
    "xb": 60.29467659607019
}