{
    "dataset": "blobs-P10-K32-N64-dt0.50-S4",
    "algorithm": "kmeans",
    "k": 3,
    "n": 64,
    "d": 10,
    "k_true": 32,
    "rand_score": 0.6741071428571429,
    "adjusted_rand_score": 0.03072383673278224,
    "accuracy": 0.09375,
    "f1_score": 0.016369047619047616,
    "precision": 0.008982793522267206,
    "recall": 0.09375,
    "sigui": 0.5331366033716757,
    "sse": 508.8736011300305,
    "sc": 0.09022761007860408,
    "ch": 7.859230969444864,
    "db": 2.3940883579656798,
    "bic": -973.308582490437,
    "xb": 107.74558367843996
}