{
    "dataset": "blobs-P10-K4-N64-dt1.00-S9",
    "algorithm": "kmeans",
    "k": 25,
    "n": 64,
    "d": 10,
    "k_true": 4,
    "rand_score": 0.7410714285714286,
    "adjusted_rand_score": -0.006241968055810538,
    "accuracy": 0.140625,
    "f1_score": 0.035849624060150374,
    "precision": 0.09066666666666666,
    "recall": 0.0225,
    "sigui": 0.33660388662242785,
    "sse": 186.1455308106754,
    "sc": 0.07617917810405334,
    "ch": 3.962026427498609,
    "db": 1.1185355250640523,
    "bic": -1315.1339442486114,
    "xb": 46.99354026715891
}