{
    "dataset": "blobs-P2-K16-N64-dt0.50-S4",
    "algorithm": "kmeans",
    "k": 10,
    "n": 64,
    "d": 2,
    "k_true": 16,
    "rand_score": 0.9508928571428571,
    "adjusted_rand_score": 0.6292134831460674,
    "accuracy": 0.625,
    "f1_score": 0.4968434343434343,
    "precision": 0.4294642857142857,
    "recall": 0.625,
    "sigui": 0.11344925829275983,
    "sse": 3.397211722361717,
    "sc": 0.645781893112437,
    "ch": 220.06774695399082,
    "db": 0.4687065440998346,
    "bic": -157.30686355829639,
    "xb": 12.826085929110944
}