{
    "dataset": "blobs-P5-K16-N128-dt0.30-S2",
    "algorithm": "kmeans",
    "k": 4,
    "n": 128,
    "d": 5,
    "k_true": 16,
    "rand_score": 0.8036417322834646,
    "adjusted_rand_score": 0.28918907545343603,
    "accuracy": 0.25,
    "f1_score": 0.10115089514066497,
    "precision": 0.06363866396761134,
    "recall": 0.25,
    "sigui": 0.41726674165302924,
    "sse": 260.20203309940683,
    "sc": 0.3374616367099944,
    "ch": 60.33125790076812,
    "db": 1.1012723086337113,
    "bic": -854.8154648780352,
    "xb": 47.82494584815117
}