{
    "dataset": "blobs-P2-K32-N64-dt0.20-S1",
    "algorithm": "kmeans",
    "k": 8,
    "n": 64,
    "d": 2,
    "k_true": 32,
    "rand_score": 0.8908730158730159,
    "adjusted_rand_score": 0.2028985507246377,
    "accuracy": 0.25,
    "f1_score": 0.10892857142857143,
    "precision": 0.07239583333333333,
    "recall": 0.25,
    "sigui": 0.16256248434702716,
    "sse": 7.973983569866891,
    "sc": 0.5190720565774318,
    "ch": 120.41762100810217,
    "db": 0.5929070022097287,
    "bic": -183.72357333964436,
    "xb": 22.02603541210029
}