{
    "dataset": "blobs-P5-K4-N64-dt0.80-S7",
    "algorithm": "kmeans",
    "k": 8,
    "n": 64,
    "d": 5,
    "k_true": 4,
    "rand_score": 0.7083333333333334,
    "adjusted_rand_score": 0.05219527172244397,
    "accuracy": 0.328125,
    "f1_score": 0.2055373107097245,
    "precision": 0.2970668220668221,
    "recall": 0.1640625,
    "sigui": 0.39348285713813946,
    "sse": 121.76254466220153,
    "sc": 0.1974603717735867,
    "ch": 13.024527756889881,
    "db": 1.2226785654835757,
    "bic": -527.4657174713691,
    "xb": 36.86185434583475
}