{
    "dataset": "blobs-P5-K4-N64-dt0.50-S4",
    "algorithm": "kmeans",
    "k": 16,
    "n": 64,
    "d": 5,
    "k_true": 4,
    "rand_score": 0.7787698412698413,
    "adjusted_rand_score": 0.18471448467966572,
    "accuracy": 0.34375,
    "f1_score": 0.12437699362041468,
    "precision": 0.2421875,
    "recall": 0.0859375,
    "sigui": 0.2948571540149225,
    "sse": 61.88914938111648,
    "sc": 0.1778911160373133,
    "ch": 13.345711328073953,
    "db": 1.007344854780471,
    "bic": -565.8601598995151,
    "xb": 32.27765548589603
}