{
    "dataset": "blobs-P5-K32-N1024-dt0.90-S8",
    "algorithm": "kmeans",
    "k": 32,
    "n": 1024,
    "d": 5,
    "k_true": 32,
    "rand_score": 0.9527107007575758,
    "adjusted_rand_score": 0.22516089218019925,
    "accuracy": 0.396484375,
    "f1_score": 0.3943519060669879,
    "precision": 0.40552821912775516,
    "recall": 0.396484375,
    "sigui": 0.343024144918347,
    "sse": 1285.7956846594504,
    "sc": 0.1567809931554261,
    "ch": 95.42304392116071,
    "db": 1.4737929986999618,
    "bic": -7901.671432864196,
    "xb": 856.7241449055732
}