{
    "dataset": "blobs-P5-K2-N1024-dt0.70-S6",
    "algorithm": "kmeans",
    "k": 16,
    "n": 1024,
    "d": 5,
    "k_true": 2,
    "rand_score": 0.5159381109481916,
    "adjusted_rand_score": 0.031047529800383434,
    "accuracy": 0.125,
    "f1_score": 0.02720879381505916,
    "precision": 0.10521645021645021,
    "recall": 0.015625,
    "sigui": 0.40971917136558944,
    "sse": 2035.9814304552835,
    "sc": 0.13952927382498956,
    "ch": 101.79171812341184,
    "db": 1.4923548806600695,
    "bic": -8068.372318763538,
    "xb": 863.0273791952519
}