{
    "dataset": "blobs-P10-K4-N64-dt0.40-S3",
    "algorithm": "kmeans",
    "k": 32,
    "n": 64,
    "d": 10,
    "k_true": 4,
    "rand_score": 0.7673611111111112,
    "adjusted_rand_score": 0.09501056693926307,
    "accuracy": 0.21875,
    "f1_score": 0.040960592769803295,
    "precision": 0.1015625,
    "recall": 0.02734375,
    "sigui": 0.22978707867865228,
    "sse": 102.62759900168601,
    "sc": 0.11786199558420465,
    "ch": 5.405046985166162,
    "db": 0.8168962061200468,
    "bic": -1322.3665305928812,
    "xb": 44.57652178434056
}