{
    "dataset": "blobs-P5-K4-N1024-dt1.00-S9",
    "algorithm": "kmeans",
    "k": 3,
    "n": 1024,
    "d": 5,
    "k_true": 4,
    "rand_score": 0.6142492210410557,
    "adjusted_rand_score": 0.07342687686357985,
    "accuracy": 0.3984375,
    "f1_score": 0.3409518443179997,
    "precision": 0.2981386070266662,
    "recall": 0.3984375,
    "sigui": 0.5081061254674127,
    "sse": 3855.8477549171475,
    "sc": 0.13784822349843,
    "ch": 167.3748830772149,
    "db": 1.9606056603771325,
    "bic": -7725.734999649086,
    "xb": 1006.7698788836609
}