{
    "dataset": "blobs-P5-K4-N64-dt0.70-S6",
    "algorithm": "kmeans",
    "k": 50,
    "n": 64,
    "d": 5,
    "k_true": 4,
    "rand_score": 0.7604166666666666,
    "adjusted_rand_score": 0.012077529950326288,
    "accuracy": 0.125,
    "f1_score": 0.017543859649122806,
    "precision": 0.07333333333333333,
    "recall": 0.01,
    "sigui": 0.056332678177017134,
    "sse": 4.329023462623699,
    "sc": 0.12342489816540746,
    "ch": 20.83419236712681,
    "db": 0.3478843136036523,
    "bic": -752.7789243802595,
    "xb": 24.867466520129927
}