{
    "dataset": "blobs-P5-K32-N64-dt0.20-S1",
    "algorithm": "kmeans",
    "k": 16,
    "n": 64,
    "d": 5,
    "k_true": 32,
    "rand_score": 0.9578373015873016,
    "adjusted_rand_score": 0.4070424094784631,
    "accuracy": 0.5,
    "f1_score": 0.3572916666666667,
    "precision": 0.296875,
    "recall": 0.5,
    "sigui": 0.24916631195550562,
    "sse": 43.08031034416482,
    "sc": 0.4164553490868821,
    "ch": 20.569559499905036,
    "db": 0.790728963992063,
    "bic": -511.428054737858,
    "xb": 24.018600718590104
}