{
    "dataset": "blobs-P2-K2-N1024-dt0.70-S6",
    "algorithm": "kmeans",
    "k": 25,
    "n": 1024,
    "d": 2,
    "k_true": 2,
    "rand_score": 0.5113120876099707,
    "adjusted_rand_score": 0.021758762575487558,
    "accuracy": 0.099609375,
    "f1_score": 0.013999905851339265,
    "precision": 0.0575873015873016,
    "recall": 0.00796875,
    "sigui": 0.17557466184188525,
    "sse": 126.99239146596628,
    "sc": 0.3307747156663969,
    "ch": 629.6593109411499,
    "db": 0.8244897854297105,
    "bic": -3502.3433064893843,
    "xb": 339.1047695536116
}