{
    "dataset": "blobs-P10-K2-N1024-dt0.80-S7",
    "algorithm": "kmeans",
    "k": 20,
    "n": 1024,
    "d": 10,
    "k_true": 2,
    "rand_score": 0.5096988025415444,
    "adjusted_rand_score": 0.018533893123250624,
    "accuracy": 0.0927734375,
    "f1_score": 0.016739638061879742,
    "precision": 0.08587027379400261,
    "recall": 0.00927734375,
    "sigui": 0.49148338323596796,
    "sse": 6098.455059572362,
    "sc": 0.07479038032483665,
    "ch": 35.88580247888591,
    "db": 2.0175425108796814,
    "bic": -15699.050279768944,
    "xb": 1168.2840582939823
}