{
    "dataset": "blobs-P2-K4-N1024-dt0.90-S8",
    "algorithm": "kmeans",
    "k": 4,
    "n": 1024,
    "d": 2,
    "k_true": 4,
    "rand_score": 0.8088400384897361,
    "adjusted_rand_score": 0.4900970618363007,
    "accuracy": 0.7568359375,
    "f1_score": 0.7575317135563117,
    "precision": 0.7598974084200899,
    "recall": 0.7568359375,
    "sigui": 0.3369277406007185,
    "sse": 564.4442411993357,
    "sc": 0.3868270313460769,
    "ch": 893.6382394839446,
    "db": 0.8394767742349086,
    "bic": -3044.9213304568425,
    "xb": 242.80896626777994
}