{
    "dataset": "blobs-P5-K32-N128-dt0.10-S0",
    "algorithm": "kmeans",
    "k": 2,
    "n": 128,
    "d": 5,
    "k_true": 32,
    "rand_score": 0.5255905511811023,
    "adjusted_rand_score": 0.04760867535862091,
    "accuracy": 0.0625,
    "f1_score": 0.007378472222222222,
    "precision": 0.00392156862745098,
    "recall": 0.0625,
    "sigui": 0.5428098374465633,
    "sse": 510.3394734399563,
    "sc": 0.20122666026355857,
    "ch": 32.01246855635919,
    "db": 1.9330294668309165,
    "bic": -953.2995410405506,
    "xb": 112.61643876537529
}