{
    "dataset": "blobs-P2-K4-N64-dt0.20-S1",
    "algorithm": "kmeans",
    "k": 32,
    "n": 64,
    "d": 2,
    "k_true": 4,
    "rand_score": 0.7886904761904762,
    "adjusted_rand_score": 0.16188870151770657,
    "accuracy": 0.25,
    "f1_score": 0.05,
    "precision": 0.125,
    "recall": 0.03125,
    "sigui": 0.023568465012650315,
    "sse": 0.1706377821825037,
    "sc": 0.3324912269518059,
    "ch": 773.2923409082215,
    "db": 0.3612719054336594,
    "bic": -181.3127610284923,
    "xb": 102.03724180896816
}