{
    "dataset": "blobs-P10-K8-N1024-dt0.80-S7",
    "algorithm": "kmeans",
    "k": 16,
    "n": 1024,
    "d": 10,
    "k_true": 8,
    "rand_score": 0.8388204117790812,
    "adjusted_rand_score": 0.06011294876755797,
    "accuracy": 0.197265625,
    "f1_score": 0.1325958959742744,
    "precision": 0.20671507906145672,
    "recall": 0.0986328125,
    "sigui": 0.49634197147240294,
    "sse": 6344.53271564874,
    "sc": 0.07388566280120648,
    "ch": 41.2599971094384,
    "db": 2.143704348678726,
    "bic": -15516.91276024129,
    "xb": 1632.8168415282519
}