{
    "dataset": "blobs-P5-K8-N1024-dt0.10-S0",
    "algorithm": "kmeans",
    "k": 20,
    "n": 1024,
    "d": 5,
    "k_true": 8,
    "rand_score": 0.9342829759286413,
    "adjusted_rand_score": 0.6089793596476059,
    "accuracy": 0.5068359375,
    "f1_score": 0.2604852261978389,
    "precision": 0.4,
    "recall": 0.202734375,
    "sigui": 0.0851152282927216,
    "sse": 57.261259314419064,
    "sc": 0.25036104279354154,
    "ch": 4672.020431583641,
    "db": 1.681685250374222,
    "bic": 835.5626284040022,
    "xb": 683.5193203363939
}