{
    "dataset": "blobs-P5-K2-N128-dt0.90-S8",
    "algorithm": "kmeans",
    "k": 16,
    "n": 128,
    "d": 5,
    "k_true": 2,
    "rand_score": 0.5091043307086615,
    "adjusted_rand_score": 0.011524701641314144,
    "accuracy": 0.15625,
    "f1_score": 0.03239020270270271,
    "precision": 0.09921875,
    "recall": 0.01953125,
    "sigui": 0.37028209727000927,
    "sse": 216.1710816534192,
    "sc": 0.1437817712654464,
    "ch": 14.639281224773159,
    "db": 1.207393112995697,
    "bic": -1132.0037759189088,
    "xb": 102.03818136390046
}