{
    "dataset": "blobs-P10-K16-N64-dt0.80-S7",
    "algorithm": "kmeans",
    "k": 25,
    "n": 64,
    "d": 10,
    "k_true": 16,
    "rand_score": 0.9141865079365079,
    "adjusted_rand_score": 0.03965107057890563,
    "accuracy": 0.34375,
    "f1_score": 0.2523001443001443,
    "precision": 0.3965714285714286,
    "recall": 0.22,
    "sigui": 0.3165568002921858,
    "sse": 171.21495177058443,
    "sc": 0.08129712814742387,
    "ch": 4.449235861091877,
    "db": 1.0148593247306008,
    "bic": -1282.7066583848352,
    "xb": 48.61691478419347
}