{
    "dataset": "blobs-P10-K4-N1024-dt0.30-S2",
    "algorithm": "kmeans",
    "k": 4,
    "n": 1024,
    "d": 10,
    "k_true": 4,
    "rand_score": 0.964864751344086,
    "adjusted_rand_score": 0.9061229206001691,
    "accuracy": 0.962890625,
    "f1_score": 0.9628769636509573,
    "precision": 0.9628741689389995,
    "recall": 0.962890625,
    "sigui": 0.42065813225352733,
    "sse": 4090.3161298688196,
    "sc": 0.29004150942038887,
    "ch": 511.1811531084907,
    "db": 1.3749788460142898,
    "bic": -11403.497496964363,
    "xb": 712.0347912879049
}