{
    "dataset": "blobs-P2-K4-N64-dt0.20-S1",
    "algorithm": "kmeans",
    "k": 4,
    "n": 64,
    "d": 2,
    "k_true": 4,
    "rand_score": 1.0,
    "adjusted_rand_score": 1.0,
    "accuracy": 1.0,
    "f1_score": 1.0,
    "precision": 1.0,
    "recall": 1.0,
    "sigui": 0.1338103009139994,
    "sse": 4.281511449764249,
    "sc": 0.6542382455833082,
    "ch": 577.9196902862329,
    "db": 0.4867708059632505,
    "bic": -77.97638806617738,
    "xb": 11.16153721234166
}