{
    "dataset": "blobs-P5-K2-N1024-dt0.50-S4",
    "algorithm": "kmeans",
    "k": 10,
    "n": 1024,
    "d": 5,
    "k_true": 2,
    "rand_score": 0.543892809139785,
    "adjusted_rand_score": 0.08707394114988182,
    "accuracy": 0.2216796875,
    "f1_score": 0.07133560153499227,
    "precision": 0.18304597701149425,
    "recall": 0.0443359375,
    "sigui": 0.4314032043114985,
    "sse": 2356.5870359738515,
    "sc": 0.1524367199617725,
    "ch": 132.1167105341464,
    "db": 1.443225688987439,
    "bic": -7833.665190231838,
    "xb": 722.8512822861942
}