{
    "dataset": "blobs-P2-K4-N128-dt1.00-S9",
    "algorithm": "kmeans",
    "k": 32,
    "n": 128,
    "d": 2,
    "k_true": 4,
    "rand_score": 0.7535679133858267,
    "adjusted_rand_score": 0.07028905790295052,
    "accuracy": 0.1953125,
    "f1_score": 0.038327991452991456,
    "precision": 0.09383585164835165,
    "recall": 0.0244140625,
    "sigui": 0.10834267815008791,
    "sse": 6.503499626136437,
    "sc": 0.36384321737425496,
    "ch": 118.80285510178746,
    "db": 0.5414546771819332,
    "bic": -540.6884401515285,
    "xb": 60.92391547866237
}