{
    "dataset": "blobs-P5-K4-N128-dt0.80-S7",
    "algorithm": "kmeans",
    "k": 2,
    "n": 128,
    "d": 5,
    "k_true": 4,
    "rand_score": 0.5693897637795275,
    "adjusted_rand_score": 0.16932656585212705,
    "accuracy": 0.453125,
    "f1_score": 0.3070175438596491,
    "precision": 0.23886532343584305,
    "recall": 0.453125,
    "sigui": 0.519798266953905,
    "sse": 504.4685415964967,
    "sc": 0.21081325584988758,
    "ch": 33.85139478627899,
    "db": 1.7776271940220518,
    "bic": -944.7156462164028,
    "xb": 99.83366447176353
}