{
    "dataset": "blobs-P2-K32-N64-dt0.80-S7",
    "algorithm": "kmeans",
    "k": 10,
    "n": 64,
    "d": 2,
    "k_true": 32,
    "rand_score": 0.9211309523809523,
    "adjusted_rand_score": 0.2468987294188407,
    "accuracy": 0.3125,
    "f1_score": 0.1544191919191919,
    "precision": 0.10441468253968253,
    "recall": 0.3125,
    "sigui": 0.1618165829311486,
    "sse": 6.549226329751392,
    "sc": 0.4671455037041091,
    "ch": 111.26575954646431,
    "db": 0.6704104898517401,
    "bic": -200.03766144777242,
    "xb": 19.19018684906904
}