{
    "dataset": "blobs-P2-K16-N128-dt1.00-S9",
    "algorithm": "kmeans",
    "k": 8,
    "n": 128,
    "d": 2,
    "k_true": 16,
    "rand_score": 0.9120324803149606,
    "adjusted_rand_score": 0.49027477616548315,
    "accuracy": 0.5,
    "f1_score": 0.3528007630799984,
    "precision": 0.289781746031746,
    "recall": 0.5,
    "sigui": 0.16627958222532108,
    "sse": 16.524216017296816,
    "sc": 0.534221732457641,
    "ch": 248.44138745777428,
    "db": 0.5683599231477595,
    "bic": -329.5136842433977,
    "xb": 23.416528362253825
}