{
    "dataset": "blobs-P2-K32-N128-dt0.70-S6",
    "algorithm": "kmeans",
    "k": 8,
    "n": 128,
    "d": 2,
    "k_true": 32,
    "rand_score": 0.8923474409448819,
    "adjusted_rand_score": 0.2725755244984126,
    "accuracy": 0.25,
    "f1_score": 0.10580357142857141,
    "precision": 0.06819574420677361,
    "recall": 0.25,
    "sigui": 0.20160589359061692,
    "sse": 22.608684045104734,
    "sc": 0.48857896075754303,
    "ch": 176.96713262108267,
    "db": 0.7248379576691899,
    "bic": -371.251364135568,
    "xb": 30.0431565270758
}