{
    "dataset": "blobs-P10-K8-N128-dt0.30-S2",
    "algorithm": "kmeans",
    "k": 4,
    "n": 128,
    "d": 10,
    "k_true": 8,
    "rand_score": 0.8004429133858267,
    "adjusted_rand_score": 0.3916625814339462,
    "accuracy": 0.4921875,
    "f1_score": 0.3485006652823736,
    "precision": 0.282666834105412,
    "recall": 0.4921875,
    "sigui": 0.49261840213777836,
    "sse": 785.3893293947199,
    "sc": 0.18670942221552317,
    "ch": 26.03028453939805,
    "db": 1.585850916265567,
    "bic": -1780.1491419833744,
    "xb": 93.2201233234169
}