{
    "dataset": "blobs-P10-K16-N1024-dt0.80-S7",
    "algorithm": "kmeans",
    "k": 20,
    "n": 1024,
    "d": 10,
    "k_true": 16,
    "rand_score": 0.9043064210654936,
    "adjusted_rand_score": 0.09304583653134275,
    "accuracy": 0.275390625,
    "f1_score": 0.2415879210423543,
    "precision": 0.26990600609436,
    "recall": 0.2203125,
    "sigui": 0.48187504456564545,
    "sse": 5900.827016452628,
    "sc": 0.0771234782376515,
    "ch": 38.8574406455831,
    "db": 2.0618935915935723,
    "bic": -15528.428971037552,
    "xb": 1374.2639942316134
}