{
    "dataset": "blobs-P2-K8-N64-dt0.10-S0",
    "algorithm": "kmeans",
    "k": 20,
    "n": 64,
    "d": 2,
    "k_true": 8,
    "rand_score": 0.9429563492063492,
    "adjusted_rand_score": 0.6275638718963656,
    "accuracy": 0.59375,
    "f1_score": 0.2878787878787879,
    "precision": 0.4,
    "recall": 0.2375,
    "sigui": 0.017743231954975805,
    "sse": 0.07657425098946749,
    "sc": 0.5064881724756174,
    "ch": 3868.7119881581275,
    "db": 0.5503510832394488,
    "bic": -15.768041480017274,
    "xb": 52.99605745040584
}