{
    "dataset": "blobs-P2-K4-N128-dt0.50-S4",
    "algorithm": "kmeans",
    "k": 2,
    "n": 128,
    "d": 2,
    "k_true": 4,
    "rand_score": 0.5872293307086615,
    "adjusted_rand_score": 0.18360914558556693,
    "accuracy": 0.453125,
    "f1_score": 0.3036833424958768,
    "precision": 0.23069182389937107,
    "recall": 0.453125,
    "sigui": 0.40795841564592084,
    "sse": 158.32956017049025,
    "sc": 0.3464765695603292,
    "ch": 77.72696017892385,
    "db": 1.116712723695096,
    "bic": -403.13909756521105,
    "xb": 44.298972067896834
}