{
    "dataset": "blobs-P10-K32-N64-dt0.30-S2",
    "algorithm": "kmeans",
    "k": 16,
    "n": 64,
    "d": 10,
    "k_true": 32,
    "rand_score": 0.9384920634920635,
    "adjusted_rand_score": 0.25129384703852786,
    "accuracy": 0.484375,
    "f1_score": 0.35639880952380953,
    "precision": 0.3130208333333333,
    "recall": 0.484375,
    "sigui": 0.39575158532362364,
    "sse": 230.76570950922311,
    "sc": 0.14778360898573287,
    "ch": 5.674802085437858,
    "db": 1.314659488820736,
    "bic": -1127.5864130424934,
    "xb": 63.525233122597676
}