{
    "dataset": "blobs-P5-K4-N64-dt0.40-S3",
    "algorithm": "kmeans",
    "k": 4,
    "n": 64,
    "d": 5,
    "k_true": 4,
    "rand_score": 0.7777777777777778,
    "adjusted_rand_score": 0.47860784748392815,
    "accuracy": 0.640625,
    "f1_score": 0.5909523809523809,
    "precision": 0.5997899159663866,
    "recall": 0.640625,
    "sigui": 0.3898394497249046,
    "sse": 123.74194576770762,
    "sc": 0.2270710970977931,
    "ch": 31.720537933145863,
    "db": 1.340464515047167,
    "bic": -426.2348616623883,
    "xb": 56.64054137489369
}