{
    "dataset": "blobs-P2-K4-N128-dt0.10-S0",
    "algorithm": "kmeans",
    "k": 50,
    "n": 128,
    "d": 2,
    "k_true": 4,
    "rand_score": 0.7770669291338582,
    "adjusted_rand_score": 0.1254959186465411,
    "accuracy": 0.1875,
    "f1_score": 0.025076023391812866,
    "precision": 0.08,
    "recall": 0.015,
    "sigui": 0.013557419918012521,
    "sse": 0.09152110868328098,
    "sc": 0.3558652017187673,
    "ch": 4451.044390519364,
    "db": 0.4692617598802839,
    "bic": -200.29831352416514,
    "xb": 179.96193064535174
}