{
    "dataset": "blobs-P5-K8-N1024-dt0.70-S6",
    "algorithm": "kmeans",
    "k": 25,
    "n": 1024,
    "d": 5,
    "k_true": 8,
    "rand_score": 0.8686881414956011,
    "adjusted_rand_score": 0.1525337484430675,
    "accuracy": 0.2490234375,
    "f1_score": 0.11880620474939203,
    "precision": 0.2390096380576066,
    "recall": 0.0796875,
    "sigui": 0.37243064076709975,
    "sse": 1568.8569635293031,
    "sc": 0.13367935379832319,
    "ch": 94.21912406887937,
    "db": 1.5253711296403596,
    "bic": -8028.399903308526,
    "xb": 849.5346116407566
}