{
    "dataset": "blobs-P5-K32-N64-dt0.40-S3",
    "algorithm": "kmeans",
    "k": 10,
    "n": 64,
    "d": 5,
    "k_true": 32,
    "rand_score": 0.9146825396825397,
    "adjusted_rand_score": 0.23776027011817671,
    "accuracy": 0.3125,
    "f1_score": 0.16409181096681097,
    "precision": 0.12003968253968253,
    "recall": 0.3125,
    "sigui": 0.3593979917469779,
    "sse": 88.94302723906186,
    "sc": 0.2643169437224969,
    "ch": 15.586852388545381,
    "db": 1.0825509551184733,
    "bic": -518.8574748594735,
    "xb": 28.49672863811538
}