{
    "dataset": "blobs-P2-K8-N128-dt0.50-S4",
    "algorithm": "kmeans",
    "k": 16,
    "n": 128,
    "d": 2,
    "k_true": 8,
    "rand_score": 0.906003937007874,
    "adjusted_rand_score": 0.4500606459072514,
    "accuracy": 0.5234375,
    "f1_score": 0.31196349207058927,
    "precision": 0.412863005050505,
    "recall": 0.26171875,
    "sigui": 0.11897688489481933,
    "sse": 7.955097550413308,
    "sc": 0.3869067059297562,
    "ch": 232.81532290709492,
    "db": 0.8302134701375681,
    "bic": -378.02110112221146,
    "xb": 53.787414621788436
}