{
    "dataset": "blobs-P2-K4-N1024-dt0.20-S1",
    "algorithm": "kmeans",
    "k": 50,
    "n": 1024,
    "d": 2,
    "k_true": 4,
    "rand_score": 0.7730881140029325,
    "adjusted_rand_score": 0.12939181340442008,
    "accuracy": 0.1396484375,
    "f1_score": 0.019567482530838617,
    "precision": 0.08,
    "recall": 0.011171875,
    "sigui": 0.08071190291856549,
    "sse": 23.891011085775304,
    "sc": 0.34150079818794543,
    "ch": 1684.078147783575,
    "db": 0.8422727071987828,
    "bic": -2782.261106183802,
    "xb": 453.40939482211263
}