{
    "dataset": "blobs-P5-K8-N64-dt0.50-S4",
    "algorithm": "kmeans",
    "k": 20,
    "n": 64,
    "d": 5,
    "k_true": 8,
    "rand_score": 0.8908730158730159,
    "adjusted_rand_score": 0.25953627524308154,
    "accuracy": 0.421875,
    "f1_score": 0.21963036963036958,
    "precision": 0.325,
    "recall": 0.16875,
    "sigui": 0.26593018429109216,
    "sse": 54.633504542801845,
    "sc": 0.15773836283181164,
    "ch": 11.248279640688274,
    "db": 1.0132373637975285,
    "bic": -614.5611860333563,
    "xb": 46.27521770584475
}