{
    "dataset": "blobs-P5-K16-N128-dt0.10-S0",
    "algorithm": "kmeans",
    "k": 50,
    "n": 128,
    "d": 5,
    "k_true": 16,
    "rand_score": 0.9634596456692913,
    "adjusted_rand_score": 0.4900012168904393,
    "accuracy": 0.5,
    "f1_score": 0.2085967365967366,
    "precision": 0.32,
    "recall": 0.16,
    "sigui": 0.045472863062286095,
    "sse": 2.3927679581839603,
    "sc": 0.21306960221003507,
    "ch": 424.1809619688217,
    "db": 0.8300917107265735,
    "bic": -363.0530733155905,
    "xb": 235.6882317391444
}