{
    "dataset": "blobs-P5-K4-N128-dt0.20-S1",
    "algorithm": "kmeans",
    "k": 4,
    "n": 128,
    "d": 5,
    "k_true": 4,
    "rand_score": 0.984621062992126,
    "adjusted_rand_score": 0.9583325677899593,
    "accuracy": 0.984375,
    "f1_score": 0.9843730921855922,
    "precision": 0.9846117424242424,
    "recall": 0.984375,
    "sigui": 0.34117276974237093,
    "sse": 158.93853079796628,
    "sc": 0.46466494305228484,
    "ch": 125.10417681931379,
    "db": 0.8375387587964229,
    "bic": -698.1748237699534,
    "xb": 29.138847802043294
}