{
    "dataset": "blobs-P2-K8-N64-dt0.40-S3",
    "algorithm": "kmeans",
    "k": 3,
    "n": 64,
    "d": 2,
    "k_true": 8,
    "rand_score": 0.7777777777777778,
    "adjusted_rand_score": 0.4,
    "accuracy": 0.375,
    "f1_score": 0.20833333333333331,
    "precision": 0.14583333333333331,
    "recall": 0.375,
    "sigui": 0.26983077628121876,
    "sse": 18.680620000708842,
    "sc": 0.5920278192026045,
    "ch": 178.48663962180382,
    "db": 0.5871938238999176,
    "bic": -146.5014170482936,
    "xb": 7.405888380855998
}