{
    "dataset": "blobs-P5-K16-N1024-dt0.90-S8",
    "algorithm": "kmeans",
    "k": 4,
    "n": 1024,
    "d": 5,
    "k_true": 16,
    "rand_score": 0.7576120326246334,
    "adjusted_rand_score": 0.16233455380024658,
    "accuracy": 0.2421875,
    "f1_score": 0.0998090973439475,
    "precision": 0.06342590442004505,
    "recall": 0.2421875,
    "sigui": 0.473175205960784,
    "sse": 3137.299748357117,
    "sc": 0.18247782245615146,
    "ch": 214.87206822095666,
    "db": 1.5172262664602774,
    "bic": -7492.314308466311,
    "xb": 643.9372254741209
}