{
    "dataset": "blobs-P10-K8-N1024-dt1.00-S9",
    "algorithm": "kmeans",
    "k": 8,
    "n": 1024,
    "d": 10,
    "k_true": 8,
    "rand_score": 0.7927129154447703,
    "adjusted_rand_score": 0.053091605655958274,
    "accuracy": 0.265625,
    "f1_score": 0.26371324971573074,
    "precision": 0.2638673407856994,
    "recall": 0.265625,
    "sigui": 0.5255447604228031,
    "sse": 7382.502249977359,
    "sc": 0.07491441161929997,
    "ch": 56.179513892981674,
    "db": 2.2420729617262256,
    "bic": -15281.415530658634,
    "xb": 1386.3245906884226
}