{
    "dataset": "blobs-P5-K4-N64-dt0.90-S8",
    "algorithm": "kmeans",
    "k": 20,
    "n": 64,
    "d": 5,
    "k_true": 4,
    "rand_score": 0.7485119047619048,
    "adjusted_rand_score": 0.05603333628867808,
    "accuracy": 0.25,
    "f1_score": 0.0741304347826087,
    "precision": 0.15178571428571427,
    "recall": 0.05,
    "sigui": 0.2576042762944555,
    "sse": 52.24175420771119,
    "sc": 0.2259535399532912,
    "ch": 11.869274615713534,
    "db": 0.7961748594068727,
    "bic": -603.2268593392253,
    "xb": 26.475040198053104
}