{
    "dataset": "blobs-P2-K32-N1024-dt1.00-S9",
    "algorithm": "kmeans",
    "k": 20,
    "n": 1024,
    "d": 2,
    "k_true": 32,
    "rand_score": 0.9680149529569892,
    "adjusted_rand_score": 0.622827682048994,
    "accuracy": 0.609375,
    "f1_score": 0.49724382304699105,
    "precision": 0.44529562814952,
    "recall": 0.609375,
    "sigui": 0.09531495625992316,
    "sse": 33.91296956539932,
    "sc": 0.5803770192391022,
    "ch": 3138.286037326941,
    "db": 0.5838519325318972,
    "bic": -1896.3917839527662,
    "xb": 314.5425021326697
}