{
    "dataset": "blobs-P2-K16-N64-dt0.60-S5",
    "algorithm": "kmeans",
    "k": 50,
    "n": 64,
    "d": 2,
    "k_true": 16,
    "rand_score": 0.9553571428571429,
    "adjusted_rand_score": 0.1853448275862069,
    "accuracy": 0.375,
    "f1_score": 0.17066666666666666,
    "precision": 0.32,
    "recall": 0.12,
    "sigui": 0.009833394604897128,
    "sse": 0.05116680775461035,
    "sc": 0.22134902046311183,
    "ch": 714.4633618501389,
    "db": 0.1677630364711131,
    "bic": -285.7426632774789,
    "xb": 145.32031676009137
}