{
    "dataset": "blobs-P2-K4-N1024-dt0.90-S8",
    "algorithm": "kmeans",
    "k": 16,
    "n": 1024,
    "d": 2,
    "k_true": 4,
    "rand_score": 0.765145787512219,
    "adjusted_rand_score": 0.17042144806429105,
    "accuracy": 0.25,
    "f1_score": 0.09510858054953679,
    "precision": 0.20361510691075843,
    "recall": 0.0625,
    "sigui": 0.20084039628737327,
    "sse": 165.99649704754242,
    "sc": 0.3259575410640203,
    "ch": 761.8873750220347,
    "db": 0.8884347245586568,
    "bic": -3287.349659632164,
    "xb": 281.94833313321624
}