{
    "dataset": "blobs-P2-K32-N1024-dt0.10-S0",
    "algorithm": "kmeans",
    "k": 16,
    "n": 1024,
    "d": 2,
    "k_true": 32,
    "rand_score": 0.9511241446725318,
    "adjusted_rand_score": 0.533106960950764,
    "accuracy": 0.5,
    "f1_score": 0.3739583333333333,
    "precision": 0.328125,
    "recall": 0.5,
    "sigui": 0.10416414125241624,
    "sse": 45.56868845484035,
    "sc": 0.6722595478708608,
    "ch": 2952.9790893409213,
    "db": 0.4720037072214851,
    "bic": -1875.916229453053,
    "xb": 248.15876068352398
}