{
    "dataset": "blobs-P10-K8-N64-dt0.20-S1",
    "algorithm": "kmeans",
    "k": 3,
    "n": 64,
    "d": 10,
    "k_true": 8,
    "rand_score": 0.7514880952380952,
    "adjusted_rand_score": 0.3393406593406593,
    "accuracy": 0.375,
    "f1_score": 0.21076604554865425,
    "precision": 0.14915824915824916,
    "recall": 0.375,
    "sigui": 0.4978312166320129,
    "sse": 386.5021118354326,
    "sc": 0.24056927591392607,
    "ch": 20.0042518585548,
    "db": 1.4844356386289945,
    "bic": -884.2765470389028,
    "xb": 37.00818324486852
}