{
    "dataset": "blobs-P10-K2-N1024-dt0.40-S3",
    "algorithm": "kmeans",
    "k": 4,
    "n": 1024,
    "d": 10,
    "k_true": 2,
    "rand_score": 0.6660652645405669,
    "adjusted_rand_score": 0.3318030916400413,
    "accuracy": 0.46484375,
    "f1_score": 0.3100970026618861,
    "precision": 0.4657513786764706,
    "recall": 0.232421875,
    "sigui": 0.5319420113121471,
    "sse": 7923.426962986634,
    "sc": 0.0706041363783251,
    "ch": 99.40582985921208,
    "db": 3.1430318130307624,
    "bic": -14788.69349613999,
    "xb": 2548.083891951207
}