{
    "dataset": "blobs-P10-K2-N128-dt0.50-S4",
    "algorithm": "kmeans",
    "k": 3,
    "n": 128,
    "d": 10,
    "k_true": 2,
    "rand_score": 0.577386811023622,
    "adjusted_rand_score": 0.15248293775607938,
    "accuracy": 0.5234375,
    "f1_score": 0.419753086419753,
    "precision": 0.5269770879526977,
    "recall": 0.3489583333333333,
    "sigui": 0.5406980799621677,
    "sse": 1049.3435231189894,
    "sc": 0.08729194817069874,
    "ch": 13.738141502235646,
    "db": 2.7360655989527274,
    "bic": -1909.880860835619,
    "xb": 271.9879532620285
}