{
    "dataset": "blobs-P2-K4-N128-dt0.40-S3",
    "algorithm": "kmeans",
    "k": 20,
    "n": 128,
    "d": 2,
    "k_true": 4,
    "rand_score": 0.7912155511811023,
    "adjusted_rand_score": 0.2352139615263145,
    "accuracy": 0.296875,
    "f1_score": 0.08797394678492239,
    "precision": 0.178125,
    "recall": 0.059375,
    "sigui": 0.08876334647638225,
    "sse": 5.071236718084716,
    "sc": 0.3626864556225292,
    "ch": 281.25918723454055,
    "db": 0.7367339838714024,
    "bic": -374.00355951950587,
    "xb": 64.94075782820128
}