{
    "dataset": "blobs-P5-K32-N1024-dt0.60-S5",
    "algorithm": "kmeans",
    "k": 16,
    "n": 1024,
    "d": 5,
    "k_true": 32,
    "rand_score": 0.9517618218475073,
    "adjusted_rand_score": 0.47683204598076184,
    "accuracy": 0.478515625,
    "f1_score": 0.3301376108126021,
    "precision": 0.26066064464649163,
    "recall": 0.478515625,
    "sigui": 0.3367661527982089,
    "sse": 1248.5870293897146,
    "sc": 0.2656052698572784,
    "ch": 208.36268958534018,
    "db": 1.129567735402425,
    "bic": -6787.886323266389,
    "xb": 469.4896710390602
}