{
    "dataset": "blobs-P10-K32-N128-dt0.90-S8",
    "algorithm": "kmeans",
    "k": 2,
    "n": 128,
    "d": 10,
    "k_true": 32,
    "rand_score": 0.483759842519685,
    "adjusted_rand_score": 0.005746568850611599,
    "accuracy": 0.0625,
    "f1_score": 0.0076784101174345075,
    "precision": 0.0041025641025641026,
    "recall": 0.0625,
    "sigui": 0.5662736025141994,
    "sse": 1149.4461516018787,
    "sc": 0.09591632024472752,
    "ch": 14.311053088688608,
    "db": 2.8341448455640665,
    "bic": -1886.4769292169801,
    "xb": 241.1219538907614
}