{
    "dataset": "blobs-P2-K2-N128-dt1.00-S9",
    "algorithm": "kmeans",
    "k": 25,
    "n": 128,
    "d": 2,
    "k_true": 2,
    "rand_score": 0.5081200787401575,
    "adjusted_rand_score": 0.009032464566898398,
    "accuracy": 0.09375,
    "f1_score": 0.013427230046948355,
    "precision": 0.0642857142857143,
    "recall": 0.0075,
    "sigui": 0.11645388420456773,
    "sse": 10.175414587406989,
    "sc": 0.31932216261375485,
    "ch": 103.6810018894006,
    "db": 0.7747573577958536,
    "bic": -536.6075024018216,
    "xb": 90.05709677260072
}