{
    "dataset": "blobs-P5-K2-N64-dt0.40-S3",
    "algorithm": "kmeans",
    "k": 10,
    "n": 64,
    "d": 5,
    "k_true": 2,
    "rand_score": 0.5416666666666666,
    "adjusted_rand_score": 0.07160856113042646,
    "accuracy": 0.234375,
    "f1_score": 0.0731067382230173,
    "precision": 0.17272727272727273,
    "recall": 0.046875,
    "sigui": 0.3987277500703152,
    "sse": 129.39029556952056,
    "sc": 0.13698507280325,
    "ch": 8.838825365913138,
    "db": 1.2903331079585327,
    "bic": -577.3449911268945,
    "xb": 42.6621901656611
}