{
    "dataset": "blobs-P10-K16-N1024-dt0.50-S4",
    "algorithm": "kmeans",
    "k": 10,
    "n": 1024,
    "d": 10,
    "k_true": 16,
    "rand_score": 0.881521871945259,
    "adjusted_rand_score": 0.2277153214147318,
    "accuracy": 0.3876953125,
    "f1_score": 0.29735308940365635,
    "precision": 0.24602088789204998,
    "recall": 0.3876953125,
    "sigui": 0.50169861428042,
    "sse": 6563.769721894479,
    "sc": 0.09112588959673229,
    "ch": 63.102245947421274,
    "db": 2.151404442074793,
    "bic": -14963.749458744996,
    "xb": 1412.7542605595127
}