{
    "dataset": "blobs-P2-K8-N64-dt0.60-S5",
    "algorithm": "kmeans",
    "k": 3,
    "n": 64,
    "d": 2,
    "k_true": 8,
    "rand_score": 0.7777777777777778,
    "adjusted_rand_score": 0.4,
    "accuracy": 0.375,
    "f1_score": 0.20833333333333331,
    "precision": 0.14583333333333331,
    "recall": 0.375,
    "sigui": 0.198418674628143,
    "sse": 11.082311426746834,
    "sc": 0.7388523155093034,
    "ch": 321.77308182098284,
    "db": 0.34487871164898065,
    "bic": -113.0846905982996,
    "xb": 4.271623423220117
}