{
    "dataset": "blobs-P5-K8-N1024-dt0.80-S7",
    "algorithm": "kmeans",
    "k": 16,
    "n": 1024,
    "d": 5,
    "k_true": 8,
    "rand_score": 0.8669316654447703,
    "adjusted_rand_score": 0.2241940169595427,
    "accuracy": 0.3779296875,
    "f1_score": 0.2435068958868842,
    "precision": 0.34578333480161955,
    "recall": 0.18896484375,
    "sigui": 0.39700330775184545,
    "sse": 1806.599610067325,
    "sc": 0.14679529112366052,
    "ch": 123.24839713387182,
    "db": 1.5192236801848455,
    "bic": -7758.4741913365615,
    "xb": 916.0944920765621
}