{
    "dataset": "blobs-P5-K16-N1024-dt0.40-S3",
    "algorithm": "kmeans",
    "k": 10,
    "n": 1024,
    "d": 5,
    "k_true": 16,
    "rand_score": 0.9449115652492669,
    "adjusted_rand_score": 0.6612859150813134,
    "accuracy": 0.625,
    "f1_score": 0.5087305585419728,
    "precision": 0.45430107435104333,
    "recall": 0.625,
    "sigui": 0.27588211829816617,
    "sse": 833.1860085140702,
    "sc": 0.4747918068741703,
    "ch": 579.6797331031896,
    "db": 0.8273455207958446,
    "bic": -5103.224017204824,
    "xb": 253.80808368959154
}