{
    "dataset": "blobs-P5-K2-N1024-dt0.30-S2",
    "algorithm": "kmeans",
    "k": 10,
    "n": 1024,
    "d": 5,
    "k_true": 2,
    "rand_score": 0.5801144000488758,
    "adjusted_rand_score": 0.15957444424158268,
    "accuracy": 0.2275390625,
    "f1_score": 0.07371931449745253,
    "precision": 0.19405878674171356,
    "recall": 0.0455078125,
    "sigui": 0.424257365075695,
    "sse": 2152.0245605272535,
    "sc": 0.14953657836584622,
    "ch": 155.3847970173732,
    "db": 1.5270894881855996,
    "bic": -7598.15953890835,
    "xb": 780.0631450910068
}