{
    "dataset": "blobs-P2-K8-N128-dt1.00-S9",
    "algorithm": "kmeans",
    "k": 8,
    "n": 128,
    "d": 2,
    "k_true": 8,
    "rand_score": 0.8730314960629921,
    "adjusted_rand_score": 0.4276881156990149,
    "accuracy": 0.6171875,
    "f1_score": 0.5972539105832634,
    "precision": 0.5964362026862027,
    "recall": 0.6171875,
    "sigui": 0.22172788136834784,
    "sse": 27.497633524179555,
    "sc": 0.3937253271015698,
    "ch": 142.45529244744907,
    "db": 0.817947576299646,
    "bic": -391.71643465588136,
    "xb": 63.931805879448795
}