{
    "dataset": "blobs-P5-K2-N1024-dt0.40-S3",
    "algorithm": "kmeans",
    "k": 2,
    "n": 1024,
    "d": 5,
    "k_true": 2,
    "rand_score": 0.8034598759775171,
    "adjusted_rand_score": 0.6069200233872658,
    "accuracy": 0.8896484375,
    "f1_score": 0.8896020073750042,
    "precision": 0.8903050404466131,
    "recall": 0.8896484375,
    "sigui": 0.5051128229532044,
    "sse": 3746.4918456844534,
    "sc": 0.24015384555389113,
    "ch": 374.67726917047065,
    "db": 1.567950329864738,
    "bic": -7215.903718574894,
    "xb": 638.6908183522727
}