{
    "dataset": "blobs-P5-K4-N64-dt0.60-S5",
    "algorithm": "kmeans",
    "k": 8,
    "n": 64,
    "d": 5,
    "k_true": 4,
    "rand_score": 0.7708333333333334,
    "adjusted_rand_score": 0.23594266813671444,
    "accuracy": 0.421875,
    "f1_score": 0.2682514245014245,
    "precision": 0.3724431818181818,
    "recall": 0.2109375,
    "sigui": 0.39609700297950623,
    "sse": 124.77167904019242,
    "sc": 0.1531415729764023,
    "ch": 12.517476559527216,
    "db": 1.4961866929846264,
    "bic": -535.8454831459073,
    "xb": 49.75386414739357
}