{
    "dataset": "blobs-P10-K8-N64-dt0.60-S5",
    "algorithm": "kmeans",
    "k": 20,
    "n": 64,
    "d": 10,
    "k_true": 8,
    "rand_score": 0.8576388888888888,
    "adjusted_rand_score": 0.097799511002445,
    "accuracy": 0.3125,
    "f1_score": 0.15582944832944834,
    "precision": 0.24166666666666664,
    "recall": 0.125,
    "sigui": 0.3635916567912975,
    "sse": 212.0564440331815,
    "sc": 0.12374592728443667,
    "ch": 4.673412245297659,
    "db": 1.207769909485517,
    "bic": -1210.6198890150458,
    "xb": 37.59455428611172
}