{
    "dataset": "blobs-P5-K8-N1024-dt0.80-S7",
    "algorithm": "kmeans",
    "k": 20,
    "n": 1024,
    "d": 5,
    "k_true": 8,
    "rand_score": 0.8690031616568915,
    "adjusted_rand_score": 0.19319454680697803,
    "accuracy": 0.3173828125,
    "f1_score": 0.17723190943855316,
    "precision": 0.29865052978618417,
    "recall": 0.126953125,
    "sigui": 0.3880682583633991,
    "sse": 1671.070390469996,
    "sc": 0.13762125830846225,
    "ch": 109.0610560221513,
    "db": 1.5632406808717596,
    "bic": -7863.79071420724,
    "xb": 969.7863135933222
}