{
    "dataset": "blobs-P5-K32-N128-dt0.80-S7",
    "algorithm": "kmeans",
    "k": 10,
    "n": 128,
    "d": 5,
    "k_true": 32,
    "rand_score": 0.8756151574803149,
    "adjusted_rand_score": 0.11166690881919508,
    "accuracy": 0.265625,
    "f1_score": 0.14236594159194776,
    "precision": 0.10979964719188857,
    "recall": 0.265625,
    "sigui": 0.4175270087562315,
    "sse": 255.66257973378524,
    "sc": 0.17688183976103483,
    "ch": 19.709926366679152,
    "db": 1.3165617234116467,
    "bic": -1038.2340319343073,
    "xb": 77.23638780122205
}