{
    "dataset": "blobs-P2-K16-N128-dt0.70-S6",
    "algorithm": "kmeans",
    "k": 20,
    "n": 128,
    "d": 2,
    "k_true": 16,
    "rand_score": 0.9645669291338582,
    "adjusted_rand_score": 0.664754083334861,
    "accuracy": 0.734375,
    "f1_score": 0.5905755518990814,
    "precision": 0.621486568986569,
    "recall": 0.5875,
    "sigui": 0.09288617364165924,
    "sse": 4.206944306076639,
    "sc": 0.4333812412289857,
    "ch": 340.21005116737194,
    "db": 0.6661923376144927,
    "bic": -348.57420656017655,
    "xb": 65.35390039031701
}