{
    "dataset": "blobs-P5-K2-N128-dt0.80-S7",
    "algorithm": "kmeans",
    "k": 16,
    "n": 128,
    "d": 5,
    "k_true": 2,
    "rand_score": 0.5100885826771654,
    "adjusted_rand_score": 0.013460420511339917,
    "accuracy": 0.15625,
    "f1_score": 0.03205128205128205,
    "precision": 0.08928571428571429,
    "recall": 0.01953125,
    "sigui": 0.3615980875988475,
    "sse": 196.85656873723036,
    "sc": 0.17743072916746283,
    "ch": 16.808198517260028,
    "db": 1.2913196982800867,
    "bic": -1108.937525585428,
    "xb": 78.91183425237362
}