{
    "dataset": "blobs-P10-K4-N64-dt0.60-S5",
    "algorithm": "kmeans",
    "k": 4,
    "n": 64,
    "d": 10,
    "k_true": 4,
    "rand_score": 0.7142857142857143,
    "adjusted_rand_score": 0.21474941573617243,
    "accuracy": 0.609375,
    "f1_score": 0.6116421568627451,
    "precision": 0.6165674603174602,
    "recall": 0.609375,
    "sigui": 0.5236170842260955,
    "sse": 467.521962445606,
    "sc": 0.0899362999488337,
    "ch": 7.378392948736013,
    "db": 2.1757682096203874,
    "bic": -988.2536077402776,
    "xb": 89.42072486681587
}