{
    "dataset": "blobs-P10-K32-N1024-dt0.50-S4",
    "algorithm": "kmeans",
    "k": 2,
    "n": 1024,
    "d": 10,
    "k_true": 32,
    "rand_score": 0.5176506750977518,
    "adjusted_rand_score": 0.035664553327321,
    "accuracy": 0.0625,
    "f1_score": 0.0073619216780850885,
    "precision": 0.003911636737297685,
    "recall": 0.0625,
    "sigui": 0.5596200246500638,
    "sse": 9110.928778390185,
    "sc": 0.10839218099642667,
    "ch": 126.65127963925515,
    "db": 2.7785531893024533,
    "bic": -14717.109975589305,
    "xb": 1854.025172386718
}