{
    "dataset": "blobs-P2-K4-N64-dt0.60-S5",
    "algorithm": "kmeans",
    "k": 20,
    "n": 64,
    "d": 2,
    "k_true": 4,
    "rand_score": 0.7638888888888888,
    "adjusted_rand_score": 0.09341556321422093,
    "accuracy": 0.21875,
    "f1_score": 0.06983709273182957,
    "precision": 0.1775,
    "recall": 0.04375,
    "sigui": 0.13176201889311878,
    "sse": 4.525071005964718,
    "sc": 0.36484863719820626,
    "ch": 63.19059755114962,
    "db": 0.7147309312028416,
    "bic": -283.25834151365314,
    "xb": 43.759399936673574
}