{
    "dataset": "blobs-P2-K2-N1024-dt0.90-S8",
    "algorithm": "kmeans",
    "k": 10,
    "n": 1024,
    "d": 2,
    "k_true": 2,
    "rand_score": 0.5213125458211144,
    "adjusted_rand_score": 0.04190137000635066,
    "accuracy": 0.2041015625,
    "f1_score": 0.062409359955980404,
    "precision": 0.13250651172109798,
    "recall": 0.0408203125,
    "sigui": 0.24549984818495807,
    "sse": 318.32170766806104,
    "sc": 0.3256448455516291,
    "ch": 612.2016906429313,
    "db": 0.8612206412885545,
    "bic": -3388.080809054539,
    "xb": 345.2453294666098
}