{
    "dataset": "blobs-P10-K8-N128-dt0.40-S3",
    "algorithm": "kmeans",
    "k": 25,
    "n": 128,
    "d": 10,
    "k_true": 8,
    "rand_score": 0.890378937007874,
    "adjusted_rand_score": 0.28776978417266186,
    "accuracy": 0.390625,
    "f1_score": 0.16458714523230655,
    "precision": 0.26836363636363636,
    "recall": 0.125,
    "sigui": 0.38668743212308987,
    "sse": 431.2854744679335,
    "sc": 0.09557525124102406,
    "ch": 8.44544983397673,
    "db": 1.4693068617354825,
    "bic": -2192.4510680446383,
    "xb": 154.44621419070924
}