{
    "dataset": "blobs-P2-K4-N128-dt0.30-S2",
    "algorithm": "kmeans",
    "k": 4,
    "n": 128,
    "d": 2,
    "k_true": 4,
    "rand_score": 0.9637057086614174,
    "adjusted_rand_score": 0.902065857541308,
    "accuracy": 0.9609375,
    "f1_score": 0.9606976172930484,
    "precision": 0.9662162162162162,
    "recall": 0.9609375,
    "sigui": 0.14854859018623756,
    "sse": 11.887469852062955,
    "sc": 0.6703800091024169,
    "ch": 848.7916019990618,
    "db": 0.45487841276328744,
    "bic": -176.16485057319292,
    "xb": 20.641535393582423
}