{
    "dataset": "blobs-P5-K8-N64-dt0.90-S8",
    "algorithm": "kmeans",
    "k": 50,
    "n": 64,
    "d": 5,
    "k_true": 8,
    "rand_score": 0.8829365079365079,
    "adjusted_rand_score": 0.008403361344537815,
    "accuracy": 0.171875,
    "f1_score": 0.043878787878787885,
    "precision": 0.12666666666666665,
    "recall": 0.0275,
    "sigui": 0.05862827715481991,
    "sse": 4.843119008857375,
    "sc": 0.09368914544413887,
    "ch": 18.592320976554014,
    "db": 0.3622650683259759,
    "bic": -770.2103879449727,
    "xb": 26.42350992035347
}