{
    "dataset": "blobs-P5-K2-N128-dt1.00-S9",
    "algorithm": "kmeans",
    "k": 20,
    "n": 128,
    "d": 5,
    "k_true": 2,
    "rand_score": 0.5135334645669292,
    "adjusted_rand_score": 0.020217747600093657,
    "accuracy": 0.1484375,
    "f1_score": 0.025584795321637425,
    "precision": 0.09583333333333333,
    "recall": 0.01484375,
    "sigui": 0.35693731416272945,
    "sse": 174.2019157221605,
    "sc": 0.14985205474829302,
    "ch": 15.198996881370167,
    "db": 1.2092804852449488,
    "bic": -1153.559311076896,
    "xb": 89.1571343844991
}