{
    "dataset": "blobs-P10-K8-N128-dt0.50-S4",
    "algorithm": "kmeans",
    "k": 2,
    "n": 128,
    "d": 10,
    "k_true": 8,
    "rand_score": 0.5708661417322834,
    "adjusted_rand_score": 0.13653942115768464,
    "accuracy": 0.25,
    "f1_score": 0.1,
    "precision": 0.0625,
    "recall": 0.25,
    "sigui": 0.5550055494071336,
    "sse": 1086.838687696636,
    "sc": 0.13416092853543546,
    "ch": 22.393686961774122,
    "db": 2.3214316259458294,
    "bic": -1853.7198383760156,
    "xb": 167.20108959668858
}