{
    "dataset": "blobs-P5-K8-N128-dt0.40-S3",
    "algorithm": "kmeans",
    "k": 3,
    "n": 128,
    "d": 5,
    "k_true": 8,
    "rand_score": 0.7365895669291339,
    "adjusted_rand_score": 0.30371844215173377,
    "accuracy": 0.359375,
    "f1_score": 0.19991944558101474,
    "precision": 0.14036269749835417,
    "recall": 0.359375,
    "sigui": 0.48340112081697817,
    "sse": 396.392944410501,
    "sc": 0.2237111344736577,
    "ch": 38.40996967538444,
    "db": 1.6313888718972507,
    "bic": -936.6677540242688,
    "xb": 89.0959323019868
}