{
    "dataset": "blobs-P10-K32-N64-dt0.30-S2",
    "algorithm": "kmeans",
    "k": 32,
    "n": 64,
    "d": 10,
    "k_true": 32,
    "rand_score": 0.9841269841269841,
    "adjusted_rand_score": 0.571063829787234,
    "accuracy": 0.796875,
    "f1_score": 0.778125,
    "precision": 0.8125,
    "recall": 0.796875,
    "sigui": 0.2422478735988081,
    "sse": 84.60492646516653,
    "sc": 0.21672900780853827,
    "ch": 6.7763316818779264,
    "db": 0.7603644468087354,
    "bic": -1270.4574346897784,
    "xb": 20.740701648557796
}