{
    "dataset": "blobs-P5-K16-N1024-dt0.50-S4",
    "algorithm": "kmeans",
    "k": 50,
    "n": 1024,
    "d": 5,
    "k_true": 16,
    "rand_score": 0.9485008858748778,
    "adjusted_rand_score": 0.3554646732096537,
    "accuracy": 0.3603515625,
    "f1_score": 0.1641462254799368,
    "precision": 0.29255170090008803,
    "recall": 0.1153125,
    "sigui": 0.2567295902512647,
    "sse": 627.5238577338035,
    "sc": 0.1566749349948695,
    "ch": 142.3044281509114,
    "db": 1.5399813165087723,
    "bic": -6892.274173948718,
    "xb": 956.134358406208
}