{
    "dataset": "blobs-P2-K2-N64-dt0.70-S6",
    "algorithm": "kmeans",
    "k": 4,
    "n": 64,
    "d": 2,
    "k_true": 2,
    "rand_score": 0.6165674603174603,
    "adjusted_rand_score": 0.228359556971051,
    "accuracy": 0.578125,
    "f1_score": 0.3303921568627451,
    "precision": 0.39379699248120303,
    "recall": 0.2890625,
    "sigui": 0.32766763781838937,
    "sse": 42.572155683638144,
    "sc": 0.3548795093984689,
    "ch": 40.13320112384843,
    "db": 0.862758238905297,
    "bic": -216.53001438068753,
    "xb": 15.118751866426281
}