{
    "dataset": "blobs-P10-K8-N1024-dt0.20-S1",
    "algorithm": "kmeans",
    "k": 20,
    "n": 1024,
    "d": 10,
    "k_true": 8,
    "rand_score": 0.9276370051319648,
    "adjusted_rand_score": 0.5593239297879563,
    "accuracy": 0.474609375,
    "f1_score": 0.2552238724536289,
    "precision": 0.3983333333333333,
    "recall": 0.18984375,
    "sigui": 0.32752214723500905,
    "sse": 2104.51896068128,
    "sc": 0.11132945045115364,
    "ch": 204.27278322402853,
    "db": 2.332043035733297,
    "bic": -10212.68039180843,
    "xb": 1855.3647702545886
}