{
    "dataset": "blobs-P5-K8-N1024-dt0.70-S6",
    "algorithm": "kmeans",
    "k": 10,
    "n": 1024,
    "d": 5,
    "k_true": 8,
    "rand_score": 0.8630731457722385,
    "adjusted_rand_score": 0.3141580905817894,
    "accuracy": 0.529296875,
    "f1_score": 0.4632530651520509,
    "precision": 0.5139951643800964,
    "recall": 0.4234375,
    "sigui": 0.424970554300343,
    "sse": 2191.1318998447177,
    "sc": 0.1512324791996562,
    "ch": 150.60061239317173,
    "db": 1.5879074710108787,
    "bic": -7651.518077640343,
    "xb": 902.7421598082913
}