{
    "dataset": "blobs-P2-K2-N1024-dt0.40-S3",
    "algorithm": "kmeans",
    "k": 16,
    "n": 1024,
    "d": 2,
    "k_true": 2,
    "rand_score": 0.5439042644183774,
    "adjusted_rand_score": 0.08704570780032857,
    "accuracy": 0.171875,
    "f1_score": 0.035872820515555744,
    "precision": 0.11027298850574713,
    "recall": 0.021484375,
    "sigui": 0.18856328754700746,
    "sse": 177.80034002167642,
    "sc": 0.3235469518978642,
    "ch": 706.9133669092039,
    "db": 0.8489030436375343,
    "bic": -3312.155083840266,
    "xb": 300.97795800256006
}