{
    "dataset": "blobs-P5-K16-N128-dt0.90-S8",
    "algorithm": "kmeans",
    "k": 16,
    "n": 128,
    "d": 5,
    "k_true": 16,
    "rand_score": 0.9281496062992126,
    "adjusted_rand_score": 0.3757953206530887,
    "accuracy": 0.5390625,
    "f1_score": 0.5106626651856915,
    "precision": 0.5332766192141192,
    "recall": 0.5390625,
    "sigui": 0.3372451472039465,
    "sse": 149.23661233633845,
    "sc": 0.22489443141143614,
    "ch": 24.554072693838663,
    "db": 1.1848011247726102,
    "bic": -1019.3788057992631,
    "xb": 69.4470950710335
}