{
    "dataset": "blobs-P2-K16-N1024-dt0.70-S6",
    "algorithm": "kmeans",
    "k": 25,
    "n": 1024,
    "d": 2,
    "k_true": 16,
    "rand_score": 0.9666785037878788,
    "adjusted_rand_score": 0.6671024401169026,
    "accuracy": 0.685546875,
    "f1_score": 0.49394963766487826,
    "precision": 0.5831300647974543,
    "recall": 0.43875,
    "sigui": 0.10068752062320248,
    "sse": 35.275865596269504,
    "sc": 0.41444744727893246,
    "ch": 2374.9847290328485,
    "db": 0.8544722460831923,
    "bic": -2238.2540983421977,
    "xb": 412.05433696640114
}