{
    "dataset": "blobs-P2-K4-N128-dt0.30-S2",
    "algorithm": "kmeans",
    "k": 16,
    "n": 128,
    "d": 2,
    "k_true": 4,
    "rand_score": 0.8125,
    "adjusted_rand_score": 0.3236323988845323,
    "accuracy": 0.375,
    "f1_score": 0.13522962544701675,
    "precision": 0.2451923076923077,
    "recall": 0.09375,
    "sigui": 0.07600229301204661,
    "sse": 3.491070079940595,
    "sc": 0.3520942176554259,
    "ch": 540.0636386256273,
    "db": 0.8097978146616932,
    "bic": -275.0048836879092,
    "xb": 54.15174614564892
}