{
    "dataset": "blobs-P5-K4-N64-dt0.70-S6",
    "algorithm": "kmeans",
    "k": 3,
    "n": 64,
    "d": 5,
    "k_true": 4,
    "rand_score": 0.6651785714285714,
    "adjusted_rand_score": 0.22059712981800186,
    "accuracy": 0.546875,
    "f1_score": 0.47003299120234604,
    "precision": 0.4328737745098039,
    "recall": 0.546875,
    "sigui": 0.48324988549388836,
    "sse": 217.06006250026147,
    "sc": 0.1936556278871885,
    "ch": 14.46451299044588,
    "db": 1.6393388818144805,
    "bic": -496.0478388517414,
    "xb": 47.92448060508425
}