{
    "dataset": "blobs-P5-K16-N128-dt0.60-S5",
    "algorithm": "kmeans",
    "k": 2,
    "n": 128,
    "d": 5,
    "k_true": 16,
    "rand_score": 0.532111220472441,
    "adjusted_rand_score": 0.06278609919334338,
    "accuracy": 0.125,
    "f1_score": 0.027912386121341344,
    "precision": 0.015720953082780643,
    "recall": 0.125,
    "sigui": 0.5251177711337541,
    "sse": 516.7583168373568,
    "sc": 0.18098431484000907,
    "ch": 30.049738093292195,
    "db": 1.9681172598464798,
    "bic": -957.158410146317,
    "xb": 119.00315687712896
}