{
    "dataset": "blobs-P2-K16-N128-dt0.20-S1",
    "algorithm": "kmeans",
    "k": 4,
    "n": 128,
    "d": 2,
    "k_true": 16,
    "rand_score": 0.7898622047244095,
    "adjusted_rand_score": 0.2716344539508146,
    "accuracy": 0.25,
    "f1_score": 0.1060340022296544,
    "precision": 0.06906067251461988,
    "recall": 0.25,
    "sigui": 0.27429698271308833,
    "sse": 59.85592059924172,
    "sc": 0.4270168152746806,
    "ch": 135.4467283113518,
    "db": 0.7634322307836883,
    "bic": -378.7561125282591,
    "xb": 42.73770240152491
}