{
    "dataset": "blobs-P5-K4-N64-dt0.90-S8",
    "algorithm": "kmeans",
    "k": 2,
    "n": 64,
    "d": 5,
    "k_true": 4,
    "rand_score": 0.5257936507936508,
    "adjusted_rand_score": 0.07466814159292036,
    "accuracy": 0.390625,
    "f1_score": 0.26607142857142857,
    "precision": 0.20625,
    "recall": 0.390625,
    "sigui": 0.5232216510349238,
    "sse": 271.3136293450599,
    "sc": 0.14756011293875293,
    "ch": 11.125703444729107,
    "db": 2.1431989746113422,
    "bic": -495.0261816632748,
    "xb": 73.29875133105315
}