{
    "dataset": "blobs-P2-K32-N64-dt0.40-S3",
    "algorithm": "kmeans",
    "k": 3,
    "n": 64,
    "d": 2,
    "k_true": 32,
    "rand_score": 0.6840277777777778,
    "adjusted_rand_score": 0.06022996042432616,
    "accuracy": 0.09375,
    "f1_score": 0.016416910331384014,
    "precision": 0.009017379679144386,
    "recall": 0.09375,
    "sigui": 0.3494917080251929,
    "sse": 38.524911894921715,
    "sc": 0.45941328501752954,
    "ch": 70.83702604300102,
    "db": 0.7472004174932003,
    "bic": -193.0943461845442,
    "xb": 12.639385070051299
}