{
    "dataset": "blobs-P10-K2-N1024-dt0.10-S0",
    "algorithm": "kmeans",
    "k": 25,
    "n": 1024,
    "d": 10,
    "k_true": 2,
    "rand_score": 0.5417163062072337,
    "adjusted_rand_score": 0.08260979060386528,
    "accuracy": 0.103515625,
    "f1_score": 0.0149924966085924,
    "precision": 0.08,
    "recall": 0.00828125,
    "sigui": 0.4256742492319915,
    "sse": 4222.133739437511,
    "sc": 0.09675644310883097,
    "ch": 59.32869457832125,
    "db": 1.8389695050911405,
    "bic": -14215.455955805777,
    "xb": 1170.7463015525875
}