{
    "dataset": "blobs-P2-K2-N1024-dt0.70-S6",
    "algorithm": "kmeans",
    "k": 50,
    "n": 1024,
    "d": 2,
    "k_true": 2,
    "rand_score": 0.5065581469941349,
    "adjusted_rand_score": 0.012198503667123696,
    "accuracy": 0.0595703125,
    "f1_score": 0.004406214159107497,
    "precision": 0.029272727272727273,
    "recall": 0.0023828125,
    "sigui": 0.12547403298568657,
    "sse": 61.79931251175917,
    "sc": 0.3408967751937796,
    "ch": 638.8550923572951,
    "db": 0.7922429198283463,
    "bic": -3690.089726697234,
    "xb": 345.86623042432177
}