{
    "dataset": "blobs-P5-K32-N128-dt0.80-S7",
    "algorithm": "kmeans",
    "k": 2,
    "n": 128,
    "d": 5,
    "k_true": 32,
    "rand_score": 0.49864665354330706,
    "adjusted_rand_score": 0.028496071934748124,
    "accuracy": 0.0625,
    "f1_score": 0.007631874298540965,
    "precision": 0.004074357015533487,
    "recall": 0.0625,
    "sigui": 0.530564355533173,
    "sse": 520.6877812120082,
    "sc": 0.18855903467537516,
    "ch": 28.87208056293108,
    "db": 1.962329206067632,
    "bic": -957.314439681403,
    "xb": 119.52175353348159
}