{
    "dataset": "blobs-P10-K16-N1024-dt0.40-S3",
    "algorithm": "kmeans",
    "k": 20,
    "n": 1024,
    "d": 10,
    "k_true": 16,
    "rand_score": 0.9546733718230694,
    "adjusted_rand_score": 0.5792273246904177,
    "accuracy": 0.7177734375,
    "f1_score": 0.6066277674087478,
    "precision": 0.6529209050461396,
    "recall": 0.57421875,
    "sigui": 0.4532578565655084,
    "sse": 4867.0452456022795,
    "sc": 0.11796645975954967,
    "ch": 58.33482665126426,
    "db": 2.00984308871837,
    "bic": -14513.801848829808,
    "xb": 1884.3918389822234
}