{
    "dataset": "blobs-P5-K32-N64-dt0.90-S8",
    "algorithm": "kmeans",
    "k": 32,
    "n": 64,
    "d": 5,
    "k_true": 32,
    "rand_score": 0.972718253968254,
    "adjusted_rand_score": 0.3548687395270899,
    "accuracy": 0.671875,
    "f1_score": 0.6647321428571429,
    "precision": 0.746875,
    "recall": 0.671875,
    "sigui": 0.16704565254960974,
    "sse": 21.503222844367517,
    "sc": 0.25626950736032506,
    "ch": 14.329280205161657,
    "db": 0.6066237656706973,
    "bic": -664.2044616882037,
    "xb": 27.18758480206631
}