{
    "dataset": "blobs-P2-K4-N128-dt0.10-S0",
    "algorithm": "kmeans",
    "k": 10,
    "n": 128,
    "d": 2,
    "k_true": 4,
    "rand_score": 0.8626968503937008,
    "adjusted_rand_score": 0.5404101326899879,
    "accuracy": 0.53125,
    "f1_score": 0.27640840358624386,
    "precision": 0.4,
    "recall": 0.2125,
    "sigui": 0.04554465764119738,
    "sse": 0.9686962529174028,
    "sc": 0.3565268567348451,
    "ch": 3451.797970900829,
    "db": 0.9789554791187536,
    "bic": -7.619075974059626,
    "xb": 44.18941317188709
}