{
    "dataset": "blobs-P10-K4-N1024-dt0.30-S2",
    "algorithm": "kmeans",
    "k": 16,
    "n": 1024,
    "d": 10,
    "k_true": 4,
    "rand_score": 0.8082615469208211,
    "adjusted_rand_score": 0.3190096461119659,
    "accuracy": 0.28125,
    "f1_score": 0.10857785177372994,
    "precision": 0.2435204881325571,
    "recall": 0.0703125,
    "sigui": 0.3808282737912267,
    "sse": 3056.4212581576544,
    "sc": 0.10074433115385807,
    "ch": 157.94173992324244,
    "db": 2.1317486731738757,
    "bic": -11766.68465107387,
    "xb": 1352.7928185464166
}