{
    "dataset": "blobs-P10-K32-N1024-dt0.80-S7",
    "algorithm": "kmeans",
    "k": 25,
    "n": 1024,
    "d": 10,
    "k_true": 32,
    "rand_score": 0.9389968230694037,
    "adjusted_rand_score": 0.10538086915205919,
    "accuracy": 0.2578125,
    "f1_score": 0.22604667629808461,
    "precision": 0.20436075676678317,
    "recall": 0.2578125,
    "sigui": 0.4775746942382786,
    "sse": 5628.3742552029435,
    "sc": 0.07599857290982666,
    "ch": 34.10557168435064,
    "db": 2.068408812939099,
    "bic": -15700.666328287605,
    "xb": 1467.139036540906
}