{
    "dataset": "blobs-P10-K32-N1024-dt0.80-S7",
    "algorithm": "kmeans",
    "k": 20,
    "n": 1024,
    "d": 10,
    "k_true": 32,
    "rand_score": 0.9345464473362659,
    "adjusted_rand_score": 0.15185557527219076,
    "accuracy": 0.310546875,
    "f1_score": 0.23974097072592146,
    "precision": 0.19656768831190996,
    "recall": 0.310546875,
    "sigui": 0.4844131715877301,
    "sse": 5822.356374688761,
    "sc": 0.08480863005705003,
    "ch": 40.093318656794494,
    "db": 2.0492551443614944,
    "bic": -15461.889975282655,
    "xb": 1346.4432997016174
}