{
    "dataset": "blobs-P5-K32-N64-dt0.60-S5",
    "algorithm": "kmeans",
    "k": 20,
    "n": 64,
    "d": 5,
    "k_true": 32,
    "rand_score": 0.9503968253968254,
    "adjusted_rand_score": 0.22375554460325284,
    "accuracy": 0.484375,
    "f1_score": 0.37306547619047614,
    "precision": 0.34322916666666664,
    "recall": 0.484375,
    "sigui": 0.26001559026987525,
    "sse": 53.502732983959135,
    "sc": 0.225760263004357,
    "ch": 11.534954035084311,
    "db": 0.9275559045958148,
    "bic": -610.0812280980784,
    "xb": 33.83230669635695
}