{
    "dataset": "blobs-P5-K4-N128-dt0.50-S4",
    "algorithm": "kmeans",
    "k": 20,
    "n": 128,
    "d": 5,
    "k_true": 4,
    "rand_score": 0.7830954724409449,
    "adjusted_rand_score": 0.20546977853323067,
    "accuracy": 0.296875,
    "f1_score": 0.08848801604899166,
    "precision": 0.17628205128205127,
    "recall": 0.059375,
    "sigui": 0.30925380140237185,
    "sse": 123.17011440371483,
    "sc": 0.1565631022420157,
    "ch": 23.85132051101177,
    "db": 1.2388039395354185,
    "bic": -1039.887115327349,
    "xb": 94.30462764249624
}