{
    "dataset": "blobs-P2-K8-N64-dt0.60-S5",
    "algorithm": "kmeans",
    "k": 16,
    "n": 64,
    "d": 2,
    "k_true": 8,
    "rand_score": 0.8938492063492064,
    "adjusted_rand_score": 0.35107816711590295,
    "accuracy": 0.53125,
    "f1_score": 0.3116224053724054,
    "precision": 0.3927083333333334,
    "recall": 0.265625,
    "sigui": 0.08298847432983505,
    "sse": 1.942313495632889,
    "sc": 0.3449463205626697,
    "ch": 207.68253823131408,
    "db": 0.6745682294308911,
    "bic": -183.4192311290028,
    "xb": 51.74446967739535
}