{
    "dataset": "blobs-P5-K32-N128-dt0.40-S3",
    "algorithm": "kmeans",
    "k": 10,
    "n": 128,
    "d": 5,
    "k_true": 32,
    "rand_score": 0.9144931102362205,
    "adjusted_rand_score": 0.32112723720744213,
    "accuracy": 0.3125,
    "f1_score": 0.169341049817056,
    "precision": 0.13079594017094018,
    "recall": 0.3125,
    "sigui": 0.3536628196517073,
    "sse": 172.7178231062349,
    "sc": 0.32023976505637153,
    "ch": 35.4716637305445,
    "db": 1.078622052769056,
    "bic": -919.1637380077561,
    "xb": 80.52295926717491
}