{
    "dataset": "blobs-P2-K4-N64-dt0.30-S2",
    "algorithm": "kmeans",
    "k": 16,
    "n": 64,
    "d": 2,
    "k_true": 4,
    "rand_score": 0.8095238095238095,
    "adjusted_rand_score": 0.29126384250307613,
    "accuracy": 0.390625,
    "f1_score": 0.1388010540184453,
    "precision": 0.25,
    "recall": 0.09765625,
    "sigui": 0.10402354573776681,
    "sse": 2.8179344448140755,
    "sc": 0.44847145809297906,
    "ch": 142.15469437686826,
    "db": 0.6209585853562443,
    "bic": -212.0088554933573,
    "xb": 26.267158033778436
}