{
    "dataset": "blobs-P2-K32-N1024-dt0.80-S7",
    "algorithm": "kmeans",
    "k": 25,
    "n": 1024,
    "d": 2,
    "k_true": 32,
    "rand_score": 0.9813469880254154,
    "adjusted_rand_score": 0.739822820317077,
    "accuracy": 0.7626953125,
    "f1_score": 0.6884538498909505,
    "precision": 0.6485047338127876,
    "recall": 0.7626953125,
    "sigui": 0.07609584904575072,
    "sse": 22.99179037675422,
    "sc": 0.5737180251155505,
    "ch": 3668.0710632217147,
    "db": 0.5505720142113876,
    "bic": -1808.8048212410285,
    "xb": 358.10535606436576
}