{
    "dataset": "blobs-P5-K16-N64-dt0.60-S5",
    "algorithm": "kmeans",
    "k": 32,
    "n": 64,
    "d": 5,
    "k_true": 16,
    "rand_score": 0.9518849206349206,
    "adjusted_rand_score": 0.3087885985748218,
    "accuracy": 0.53125,
    "f1_score": 0.32559523809523805,
    "precision": 0.45625,
    "recall": 0.265625,
    "sigui": 0.15702952209252993,
    "sse": 19.104030253711812,
    "sc": 0.1855376998261563,
    "ch": 16.258469402845442,
    "db": 0.6997870749474631,
    "bic": -647.0019936754677,
    "xb": 37.404723955940234
}