{
    "dataset": "blobs-P10-K4-N1024-dt0.90-S8",
    "algorithm": "kmeans",
    "k": 4,
    "n": 1024,
    "d": 10,
    "k_true": 4,
    "rand_score": 0.6481606641006843,
    "adjusted_rand_score": 0.0622217562270532,
    "accuracy": 0.41015625,
    "f1_score": 0.4104755681989154,
    "precision": 0.41220487184733456,
    "recall": 0.41015625,
    "sigui": 0.5429826587260852,
    "sse": 8479.037577439376,
    "sc": 0.06919597793082316,
    "ch": 70.61263948914167,
    "db": 2.7166053440648,
    "bic": -15132.140044959704,
    "xb": 1915.390183891922
}