{
    "dataset": "blobs-P10-K16-N64-dt0.60-S5",
    "algorithm": "kmeans",
    "k": 3,
    "n": 64,
    "d": 10,
    "k_true": 16,
    "rand_score": 0.6433531746031746,
    "adjusted_rand_score": 0.008015242099730636,
    "accuracy": 0.140625,
    "f1_score": 0.04390681003584229,
    "precision": 0.026340004600874163,
    "recall": 0.140625,
    "sigui": 0.531408843236226,
    "sse": 508.8259766967153,
    "sc": 0.0999526493689314,
    "ch": 7.862821266955202,
    "db": 2.330761663615766,
    "bic": -971.8270591811438,
    "xb": 100.33218908833037
}