{
    "dataset": "blobs-P10-K2-N64-dt0.90-S8",
    "algorithm": "kmeans",
    "k": 25,
    "n": 64,
    "d": 10,
    "k_true": 2,
    "rand_score": 0.5059523809523809,
    "adjusted_rand_score": -0.0024282701770081154,
    "accuracy": 0.140625,
    "f1_score": 0.019145299145299145,
    "precision": 0.06857142857142857,
    "recall": 0.01125,
    "sigui": 0.319498986077399,
    "sse": 197.37355983186293,
    "sc": 0.03339677854581196,
    "ch": 3.644196142005786,
    "db": 1.0625036648129862,
    "bic": -1325.9654986778614,
    "xb": 55.10963023387994
}