{
    "dataset": "blobs-P2-K4-N1024-dt0.90-S8",
    "algorithm": "kmeans",
    "k": 50,
    "n": 1024,
    "d": 2,
    "k_true": 4,
    "rand_score": 0.7572034610215054,
    "adjusted_rand_score": 0.06865136035739133,
    "accuracy": 0.1123046875,
    "f1_score": 0.015883362317539694,
    "precision": 0.06933836996336996,
    "recall": 0.008984375,
    "sigui": 0.11384826713077374,
    "sse": 52.313290890604556,
    "sc": 0.3359594448613775,
    "ch": 758.303744721918,
    "db": 0.81653309432569,
    "bic": -3574.1387676437184,
    "xb": 675.4962266878946
}