{
    "dataset": "blobs-P2-K32-N128-dt0.10-S0",
    "algorithm": "kmeans",
    "k": 10,
    "n": 128,
    "d": 2,
    "k_true": 32,
    "rand_score": 0.9094488188976378,
    "adjusted_rand_score": 0.31608522594240224,
    "accuracy": 0.3125,
    "f1_score": 0.1693452380952381,
    "precision": 0.12604166666666666,
    "recall": 0.3125,
    "sigui": 0.15402850156136247,
    "sse": 13.115390392135456,
    "sc": 0.578428445616936,
    "ch": 242.80536137583144,
    "db": 0.5082198803446996,
    "bic": -337.162467250718,
    "xb": 36.25543103702428
}