{
    "dataset": "blobs-P5-K8-N1024-dt1.00-S9",
    "algorithm": "kmeans",
    "k": 16,
    "n": 1024,
    "d": 5,
    "k_true": 8,
    "rand_score": 0.8420240713587488,
    "adjusted_rand_score": 0.0788561312013053,
    "accuracy": 0.20703125,
    "f1_score": 0.13775003846418113,
    "precision": 0.2092885584682215,
    "recall": 0.103515625,
    "sigui": 0.40717259368821457,
    "sse": 2000.823665168354,
    "sc": 0.14404728176205472,
    "ch": 104.76118078254015,
    "db": 1.4797129348420421,
    "bic": -8019.744024174922,
    "xb": 781.1547021334866
}