{
    "dataset": "blobs-P10-K4-N64-dt0.20-S1",
    "algorithm": "kmeans",
    "k": 20,
    "n": 64,
    "d": 10,
    "k_true": 4,
    "rand_score": 0.8184523809523809,
    "adjusted_rand_score": 0.32186341979883537,
    "accuracy": 0.390625,
    "f1_score": 0.11138716356107659,
    "precision": 0.2,
    "recall": 0.078125,
    "sigui": 0.3107405100791854,
    "sse": 143.92308365564955,
    "sc": 0.08700597902946455,
    "ch": 7.982108719658984,
    "db": 1.2519220458902203,
    "bic": -1086.3839248015743,
    "xb": 60.62704110642513
}