{
    "dataset": "blobs-P5-K8-N128-dt1.00-S9",
    "algorithm": "kmeans",
    "k": 2,
    "n": 128,
    "d": 5,
    "k_true": 8,
    "rand_score": 0.5428149606299213,
    "adjusted_rand_score": 0.0863167839912026,
    "accuracy": 0.2421875,
    "f1_score": 0.09718730358265243,
    "precision": 0.06089901477832513,
    "recall": 0.2421875,
    "sigui": 0.5336971392076252,
    "sse": 502.9633948750833,
    "sc": 0.1908085285384404,
    "ch": 34.3297592263705,
    "db": 1.8409589611123918,
    "bic": -948.3275788875835,
    "xb": 105.23760515595647
}