{
    "dataset": "blobs-P10-K32-N128-dt0.90-S8",
    "algorithm": "kmeans",
    "k": 20,
    "n": 128,
    "d": 10,
    "k_true": 32,
    "rand_score": 0.9281496062992126,
    "adjusted_rand_score": 0.053375877472878114,
    "accuracy": 0.2734375,
    "f1_score": 0.20955658924408926,
    "precision": 0.20266955266955267,
    "recall": 0.2734375,
    "sigui": 0.43887612525542785,
    "sse": 589.165416933286,
    "sc": 0.0850575244433303,
    "ch": 6.665104733150777,
    "db": 1.5749030620898548,
    "bic": -2229.292706961737,
    "xb": 108.32767009659574
}