{
    "dataset": "blobs-P2-K8-N1024-dt0.70-S6",
    "algorithm": "kmeans",
    "k": 3,
    "n": 1024,
    "d": 2,
    "k_true": 8,
    "rand_score": 0.7383327987536656,
    "adjusted_rand_score": 0.34217569632079586,
    "accuracy": 0.373046875,
    "f1_score": 0.21250185589067472,
    "precision": 0.15153102521200681,
    "recall": 0.373046875,
    "sigui": 0.33415869922963454,
    "sse": 566.8422502127711,
    "sc": 0.5203124774112095,
    "ch": 1333.9355543496565,
    "db": 0.6439977643370534,
    "bic": -2701.1878879116343,
    "xb": 124.88206555151673
}