{
    "dataset": "blobs-P2-K32-N1024-dt0.20-S1",
    "algorithm": "kmeans",
    "k": 25,
    "n": 1024,
    "d": 2,
    "k_true": 32,
    "rand_score": 0.9843597262952102,
    "adjusted_rand_score": 0.7870967741935484,
    "accuracy": 0.78125,
    "f1_score": 0.7135416666666666,
    "precision": 0.6822916666666666,
    "recall": 0.78125,
    "sigui": 0.03281464571321616,
    "sse": 4.301925159510462,
    "sc": 0.8098290550789358,
    "ch": 19774.61931832301,
    "db": 0.27038342873417753,
    "bic": -74.33652669642373,
    "xb": 128.82705550919457
}