{
    "dataset": "blobs-P10-K32-N64-dt0.10-S0",
    "algorithm": "kmeans",
    "k": 8,
    "n": 64,
    "d": 10,
    "k_true": 32,
    "rand_score": 0.8665674603174603,
    "adjusted_rand_score": 0.1633176993334979,
    "accuracy": 0.25,
    "f1_score": 0.11669799498746868,
    "precision": 0.07971813725490196,
    "recall": 0.25,
    "sigui": 0.46486944624781,
    "sse": 327.84905148274584,
    "sc": 0.17610626845030922,
    "ch": 7.61694315369846,
    "db": 1.6084760294186857,
    "bic": -1004.3093017419421,
    "xb": 63.78048715702321
}