{
    "dataset": "blobs-P10-K8-N1024-dt0.90-S8",
    "algorithm": "kmeans",
    "k": 32,
    "n": 1024,
    "d": 10,
    "k_true": 8,
    "rand_score": 0.8596919293743891,
    "adjusted_rand_score": 0.05051881042027993,
    "accuracy": 0.142578125,
    "f1_score": 0.0548833214295035,
    "precision": 0.12211487017055625,
    "recall": 0.03564453125,
    "sigui": 0.463704343415279,
    "sse": 5331.607600379336,
    "sc": 0.07692443321669834,
    "ch": 29.459886878525364,
    "db": 1.9208104448604413,
    "bic": -15941.801095658857,
    "xb": 1265.772380465334
}