{
    "dataset": "blobs-P2-K8-N128-dt0.60-S5",
    "algorithm": "kmeans",
    "k": 3,
    "n": 128,
    "d": 2,
    "k_true": 8,
    "rand_score": 0.6669537401574803,
    "adjusted_rand_score": 0.26129949269118624,
    "accuracy": 0.375,
    "f1_score": 0.2420912420912421,
    "precision": 0.19986928104575163,
    "recall": 0.375,
    "sigui": 0.3210176489057391,
    "sse": 70.2132204567774,
    "sc": 0.5008738646143184,
    "ch": 165.3773127896825,
    "db": 0.6710889410126547,
    "bic": -339.6090470534473,
    "xb": 19.845257404913674
}