{
    "dataset": "blobs-P10-K8-N128-dt0.50-S4",
    "algorithm": "kmeans",
    "k": 16,
    "n": 128,
    "d": 10,
    "k_true": 8,
    "rand_score": 0.8783218503937008,
    "adjusted_rand_score": 0.28692596356369543,
    "accuracy": 0.4375,
    "f1_score": 0.2644769707624722,
    "precision": 0.3643014971139971,
    "recall": 0.21875,
    "sigui": 0.441243529191382,
    "sse": 573.8720116078277,
    "sc": 0.10996871488857232,
    "ch": 9.187453311333963,
    "db": 1.7000347301891838,
    "bic": -2076.722747137684,
    "xb": 131.23921205889604
}