{
    "dataset": "blobs-P5-K32-N128-dt0.50-S4",
    "algorithm": "kmeans",
    "k": 8,
    "n": 128,
    "d": 5,
    "k_true": 32,
    "rand_score": 0.8791830708661418,
    "adjusted_rand_score": 0.22476254413446714,
    "accuracy": 0.25,
    "f1_score": 0.11123183264533883,
    "precision": 0.074496336996337,
    "recall": 0.25,
    "sigui": 0.3689028633931507,
    "sse": 197.58326000818448,
    "sc": 0.2965947767714342,
    "ch": 38.38527095349122,
    "db": 1.1258499566731257,
    "bic": -904.8283619368427,
    "xb": 80.99820844924002
}