{
    "dataset": "blobs-P5-K32-N128-dt0.90-S8",
    "algorithm": "kmeans",
    "k": 16,
    "n": 128,
    "d": 5,
    "k_true": 32,
    "rand_score": 0.9317175196850394,
    "adjusted_rand_score": 0.19376608521589933,
    "accuracy": 0.359375,
    "f1_score": 0.24157668312080077,
    "precision": 0.2077600351037851,
    "recall": 0.359375,
    "sigui": 0.3431986132946565,
    "sse": 170.99637792286154,
    "sc": 0.19705949686703372,
    "ch": 20.47934438172162,
    "db": 1.2347005062607195,
    "bic": -1065.455782210007,
    "xb": 83.55522132694576
}