{
    "dataset": "blobs-P2-K4-N128-dt0.20-S1",
    "algorithm": "kmeans",
    "k": 2,
    "n": 128,
    "d": 2,
    "k_true": 4,
    "rand_score": 0.6220472440944882,
    "adjusted_rand_score": 0.328042328042328,
    "accuracy": 0.5,
    "f1_score": 0.375,
    "precision": 0.3333333333333333,
    "recall": 0.5,
    "sigui": 0.37024608875376336,
    "sse": 143.45915603514754,
    "sc": 0.5255145535687198,
    "ch": 98.84448460088016,
    "db": 0.597128207535347,
    "bic": -375.6707776742809,
    "xb": 28.54935357441317
}