{
    "dataset": "blobs-P2-K2-N1024-dt0.90-S8",
    "algorithm": "kmeans",
    "k": 4,
    "n": 1024,
    "d": 2,
    "k_true": 2,
    "rand_score": 0.5456397391251222,
    "adjusted_rand_score": 0.09083604302210622,
    "accuracy": 0.3701171875,
    "f1_score": 0.24414924689497686,
    "precision": 0.35997053751077895,
    "recall": 0.18505859375,
    "sigui": 0.3271727947100894,
    "sse": 714.4381566170829,
    "sc": 0.3223557680820282,
    "ch": 634.6655238787968,
    "db": 0.9328525363229487,
    "bic": -3286.21270104745,
    "xb": 266.557345610609
}