{
    "dataset": "blobs-P5-K2-N64-dt0.90-S8",
    "algorithm": "kmeans",
    "k": 16,
    "n": 64,
    "d": 5,
    "k_true": 2,
    "rand_score": 0.5158730158730159,
    "adjusted_rand_score": 0.018328118015198926,
    "accuracy": 0.171875,
    "f1_score": 0.03485576923076923,
    "precision": 0.09263392857142858,
    "recall": 0.021484375,
    "sigui": 0.3045883501373361,
    "sse": 75.28569182032626,
    "sc": 0.1975932305286897,
    "ch": 10.401522085283302,
    "db": 0.943287249876686,
    "bic": -593.4775361695732,
    "xb": 30.574232616562355
}