{
    "dataset": "blobs-P2-K8-N1024-dt0.80-S7",
    "algorithm": "kmeans",
    "k": 2,
    "n": 1024,
    "d": 2,
    "k_true": 8,
    "rand_score": 0.5803855083088955,
    "adjusted_rand_score": 0.16874973565802445,
    "accuracy": 0.24609375,
    "f1_score": 0.0993103448275862,
    "precision": 0.06238009777832787,
    "recall": 0.24609375,
    "sigui": 0.44179388472980663,
    "sse": 1278.426766480873,
    "sc": 0.3576760121976802,
    "ch": 615.2252209742857,
    "db": 1.151064354790077,
    "bic": -3146.974690417565,
    "xb": 361.3253984350712
}