{
    "dataset": "blobs-P5-K32-N64-dt1.00-S9",
    "algorithm": "kmeans",
    "k": 50,
    "n": 64,
    "d": 5,
    "k_true": 32,
    "rand_score": 0.9776785714285714,
    "adjusted_rand_score": 0.032753326509723645,
    "accuracy": 0.515625,
    "f1_score": 0.3946666666666666,
    "precision": 0.5266666666666666,
    "recall": 0.33,
    "sigui": 0.07143076968124318,
    "sse": 5.915427199352912,
    "sc": 0.13455420224897485,
    "ch": 15.170239840231647,
    "db": 0.3617867231183445,
    "bic": -803.7808973970361,
    "xb": 13.080838199541958
}