{
    "dataset": "blobs-P10-K8-N64-dt0.60-S5",
    "algorithm": "kmeans",
    "k": 32,
    "n": 64,
    "d": 10,
    "k_true": 8,
    "rand_score": 0.8779761904761905,
    "adjusted_rand_score": 0.0963265306122449,
    "accuracy": 0.28125,
    "f1_score": 0.09182900432900433,
    "precision": 0.15327380952380953,
    "recall": 0.0703125,
    "sigui": 0.25920321407822033,
    "sse": 112.76014087706739,
    "sc": 0.1075116349430727,
    "ch": 4.826595570746414,
    "db": 0.8413089637357838,
    "bic": -1356.3736654336763,
    "xb": 31.79589831648026
}