{
    "dataset": "blobs-P10-K16-N128-dt0.50-S4",
    "algorithm": "kmeans",
    "k": 20,
    "n": 128,
    "d": 10,
    "k_true": 16,
    "rand_score": 0.9167076771653543,
    "adjusted_rand_score": 0.18405094284114526,
    "accuracy": 0.390625,
    "f1_score": 0.3232258054123379,
    "precision": 0.37618145743145737,
    "recall": 0.3125,
    "sigui": 0.43084945494945603,
    "sse": 542.6110397214081,
    "sc": 0.09902219133635035,
    "ch": 7.724638430055993,
    "db": 1.5442709465954059,
    "bic": -2178.7307010099094,
    "xb": 108.71719329533404
}