{
    "dataset": "blobs-P2-K32-N1024-dt0.60-S5",
    "algorithm": "kmeans",
    "k": 16,
    "n": 1024,
    "d": 2,
    "k_true": 32,
    "rand_score": 0.9535182978983382,
    "adjusted_rand_score": 0.5411834848029714,
    "accuracy": 0.5,
    "f1_score": 0.36653722437219693,
    "precision": 0.3141405014553067,
    "recall": 0.5,
    "sigui": 0.11622398046760242,
    "sse": 51.98983903967144,
    "sc": 0.6198876520134315,
    "ch": 2579.9634177398248,
    "db": 0.4744154497228152,
    "bic": -2037.5748155455585,
    "xb": 175.91615734167644
}