{
    "dataset": "blobs-P2-K8-N64-dt0.30-S2",
    "algorithm": "kmeans",
    "k": 50,
    "n": 64,
    "d": 2,
    "k_true": 8,
    "rand_score": 0.8963293650793651,
    "adjusted_rand_score": 0.11315417256011315,
    "accuracy": 0.265625,
    "f1_score": 0.06690909090909092,
    "precision": 0.16,
    "recall": 0.0425,
    "sigui": 0.0073020518175765095,
    "sse": 0.022848721801730403,
    "sc": 0.20179152705113365,
    "ch": 1600.3039768478575,
    "db": 0.21694309772743153,
    "bic": -234.66937646738933,
    "xb": 156.60927494787458
}