{
    "dataset": "blobs-P2-K16-N1024-dt0.30-S2",
    "algorithm": "kmeans",
    "k": 10,
    "n": 1024,
    "d": 2,
    "k_true": 16,
    "rand_score": 0.9444514448924731,
    "adjusted_rand_score": 0.659028911348194,
    "accuracy": 0.625,
    "f1_score": 0.5098295190813505,
    "precision": 0.45750125125125124,
    "recall": 0.625,
    "sigui": 0.12833264704416486,
    "sse": 66.0360975418902,
    "sc": 0.6338194422012047,
    "ch": 3381.6956636253312,
    "db": 0.5430706379774876,
    "bic": -1768.9908593734128,
    "xb": 189.21277483184159
}