{
    "dataset": "blobs-P10-K32-N1024-dt0.90-S8",
    "algorithm": "kmeans",
    "k": 4,
    "n": 1024,
    "d": 10,
    "k_true": 32,
    "rand_score": 0.742053855083089,
    "adjusted_rand_score": 0.025711524820602787,
    "accuracy": 0.0810546875,
    "f1_score": 0.018060919807211216,
    "precision": 0.010164106418877564,
    "recall": 0.0810546875,
    "sigui": 0.546992557790122,
    "sse": 8406.586019587192,
    "sc": 0.07034992673111581,
    "ch": 74.15147503254398,
    "db": 2.6503142547456107,
    "bic": -15091.291279187171,
    "xb": 1872.907926160177
}