{
    "dataset": "blobs-P10-K8-N128-dt0.20-S1",
    "algorithm": "kmeans",
    "k": 2,
    "n": 128,
    "d": 10,
    "k_true": 8,
    "rand_score": 0.5905511811023622,
    "adjusted_rand_score": 0.21418372203712518,
    "accuracy": 0.25,
    "f1_score": 0.10416666666666666,
    "precision": 0.06666666666666667,
    "recall": 0.25,
    "sigui": 0.5368385461003609,
    "sse": 980.0293907723022,
    "sc": 0.22933800618258013,
    "ch": 38.56649312619589,
    "db": 1.7003252149917945,
    "bic": -1783.4717094754737,
    "xb": 94.29721841419654
}