{
    "dataset": "blobs-P2-K4-N64-dt0.80-S7",
    "algorithm": "kmeans",
    "k": 10,
    "n": 64,
    "d": 2,
    "k_true": 4,
    "rand_score": 0.8020833333333334,
    "adjusted_rand_score": 0.31336556584446446,
    "accuracy": 0.421875,
    "f1_score": 0.22286956521739132,
    "precision": 0.33055555555555555,
    "recall": 0.16875,
    "sigui": 0.17284785237467454,
    "sse": 8.776304887098028,
    "sc": 0.43001126547929414,
    "ch": 81.50835458428868,
    "db": 0.6871494647425906,
    "bic": -217.4026186033969,
    "xb": 15.405338561744435
}