{
    "dataset": "blobs-P5-K16-N64-dt0.50-S4",
    "algorithm": "kmeans",
    "k": 50,
    "n": 64,
    "d": 5,
    "k_true": 16,
    "rand_score": 0.9588293650793651,
    "adjusted_rand_score": 0.242503259452412,
    "accuracy": 0.453125,
    "f1_score": 0.19580952380952382,
    "precision": 0.32,
    "recall": 0.145,
    "sigui": 0.03089472429490612,
    "sse": 1.0038145809350403,
    "sc": 0.1320797310350811,
    "ch": 90.79542078148795,
    "db": 0.2852069726699177,
    "bic": -519.9798743563945,
    "xb": 49.10978334442559
}