{
    "dataset": "blobs-P10-K16-N128-dt0.80-S7",
    "algorithm": "kmeans",
    "k": 16,
    "n": 128,
    "d": 10,
    "k_true": 16,
    "rand_score": 0.8919783464566929,
    "adjusted_rand_score": 0.08758694051223304,
    "accuracy": 0.3203125,
    "f1_score": 0.2973087413102893,
    "precision": 0.3088428932178932,
    "recall": 0.3203125,
    "sigui": 0.45490974184417027,
    "sse": 653.6060201471647,
    "sc": 0.08809227612158033,
    "ch": 7.155801668587381,
    "db": 1.6127912380536742,
    "bic": -2155.9797773239798,
    "xb": 112.30914088296247
}