{
    "dataset": "blobs-P10-K2-N1024-dt0.90-S8",
    "algorithm": "kmeans",
    "k": 4,
    "n": 1024,
    "d": 10,
    "k_true": 2,
    "rand_score": 0.534535755742913,
    "adjusted_rand_score": 0.06861984092022846,
    "accuracy": 0.3974609375,
    "f1_score": 0.25742538394668213,
    "precision": 0.367032279314888,
    "recall": 0.19873046875,
    "sigui": 0.5433958312072941,
    "sse": 8463.965095525922,
    "sc": 0.0703849123585443,
    "ch": 71.34385133988616,
    "db": 2.7124529762754035,
    "bic": -15121.41170491625,
    "xb": 1905.5845107323507
}