{
    "dataset": "blobs-P5-K8-N1024-dt0.60-S5",
    "algorithm": "kmeans",
    "k": 20,
    "n": 1024,
    "d": 5,
    "k_true": 8,
    "rand_score": 0.9019237231182796,
    "adjusted_rand_score": 0.4044632626379577,
    "accuracy": 0.4345703125,
    "f1_score": 0.23153930764394168,
    "precision": 0.35479585374642963,
    "recall": 0.173828125,
    "sigui": 0.3067340802774047,
    "sse": 950.741220715151,
    "sc": 0.1751467350567052,
    "ch": 231.72700045402,
    "db": 1.5574036966073304,
    "bic": -6389.12523570908,
    "xb": 979.6748788388584
}