{
    "dataset": "blobs-P10-K16-N128-dt0.50-S4",
    "algorithm": "kmeans",
    "k": 2,
    "n": 128,
    "d": 10,
    "k_true": 16,
    "rand_score": 0.5241141732283464,
    "adjusted_rand_score": 0.044882563384663246,
    "accuracy": 0.1171875,
    "f1_score": 0.026025541795665633,
    "precision": 0.014644607843137255,
    "recall": 0.1171875,
    "sigui": 0.5605978199587195,
    "sse": 1134.276707540851,
    "sc": 0.10587656568675617,
    "ch": 16.187527018570556,
    "db": 2.7284683703161967,
    "bic": -1880.8117489438423,
    "xb": 224.5491488265272
}