{
    "dataset": "blobs-P5-K8-N128-dt0.70-S6",
    "algorithm": "kmeans",
    "k": 4,
    "n": 128,
    "d": 5,
    "k_true": 8,
    "rand_score": 0.8008120078740157,
    "adjusted_rand_score": 0.3816280559507018,
    "accuracy": 0.46875,
    "f1_score": 0.32080718592346497,
    "precision": 0.253056884635832,
    "recall": 0.46875,
    "sigui": 0.45148507052968256,
    "sse": 324.5522696183706,
    "sc": 0.22802643729670102,
    "ch": 40.17382532693074,
    "db": 1.3269070249234398,
    "bic": -920.6130234641927,
    "xb": 64.81533303303465
}