{
    "dataset": "blobs-P10-K32-N1024-dt0.10-S0",
    "algorithm": "kmeans",
    "k": 4,
    "n": 1024,
    "d": 10,
    "k_true": 32,
    "rand_score": 0.7672516495601173,
    "adjusted_rand_score": 0.1593813091368944,
    "accuracy": 0.125,
    "f1_score": 0.028872907098484002,
    "precision": 0.016406379912583126,
    "recall": 0.125,
    "sigui": 0.5232790726849159,
    "sse": 6952.0030545067,
    "sc": 0.1836188317975296,
    "ch": 160.80530355104204,
    "db": 1.9339973998570448,
    "bic": -14093.012292654883,
    "xb": 997.5762642219639
}