{
    "dataset": "blobs-P5-K2-N64-dt0.30-S2",
    "algorithm": "kmeans",
    "k": 8,
    "n": 64,
    "d": 5,
    "k_true": 2,
    "rand_score": 0.6185515873015873,
    "adjusted_rand_score": 0.22848952942113226,
    "accuracy": 0.421875,
    "f1_score": 0.14311334289813488,
    "precision": 0.24342105263157893,
    "recall": 0.10546875,
    "sigui": 0.3830595388476432,
    "sse": 115.70952301540812,
    "sc": 0.1925873050815658,
    "ch": 14.124367409751619,
    "db": 1.2830249007707681,
    "bic": -518.0913789941073,
    "xb": 42.63868026322067
}