{
    "dataset": "blobs-P10-K4-N128-dt0.10-S0",
    "algorithm": "kmeans",
    "k": 32,
    "n": 128,
    "d": 10,
    "k_true": 4,
    "rand_score": 0.7952755905511811,
    "adjusted_rand_score": 0.22524636320976069,
    "accuracy": 0.296875,
    "f1_score": 0.05652444118426146,
    "precision": 0.125,
    "recall": 0.037109375,
    "sigui": 0.18675992312625317,
    "sse": 79.95255613083336,
    "sc": 0.07954055250255652,
    "ch": 46.48101492998514,
    "db": 1.3134389525751926,
    "bic": -1333.8087520950592,
    "xb": 134.85511785937751
}