{
    "dataset": "blobs-P2-K16-N1024-dt1.00-S9",
    "algorithm": "kmeans",
    "k": 16,
    "n": 1024,
    "d": 2,
    "k_true": 16,
    "rand_score": 0.9349817479227761,
    "adjusted_rand_score": 0.4544516729021843,
    "accuracy": 0.60546875,
    "f1_score": 0.594712596766404,
    "precision": 0.5989825558368072,
    "recall": 0.60546875,
    "sigui": 0.14265796908404826,
    "sse": 87.84748470628305,
    "sc": 0.3453533720459697,
    "ch": 1499.442465178706,
    "db": 0.8991882698532715,
    "bic": -2652.606268620906,
    "xb": 352.05953138698817
}