{
    "dataset": "blobs-P5-K16-N64-dt0.40-S3",
    "algorithm": "kmeans",
    "k": 3,
    "n": 64,
    "d": 5,
    "k_true": 16,
    "rand_score": 0.5659722222222222,
    "adjusted_rand_score": 0.0903015000742611,
    "accuracy": 0.1875,
    "f1_score": 0.09412790697674418,
    "precision": 0.0808150183150183,
    "recall": 0.1875,
    "sigui": 0.4841026149574915,
    "sse": 197.4467348402721,
    "sc": 0.27112638188464216,
    "ch": 18.931052926225995,
    "db": 1.2141280793545766,
    "bic": -468.22487477065647,
    "xb": 31.337063025027525
}