{
    "dataset": "blobs-P5-K32-N64-dt0.10-S0",
    "algorithm": "kmeans",
    "k": 10,
    "n": 64,
    "d": 5,
    "k_true": 32,
    "rand_score": 0.9206349206349206,
    "adjusted_rand_score": 0.26573426573426573,
    "accuracy": 0.3125,
    "f1_score": 0.16145833333333331,
    "precision": 0.11718749999999999,
    "recall": 0.3125,
    "sigui": 0.3482553247780663,
    "sse": 88.50826066997271,
    "sc": 0.3283447736255374,
    "ch": 15.692890420242758,
    "db": 0.9809879794791435,
    "bic": -519.1823652725128,
    "xb": 34.245888878069564
}