{
    "dataset": "blobs-P10-K4-N1024-dt0.90-S8",
    "algorithm": "kmeans",
    "k": 20,
    "n": 1024,
    "d": 10,
    "k_true": 4,
    "rand_score": 0.7334948527614858,
    "adjusted_rand_score": 0.02893299247141193,
    "accuracy": 0.123046875,
    "f1_score": 0.04017682241759948,
    "precision": 0.10989727055392962,
    "recall": 0.024609375,
    "sigui": 0.4916736808669179,
    "sse": 6122.879490507004,
    "sc": 0.06997057313581985,
    "ch": 35.53186301984856,
    "db": 2.0835319268606516,
    "bic": -15715.872886002973,
    "xb": 1477.682179239202
}