{
    "dataset": "blobs-P10-K8-N1024-dt0.80-S7",
    "algorithm": "kmeans",
    "k": 32,
    "n": 1024,
    "d": 10,
    "k_true": 8,
    "rand_score": 0.8574982435239492,
    "adjusted_rand_score": 0.03757134407597514,
    "accuracy": 0.1181640625,
    "f1_score": 0.045658981983636375,
    "precision": 0.10490352187779968,
    "recall": 0.029541015625,
    "sigui": 0.47208688159978257,
    "sse": 5406.5814444770185,
    "sc": 0.07400058361867079,
    "ch": 28.607613769461395,
    "db": 1.9606007058551218,
    "bic": -16006.695030277546,
    "xb": 1331.9490761753837
}