{
    "dataset": "blobs-P2-K16-N1024-dt0.40-S3",
    "algorithm": "kmeans",
    "k": 25,
    "n": 1024,
    "d": 2,
    "k_true": 16,
    "rand_score": 0.9780421401515151,
    "adjusted_rand_score": 0.7836982621750633,
    "accuracy": 0.7587890625,
    "f1_score": 0.5356847692933031,
    "precision": 0.6197065878544002,
    "recall": 0.485625,
    "sigui": 0.05839695095195992,
    "sse": 14.361884014434484,
    "sc": 0.48488829505762066,
    "ch": 5895.505950015032,
    "db": 0.8483291539938337,
    "bic": -1297.4355079545744,
    "xb": 262.2509688725445
}