{
    "dataset": "blobs-P2-K4-N128-dt0.80-S7",
    "algorithm": "kmeans",
    "k": 8,
    "n": 128,
    "d": 2,
    "k_true": 4,
    "rand_score": 0.7872785433070866,
    "adjusted_rand_score": 0.3174568637263648,
    "accuracy": 0.484375,
    "f1_score": 0.30222968277644746,
    "precision": 0.4186231884057971,
    "recall": 0.2421875,
    "sigui": 0.2273600539625167,
    "sse": 28.61335459673091,
    "sc": 0.378704760378161,
    "ch": 136.23207880655528,
    "db": 0.8406924576032948,
    "bic": -400.35295559866626,
    "xb": 37.93991815364941
}