{
    "dataset": "blobs-P2-K2-N128-dt0.70-S6",
    "algorithm": "kmeans",
    "k": 10,
    "n": 128,
    "d": 2,
    "k_true": 2,
    "rand_score": 0.5295275590551181,
    "adjusted_rand_score": 0.053350954547403795,
    "accuracy": 0.21875,
    "f1_score": 0.06868131868131869,
    "precision": 0.16357142857142856,
    "recall": 0.04375,
    "sigui": 0.2384704666261157,
    "sse": 35.93736301449828,
    "sc": 0.31872840200464136,
    "ch": 80.28595987293262,
    "db": 0.7459860459107517,
    "bic": -459.51094643468036,
    "xb": 49.732998339378405
}