{
    "dataset": "blobs-P10-K2-N1024-dt0.70-S6",
    "algorithm": "kmeans",
    "k": 25,
    "n": 1024,
    "d": 10,
    "k_true": 2,
    "rand_score": 0.5077533143939394,
    "adjusted_rand_score": 0.014620814719860344,
    "accuracy": 0.0869140625,
    "f1_score": 0.012542151839776432,
    "precision": 0.06404684450227716,
    "recall": 0.006953125,
    "sigui": 0.4775076891514055,
    "sse": 5823.739283912679,
    "sc": 0.07572084477020749,
    "ch": 31.56508960058233,
    "db": 1.9889191374676587,
    "bic": -15877.293537040023,
    "xb": 1248.0194424007466
}