{
    "dataset": "blobs-P10-K16-N64-dt0.70-S6",
    "algorithm": "kmeans",
    "k": 2,
    "n": 64,
    "d": 10,
    "k_true": 16,
    "rand_score": 0.5024801587301587,
    "adjusted_rand_score": 0.012934064389146634,
    "accuracy": 0.125,
    "f1_score": 0.02832415420928403,
    "precision": 0.016016016016016016,
    "recall": 0.125,
    "sigui": 0.5615227346433909,
    "sse": 571.7025023948883,
    "sc": 0.08746852208092207,
    "ch": 7.406727858945244,
    "db": 2.765904575234454,
    "bic": -961.4931030996158,
    "xb": 118.15976418423912
}