{
    "dataset": "blobs-P10-K16-N64-dt0.40-S3",
    "algorithm": "kmeans",
    "k": 4,
    "n": 64,
    "d": 10,
    "k_true": 16,
    "rand_score": 0.7574404761904762,
    "adjusted_rand_score": 0.12417910447761193,
    "accuracy": 0.234375,
    "f1_score": 0.09907219973009447,
    "precision": 0.06354166666666666,
    "recall": 0.234375,
    "sigui": 0.5187856118564362,
    "sse": 445.9346131348693,
    "sc": 0.1340146182681975,
    "ch": 8.703759750824146,
    "db": 1.9318001325880505,
    "bic": -971.4603090681175,
    "xb": 67.64437554511588
}