{
    "dataset": "blobs-P10-K4-N128-dt0.90-S8",
    "algorithm": "kmeans",
    "k": 20,
    "n": 128,
    "d": 10,
    "k_true": 4,
    "rand_score": 0.7309301181102362,
    "adjusted_rand_score": 0.025623305139745943,
    "accuracy": 0.1796875,
    "f1_score": 0.05246031746031745,
    "precision": 0.09775641025641026,
    "recall": 0.0359375,
    "sigui": 0.44116888976718965,
    "sse": 616.8437669280671,
    "sc": 0.06609016422201798,
    "ch": 6.110979542505432,
    "db": 1.4605015469020364,
    "bic": -2246.1244062509786,
    "xb": 120.69163107037804
}