{
    "dataset": "blobs-P5-K32-N64-dt0.50-S4",
    "algorithm": "kmeans",
    "k": 2,
    "n": 64,
    "d": 5,
    "k_true": 32,
    "rand_score": 0.49851190476190477,
    "adjusted_rand_score": 0.027840102568798937,
    "accuracy": 0.0625,
    "f1_score": 0.0076784101174345075,
    "precision": 0.0041025641025641026,
    "recall": 0.0625,
    "sigui": 0.5317501111724936,
    "sse": 249.0030546439667,
    "sc": 0.22276649577411647,
    "ch": 17.67773740112518,
    "db": 1.7850290687024615,
    "bic": -481.7742052889865,
    "xb": 49.15659202175039
}