{
    "dataset": "blobs-P5-K2-N1024-dt1.00-S9",
    "algorithm": "kmeans",
    "k": 2,
    "n": 1024,
    "d": 5,
    "k_true": 2,
    "rand_score": 0.4997861681329423,
    "adjusted_rand_score": -0.0004285599364899974,
    "accuracy": 0.51171875,
    "f1_score": 0.5117112993057145,
    "precision": 0.5117194652993957,
    "recall": 0.51171875,
    "sigui": 0.5337370660670444,
    "sse": 4436.413616902033,
    "sc": 0.13051769611818465,
    "ch": 157.49195489357058,
    "db": 2.4169804145798057,
    "bic": -7649.441652246759,
    "xb": 1400.1149976550287
}