{
    "dataset": "blobs-P10-K16-N1024-dt0.10-S0",
    "algorithm": "kmeans",
    "k": 4,
    "n": 1024,
    "d": 10,
    "k_true": 16,
    "rand_score": 0.7420595827223851,
    "adjusted_rand_score": 0.2447763853107481,
    "accuracy": 0.25,
    "f1_score": 0.12807769567947522,
    "precision": 0.10263774819592789,
    "recall": 0.25,
    "sigui": 0.5010921062607356,
    "sse": 6587.969525538863,
    "sc": 0.26015371297035594,
    "ch": 188.47846161146646,
    "db": 1.57633959654026,
    "bic": -13682.390127199185,
    "xb": 866.165212366853
}