{
    "dataset": "blobs-P5-K16-N1024-dt0.70-S6",
    "algorithm": "kmeans",
    "k": 25,
    "n": 1024,
    "d": 5,
    "k_true": 16,
    "rand_score": 0.9514868951612904,
    "adjusted_rand_score": 0.5128133187895689,
    "accuracy": 0.611328125,
    "f1_score": 0.44237838028255766,
    "precision": 0.519283502506399,
    "recall": 0.39125,
    "sigui": 0.3232662790576099,
    "sse": 1094.0252756326595,
    "sc": 0.17814075494886367,
    "ch": 153.17854316014842,
    "db": 1.5662559915585388,
    "bic": -7076.34642857254,
    "xb": 1009.3316983988115
}