{
    "dataset": "blobs-P2-K8-N1024-dt0.30-S2",
    "algorithm": "kmeans",
    "k": 4,
    "n": 1024,
    "d": 2,
    "k_true": 8,
    "rand_score": 0.8123167155425219,
    "adjusted_rand_score": 0.47654784240150094,
    "accuracy": 0.5,
    "f1_score": 0.375,
    "precision": 0.3333333333333333,
    "recall": 0.5,
    "sigui": 0.20181093396294086,
    "sse": 173.7346392002183,
    "sc": 0.6914419232463085,
    "ch": 3667.9514551933166,
    "db": 0.4113338944053023,
    "bic": -1706.8966097067446,
    "xb": 70.7265667635766
}