{
    "dataset": "blobs-P2-K32-N128-dt0.10-S0",
    "algorithm": "kmeans",
    "k": 4,
    "n": 128,
    "d": 2,
    "k_true": 32,
    "rand_score": 0.7381889763779528,
    "adjusted_rand_score": 0.11421679165137133,
    "accuracy": 0.125,
    "f1_score": 0.03172123015873016,
    "precision": 0.018586881868131868,
    "recall": 0.125,
    "sigui": 0.3284799913346719,
    "sse": 66.46097089781834,
    "sc": 0.4332160235262702,
    "ch": 117.87790283114882,
    "db": 0.8102970648875182,
    "bic": -386.83677582143133,
    "xb": 23.862648207347558
}