{
    "dataset": "blobs-P2-K2-N128-dt0.60-S5",
    "algorithm": "kmeans",
    "k": 50,
    "n": 128,
    "d": 2,
    "k_true": 2,
    "rand_score": 0.5124261811023622,
    "adjusted_rand_score": 0.01740284841326396,
    "accuracy": 0.0859375,
    "f1_score": 0.0063271221532091105,
    "precision": 0.04,
    "recall": 0.0034375,
    "sigui": 0.06949975019149776,
    "sse": 3.04730931338544,
    "sc": 0.35671111059908084,
    "ch": 132.1360399503627,
    "db": 0.5272210853868663,
    "bic": -655.4194550001699,
    "xb": 91.92523979883083
}