{
    "dataset": "blobs-P5-K2-N128-dt0.50-S4",
    "algorithm": "kmeans",
    "k": 2,
    "n": 128,
    "d": 5,
    "k_true": 2,
    "rand_score": 0.7678395669291339,
    "adjusted_rand_score": 0.5356584415961868,
    "accuracy": 0.8671875,
    "f1_score": 0.8671145038167939,
    "precision": 0.8679960851480304,
    "recall": 0.8671875,
    "sigui": 0.5165872855263978,
    "sse": 501.12956140680967,
    "sc": 0.19752917528590413,
    "ch": 34.91646993169026,
    "db": 1.8025373097052886,
    "bic": -947.581358640544,
    "xb": 104.23839119271969
}