{
    "dataset": "blobs-P10-K2-N128-dt0.60-S5",
    "algorithm": "kmeans",
    "k": 25,
    "n": 128,
    "d": 10,
    "k_true": 2,
    "rand_score": 0.5087352362204725,
    "adjusted_rand_score": 0.010304630643395376,
    "accuracy": 0.078125,
    "f1_score": 0.011193737769080234,
    "precision": 0.05555555555555555,
    "recall": 0.00625,
    "sigui": 0.42508765562970163,
    "sse": 551.9573203420802,
    "sc": 0.0610335039430132,
    "ch": 5.66079366111519,
    "db": 1.5488922139986463,
    "bic": -2357.410862521355,
    "xb": 129.89096048413336
}