{
    "dataset": "blobs-P2-K16-N128-dt1.00-S9",
    "algorithm": "kmeans",
    "k": 25,
    "n": 128,
    "d": 2,
    "k_true": 16,
    "rand_score": 0.9491879921259843,
    "adjusted_rand_score": 0.4329069855445395,
    "accuracy": 0.546875,
    "f1_score": 0.394945165945166,
    "precision": 0.4756666666666666,
    "recall": 0.35,
    "sigui": 0.08768243880156437,
    "sse": 4.30438666843339,
    "sc": 0.4109823610663375,
    "ch": 250.95182126712845,
    "db": 0.7327832261526193,
    "bic": -427.0763608806427,
    "xb": 74.90345025636506
}