{
    "dataset": "blobs-P10-K4-N128-dt1.00-S9",
    "algorithm": "kmeans",
    "k": 20,
    "n": 128,
    "d": 10,
    "k_true": 4,
    "rand_score": 0.7321604330708661,
    "adjusted_rand_score": 0.023397844600728357,
    "accuracy": 0.171875,
    "f1_score": 0.05281391640087292,
    "precision": 0.12625,
    "recall": 0.034375,
    "sigui": 0.436240366312748,
    "sse": 610.4952569441269,
    "sc": 0.08385955130471062,
    "ch": 6.2336371406810684,
    "db": 1.6117269466154593,
    "bic": -2247.1788692346545,
    "xb": 144.7448348059916
}