{
    "dataset": "blobs-P10-K32-N64-dt0.50-S4",
    "algorithm": "kmeans",
    "k": 8,
    "n": 64,
    "d": 10,
    "k_true": 32,
    "rand_score": 0.8754960317460317,
    "adjusted_rand_score": 0.10625671169389024,
    "accuracy": 0.234375,
    "f1_score": 0.09797077922077921,
    "precision": 0.0642361111111111,
    "recall": 0.234375,
    "sigui": 0.4646730895309597,
    "sse": 355.3979533828903,
    "sc": 0.11383446044371577,
    "ch": 6.406385718501689,
    "db": 1.6381308072390073,
    "bic": -1034.2956777696,
    "xb": 53.48582542525433
}