{
    "dataset": "blobs-P10-K16-N64-dt0.80-S7",
    "algorithm": "kmeans",
    "k": 50,
    "n": 64,
    "d": 10,
    "k_true": 16,
    "rand_score": 0.9424603174603174,
    "adjusted_rand_score": -0.01669449081803005,
    "accuracy": 0.25,
    "f1_score": 0.11414285714285714,
    "precision": 0.235,
    "recall": 0.08,
    "sigui": 0.10385099871666961,
    "sse": 38.134506441930554,
    "sc": 0.049433753393474694,
    "ch": 4.509342997525741,
    "db": 0.5692262498288683,
    "bic": -1629.4505484322085,
    "xb": 13.601461128746307
}