{
    "dataset": "blobs-P2-K32-N64-dt0.50-S4",
    "algorithm": "kmeans",
    "k": 8,
    "n": 64,
    "d": 2,
    "k_true": 32,
    "rand_score": 0.8839285714285714,
    "adjusted_rand_score": 0.1809089898877653,
    "accuracy": 0.25,
    "f1_score": 0.11275252525252526,
    "precision": 0.07745154151404152,
    "recall": 0.25,
    "sigui": 0.17168304301611048,
    "sse": 9.079407988495781,
    "sc": 0.5328369744219089,
    "ch": 104.78268377161554,
    "db": 0.5869998022342859,
    "bic": -190.63091185532656,
    "xb": 17.299420514151443
}