{
    "dataset": "blobs-P5-K8-N1024-dt0.80-S7",
    "algorithm": "kmeans",
    "k": 32,
    "n": 1024,
    "d": 5,
    "k_true": 8,
    "rand_score": 0.8704083424975562,
    "adjusted_rand_score": 0.12765539289437255,
    "accuracy": 0.2119140625,
    "f1_score": 0.08144167859158738,
    "precision": 0.1811483948939578,
    "recall": 0.052978515625,
    "sigui": 0.35534113254725763,
    "sse": 1347.9640246419478,
    "sc": 0.14595474288901167,
    "ch": 89.54627052715286,
    "db": 1.4206556012229314,
    "bic": -8028.254994065113,
    "xb": 942.2536191343182
}