{
    "dataset": "blobs-P2-K4-N64-dt0.30-S2",
    "algorithm": "kmeans",
    "k": 20,
    "n": 64,
    "d": 2,
    "k_true": 4,
    "rand_score": 0.7966269841269841,
    "adjusted_rand_score": 0.21911844730636676,
    "accuracy": 0.296875,
    "f1_score": 0.09108225108225107,
    "precision": 0.2,
    "recall": 0.059375,
    "sigui": 0.08356570596559863,
    "sse": 1.9264977640776637,
    "sc": 0.42359603290811604,
    "ch": 151.5494566526171,
    "db": 0.6194259388754332,
    "bic": -228.3362740620645,
    "xb": 45.13877678094906
}