{
    "dataset": "blobs-P5-K2-N64-dt0.40-S3",
    "algorithm": "kmeans",
    "k": 4,
    "n": 64,
    "d": 5,
    "k_true": 2,
    "rand_score": 0.6364087301587301,
    "adjusted_rand_score": 0.2688221416470067,
    "accuracy": 0.640625,
    "f1_score": 0.3662196679438059,
    "precision": 0.42919580419580416,
    "recall": 0.3203125,
    "sigui": 0.4955750899572996,
    "sse": 217.7081612356351,
    "sc": 0.15183865532352908,
    "ch": 9.397152424952042,
    "db": 1.5081506043510586,
    "bic": -515.5009249949674,
    "xb": 65.91170175954225
}