{
    "dataset": "blobs-P10-K4-N128-dt0.40-S3",
    "algorithm": "kmeans",
    "k": 10,
    "n": 128,
    "d": 10,
    "k_true": 4,
    "rand_score": 0.7779281496062992,
    "adjusted_rand_score": 0.25651021818028497,
    "accuracy": 0.3984375,
    "f1_score": 0.2126471238487541,
    "precision": 0.32321428571428573,
    "recall": 0.159375,
    "sigui": 0.4672099565832388,
    "sse": 673.5077208278354,
    "sc": 0.08753868774967039,
    "ch": 11.806527845714086,
    "db": 2.044717429192293,
    "bic": -1959.739948098741,
    "xb": 191.09400654216455
}