{
    "dataset": "blobs-P5-K16-N128-dt0.80-S7",
    "algorithm": "kmeans",
    "k": 3,
    "n": 128,
    "d": 5,
    "k_true": 16,
    "rand_score": 0.6863927165354331,
    "adjusted_rand_score": 0.17500312187016587,
    "accuracy": 0.1875,
    "f1_score": 0.06542692416525184,
    "precision": 0.04087178349600709,
    "recall": 0.1875,
    "sigui": 0.45302161386761153,
    "sse": 342.1346695692774,
    "sc": 0.30928690953902616,
    "ch": 54.41302740630492,
    "db": 1.236793295909208,
    "bic": -884.2984409095884,
    "xb": 55.50820296419524
}