{
    "dataset": "blobs-P2-K4-N1024-dt0.80-S7",
    "algorithm": "kmeans",
    "k": 32,
    "n": 1024,
    "d": 2,
    "k_true": 4,
    "rand_score": 0.7542785465542522,
    "adjusted_rand_score": 0.08238951393413323,
    "accuracy": 0.1455078125,
    "f1_score": 0.03007745470830284,
    "precision": 0.08949723283962414,
    "recall": 0.0181884765625,
    "sigui": 0.1572131285438745,
    "sse": 89.83933403145458,
    "sc": 0.3278211079987867,
    "ch": 697.4800290600392,
    "db": 0.8567650729908072,
    "bic": -3474.1326808036406,
    "xb": 372.5741749692757
}