{
    "dataset": "blobs-P2-K4-N1024-dt0.40-S3",
    "algorithm": "kmeans",
    "k": 4,
    "n": 1024,
    "d": 2,
    "k_true": 4,
    "rand_score": 0.950051166911046,
    "adjusted_rand_score": 0.8665588815960208,
    "accuracy": 0.9453125,
    "f1_score": 0.9453263594016459,
    "precision": 0.9455205995939613,
    "recall": 0.9453125,
    "sigui": 0.2611690613707569,
    "sse": 305.5040632405732,
    "sc": 0.5372979248054384,
    "ch": 1939.2495543722887,
    "db": 0.6462194279103448,
    "bic": -2418.6332314929737,
    "xb": 196.53350830430165
}