{
    "dataset": "blobs-P2-K4-N128-dt0.20-S1",
    "algorithm": "kmeans",
    "k": 50,
    "n": 128,
    "d": 2,
    "k_true": 4,
    "rand_score": 0.7747293307086615,
    "adjusted_rand_score": 0.11215938116855598,
    "accuracy": 0.1796875,
    "f1_score": 0.0243060874639822,
    "precision": 0.08,
    "recall": 0.014375,
    "sigui": 0.027549592471553738,
    "sse": 0.3730316493577121,
    "sc": 0.3902184358199907,
    "ch": 1090.8361242259532,
    "db": 0.48063277106325875,
    "bic": -385.6601616861144,
    "xb": 141.22656930256565
}