{
    "dataset": "blobs-P2-K2-N64-dt0.20-S1",
    "algorithm": "kmeans",
    "k": 10,
    "n": 64,
    "d": 2,
    "k_true": 2,
    "rand_score": 0.6031746031746031,
    "adjusted_rand_score": 0.19632606199770378,
    "accuracy": 0.296875,
    "f1_score": 0.09041406693136698,
    "precision": 0.19090909090909092,
    "recall": 0.059375,
    "sigui": 0.16224774546258589,
    "sse": 9.344326421768178,
    "sc": 0.39634558646664914,
    "ch": 76.18890964798675,
    "db": 0.6871626913015232,
    "bic": -216.8513676099408,
    "xb": 18.985909051463185
}