{
    "dataset": "blobs-P10-K2-N128-dt0.80-S7",
    "algorithm": "kmeans",
    "k": 20,
    "n": 128,
    "d": 10,
    "k_true": 2,
    "rand_score": 0.5172244094488189,
    "adjusted_rand_score": 0.02767057538095331,
    "accuracy": 0.1640625,
    "f1_score": 0.02795163584637269,
    "precision": 0.095,
    "recall": 0.01640625,
    "sigui": 0.44119002867102636,
    "sse": 629.6956023281269,
    "sc": 0.05701461441134202,
    "ch": 5.87024443062527,
    "db": 1.5824187602570952,
    "bic": -2265.56161683832,
    "xb": 143.0005496518626
}