{
    "dataset": "blobs-P10-K32-N1024-dt0.40-S3",
    "algorithm": "kmeans",
    "k": 8,
    "n": 1024,
    "d": 10,
    "k_true": 32,
    "rand_score": 0.8810903897849462,
    "adjusted_rand_score": 0.2126241799868522,
    "accuracy": 0.236328125,
    "f1_score": 0.09746400880589629,
    "precision": 0.06211292906177274,
    "recall": 0.236328125,
    "sigui": 0.5054456105811603,
    "sse": 6490.041395721609,
    "sc": 0.11829663374219557,
    "ch": 83.86382656221703,
    "db": 1.9669076992227992,
    "bic": -14610.217604938527,
    "xb": 1241.7155867720662
}