{
    "dataset": "blobs-P2-K8-N1024-dt0.50-S4",
    "algorithm": "kmeans",
    "k": 25,
    "n": 1024,
    "d": 2,
    "k_true": 8,
    "rand_score": 0.901469330400782,
    "adjusted_rand_score": 0.3767636549182694,
    "accuracy": 0.384765625,
    "f1_score": 0.1702835329852154,
    "precision": 0.2849295035357586,
    "recall": 0.123125,
    "sigui": 0.11138824623057414,
    "sse": 48.010033664794506,
    "sc": 0.33889878067867985,
    "ch": 1734.003831989593,
    "db": 0.8932939971159999,
    "bic": -2542.1230690239177,
    "xb": 307.1513450829334
}