{
    "dataset": "blobs-P10-K4-N64-dt1.00-S9",
    "algorithm": "kmeans",
    "k": 16,
    "n": 64,
    "d": 10,
    "k_true": 4,
    "rand_score": 0.7192460317460317,
    "adjusted_rand_score": -0.030697190426638918,
    "accuracy": 0.171875,
    "f1_score": 0.06189123376623376,
    "precision": 0.11302083333333333,
    "recall": 0.04296875,
    "sigui": 0.4212105980350437,
    "sse": 275.54466289577726,
    "sc": 0.07668073223486567,
    "ch": 4.232551871907027,
    "db": 1.4469228440136408,
    "bic": -1184.4647265928043,
    "xb": 56.52686939297043
}