{
    "dataset": "blobs-P10-K32-N1024-dt0.30-S2",
    "algorithm": "kmeans",
    "k": 32,
    "n": 1024,
    "d": 10,
    "k_true": 32,
    "rand_score": 0.991179435483871,
    "adjusted_rand_score": 0.8582200035710035,
    "accuracy": 0.8662109375,
    "f1_score": 0.8450204449169492,
    "precision": 0.8438889532131513,
    "recall": 0.8662109375,
    "sigui": 0.33095830074670385,
    "sse": 2199.3094605043607,
    "sc": 0.28825473866779316,
    "ch": 116.99222046035031,
    "db": 1.353655309886989,
    "bic": -11364.763291684345,
    "xb": 1950.4751741230186
}