{
    "dataset": "blobs-P2-K16-N1024-dt0.40-S3",
    "algorithm": "kmeans",
    "k": 20,
    "n": 1024,
    "d": 2,
    "k_true": 16,
    "rand_score": 0.9770932612414467,
    "adjusted_rand_score": 0.7978079159436551,
    "accuracy": 0.7841796875,
    "f1_score": 0.6507443053779604,
    "precision": 0.7026885152581812,
    "recall": 0.62734375,
    "sigui": 0.0727253096557411,
    "sse": 17.960825880367928,
    "sc": 0.5272586664397174,
    "ch": 5972.528459530189,
    "db": 0.7911038034161166,
    "bic": -1239.4234441762533,
    "xb": 299.2519912529579
}