{
    "dataset": "blobs-P10-K4-N1024-dt0.50-S4",
    "algorithm": "kmeans",
    "k": 2,
    "n": 1024,
    "d": 10,
    "k_true": 4,
    "rand_score": 0.5917415078201369,
    "adjusted_rand_score": 0.20794337744983538,
    "accuracy": 0.45703125,
    "f1_score": 0.31473214285714285,
    "precision": 0.2453125,
    "recall": 0.45703125,
    "sigui": 0.5609284221009776,
    "sse": 9136.654233131001,
    "sc": 0.10429369017552755,
    "ch": 123.41710050175541,
    "db": 2.7062254697653456,
    "bic": -14699.90962702858,
    "xb": 1793.360815179279
}