{
    "dataset": "blobs-P5-K8-N128-dt0.90-S8",
    "algorithm": "kmeans",
    "k": 8,
    "n": 128,
    "d": 5,
    "k_true": 8,
    "rand_score": 0.8335383858267716,
    "adjusted_rand_score": 0.21959206289371017,
    "accuracy": 0.4375,
    "f1_score": 0.4356431702875668,
    "precision": 0.4448526337792642,
    "recall": 0.4375,
    "sigui": 0.40565467787883014,
    "sse": 277.0045927810207,
    "sc": 0.1687785501913737,
    "ch": 22.4645315335529,
    "db": 1.4430474494251877,
    "bic": -1020.2053070265041,
    "xb": 115.6506857494939
}