{
    "dataset": "blobs-P10-K8-N128-dt0.20-S1",
    "algorithm": "kmeans",
    "k": 16,
    "n": 128,
    "d": 10,
    "k_true": 8,
    "rand_score": 0.9621062992125984,
    "adjusted_rand_score": 0.7887494329351278,
    "accuracy": 0.765625,
    "f1_score": 0.4255808100223393,
    "precision": 0.5,
    "recall": 0.3828125,
    "sigui": 0.33882784851347936,
    "sse": 303.24283283990474,
    "sc": 0.18518671560105554,
    "ch": 24.050428869698642,
    "db": 1.5572800316882076,
    "bic": -1654.5055217700105,
    "xb": 201.4662714244381
}