{
    "dataset": "blobs-P10-K32-N128-dt0.40-S3",
    "algorithm": "kmeans",
    "k": 25,
    "n": 128,
    "d": 10,
    "k_true": 32,
    "rand_score": 0.9559547244094488,
    "adjusted_rand_score": 0.33320623001789224,
    "accuracy": 0.5390625,
    "f1_score": 0.4571283904004492,
    "precision": 0.4605578449328449,
    "recall": 0.5390625,
    "sigui": 0.3974646230238615,
    "sse": 469.73371284954766,
    "sc": 0.10093356066314266,
    "ch": 7.402902369072965,
    "db": 1.4502492801534865,
    "bic": -2247.967894667573,
    "xb": 132.67552735892872
}