{
    "dataset": "blobs-P10-K4-N64-dt1.00-S9",
    "algorithm": "kmeans",
    "k": 20,
    "n": 64,
    "d": 10,
    "k_true": 4,
    "rand_score": 0.7281746031746031,
    "adjusted_rand_score": -0.025302922309337134,
    "accuracy": 0.15625,
    "f1_score": 0.046141539619800484,
    "precision": 0.08928571428571427,
    "recall": 0.03125,
    "sigui": 0.3843512309432718,
    "sse": 247.64045363207885,
    "sc": 0.05451782529721726,
    "ch": 3.6691182480560713,
    "db": 1.3353037806100574,
    "bic": -1262.4982668766888,
    "xb": 59.48348155358748
}