{
    "dataset": "blobs-P5-K8-N128-dt0.60-S5",
    "algorithm": "kmeans",
    "k": 50,
    "n": 128,
    "d": 5,
    "k_true": 8,
    "rand_score": 0.8811515748031497,
    "adjusted_rand_score": 0.10989058826943728,
    "accuracy": 0.234375,
    "f1_score": 0.05752335383914331,
    "precision": 0.13544444444444445,
    "recall": 0.0375,
    "sigui": 0.20428138639183097,
    "sse": 62.803664880323886,
    "sc": 0.17073527033955266,
    "ch": 14.629756577502455,
    "db": 0.8240939386583319,
    "bic": -1404.8849238881755,
    "xb": 64.12100841291303
}