{
    "dataset": "blobs-P10-K32-N128-dt0.80-S7",
    "algorithm": "kmeans",
    "k": 8,
    "n": 128,
    "d": 10,
    "k_true": 32,
    "rand_score": 0.8668799212598425,
    "adjusted_rand_score": 0.06262193541345484,
    "accuracy": 0.1796875,
    "f1_score": 0.0720029239766082,
    "precision": 0.04539778609072088,
    "recall": 0.1796875,
    "sigui": 0.501439652987633,
    "sse": 806.3366285385368,
    "sc": 0.09619701738947561,
    "ch": 10.070165763751946,
    "db": 1.9576823726980015,
    "bic": -1998.437799239027,
    "xb": 147.08273092739114
}