{
    "dataset": "blobs-P10-K2-N64-dt0.50-S4",
    "algorithm": "kmeans",
    "k": 32,
    "n": 64,
    "d": 10,
    "k_true": 2,
    "rand_score": 0.5193452380952381,
    "adjusted_rand_score": 0.024044379786094548,
    "accuracy": 0.125,
    "f1_score": 0.013888888888888888,
    "precision": 0.0625,
    "recall": 0.0078125,
    "sigui": 0.2720612738852617,
    "sse": 128.51754434543278,
    "sc": 0.09752199526802777,
    "ch": 4.108247573489396,
    "db": 0.900735253966651,
    "bic": -1399.7599960449475,
    "xb": 29.511261006205842
}