{
    "dataset": "blobs-P10-K8-N64-dt0.10-S0",
    "algorithm": "kmeans",
    "k": 8,
    "n": 64,
    "d": 10,
    "k_true": 8,
    "rand_score": 1.0,
    "adjusted_rand_score": 1.0,
    "accuracy": 1.0,
    "f1_score": 1.0,
    "precision": 1.0,
    "recall": 1.0,
    "sigui": 0.251374641148565,
    "sse": 71.45911425099038,
    "sc": 0.5587082671167984,
    "ch": 63.64936276731194,
    "db": 0.6228017280002915,
    "bic": -525.376151188543,
    "xb": 10.842998013443092
}