{
    "dataset": "blobs-P5-K2-N64-dt0.80-S7",
    "algorithm": "kmeans",
    "k": 2,
    "n": 64,
    "d": 5,
    "k_true": 2,
    "rand_score": 0.5044642857142857,
    "adjusted_rand_score": 0.012179617974353742,
    "accuracy": 0.578125,
    "f1_score": 0.5536037199690003,
    "precision": 0.600125156445557,
    "recall": 0.578125,
    "sigui": 0.5190050240524577,
    "sse": 266.8947223625668,
    "sc": 0.16225531309289898,
    "ch": 12.336426829182775,
    "db": 1.852733245715917,
    "bic": -487.1056999149464,
    "xb": 57.038983371801194
}