{
    "dataset": "blobs-P2-K8-N128-dt1.00-S9",
    "algorithm": "kmeans",
    "k": 3,
    "n": 128,
    "d": 2,
    "k_true": 8,
    "rand_score": 0.7097687007874016,
    "adjusted_rand_score": 0.27154358075332324,
    "accuracy": 0.375,
    "f1_score": 0.2170325798232775,
    "precision": 0.15761418987225437,
    "recall": 0.375,
    "sigui": 0.3581656258593409,
    "sse": 96.2267911188611,
    "sc": 0.3991295963893834,
    "ch": 103.77386005459235,
    "db": 0.8390099209585039,
    "bic": -393.18504557529354,
    "xb": 30.215479978562705
}