{
    "dataset": "blobs-P2-K8-N64-dt0.80-S7",
    "algorithm": "kmeans",
    "k": 32,
    "n": 64,
    "d": 2,
    "k_true": 8,
    "rand_score": 0.8928571428571429,
    "adjusted_rand_score": 0.21549636803874092,
    "accuracy": 0.34375,
    "f1_score": 0.1136205808080808,
    "precision": 0.20833333333333331,
    "recall": 0.0859375,
    "sigui": 0.046722928085787895,
    "sse": 0.6915935468762252,
    "sc": 0.37838826974453726,
    "ch": 190.01786502419995,
    "db": 0.32546232041394396,
    "bic": -268.10531445187183,
    "xb": 66.92758552378301
}