{
    "dataset": "blobs-P5-K8-N1024-dt0.50-S4",
    "algorithm": "kmeans",
    "k": 16,
    "n": 1024,
    "d": 5,
    "k_true": 8,
    "rand_score": 0.8703377016129032,
    "adjusted_rand_score": 0.25217358376461574,
    "accuracy": 0.3935546875,
    "f1_score": 0.25566077441303875,
    "precision": 0.37291963484757196,
    "recall": 0.19677734375,
    "sigui": 0.37747346066366155,
    "sse": 1731.7579998496635,
    "sc": 0.15681761872621167,
    "ch": 131.4790302281662,
    "db": 1.561569918937469,
    "bic": -7629.851694897888,
    "xb": 968.3598699501582
}