{
    "dataset": "blobs-P2-K4-N1024-dt0.40-S3",
    "algorithm": "kmeans",
    "k": 16,
    "n": 1024,
    "d": 2,
    "k_true": 4,
    "rand_score": 0.8058673936950147,
    "adjusted_rand_score": 0.3150435359987749,
    "accuracy": 0.326171875,
    "f1_score": 0.12037416976022686,
    "precision": 0.23423670488941917,
    "recall": 0.08154296875,
    "sigui": 0.1463469389117412,
    "sse": 101.81347157289434,
    "sc": 0.3410062888063625,
    "ch": 1284.542533417748,
    "db": 0.8764676987961693,
    "bic": -2785.5522257864905,
    "xb": 288.3876093830447
}