{
    "dataset": "blobs-P5-K32-N1024-dt0.50-S4",
    "algorithm": "kmeans",
    "k": 16,
    "n": 1024,
    "d": 5,
    "k_true": 32,
    "rand_score": 0.9480312194525904,
    "adjusted_rand_score": 0.43370604611753316,
    "accuracy": 0.478515625,
    "f1_score": 0.32992134348325214,
    "precision": 0.2596388641354735,
    "recall": 0.478515625,
    "sigui": 0.3534088161757698,
    "sse": 1358.7876108731612,
    "sc": 0.2450294202108826,
    "ch": 186.01396607296377,
    "db": 1.2040968714342783,
    "bic": -7007.879332942729,
    "xb": 644.1787115555377
}