{
    "dataset": "blobs-P2-K8-N128-dt0.60-S5",
    "algorithm": "kmeans",
    "k": 8,
    "n": 128,
    "d": 2,
    "k_true": 8,
    "rand_score": 0.9421751968503937,
    "adjusted_rand_score": 0.7395746983010619,
    "accuracy": 0.7734375,
    "f1_score": 0.7606266894961611,
    "precision": 0.7826286764705883,
    "recall": 0.7734375,
    "sigui": 0.16712460250113478,
    "sse": 15.157322734933368,
    "sc": 0.5064072375580233,
    "ch": 272.3918783323601,
    "db": 0.6688837290319966,
    "bic": -317.74341302356873,
    "xb": 41.673475953063104
}