{
    "dataset": "blobs-P5-K2-N64-dt0.20-S1",
    "algorithm": "kmeans",
    "k": 25,
    "n": 64,
    "d": 5,
    "k_true": 2,
    "rand_score": 0.5416666666666666,
    "adjusted_rand_score": 0.06956076977175372,
    "accuracy": 0.140625,
    "f1_score": 0.0196996996996997,
    "precision": 0.08,
    "recall": 0.01125,
    "sigui": 0.21257883012212225,
    "sse": 33.21384697077117,
    "sc": 0.18492055090411058,
    "ch": 14.03112078774284,
    "db": 0.8405168151690541,
    "bic": -618.7548993096385,
    "xb": 41.51747423313136
}