{
    "dataset": "blobs-P5-K32-N1024-dt1.00-S9",
    "algorithm": "kmeans",
    "k": 4,
    "n": 1024,
    "d": 5,
    "k_true": 32,
    "rand_score": 0.7615049181329423,
    "adjusted_rand_score": 0.10834925298753076,
    "accuracy": 0.123046875,
    "f1_score": 0.027655413990104797,
    "precision": 0.01560417932121028,
    "recall": 0.123046875,
    "sigui": 0.4711334676479538,
    "sse": 2973.1781740332704,
    "sc": 0.20259593903640766,
    "ch": 245.50140560143902,
    "db": 1.5139714734751448,
    "bic": -7369.594477824096,
    "xb": 692.0324113691087
}