{
    "dataset": "blobs-P5-K16-N1024-dt0.80-S7",
    "algorithm": "kmeans",
    "k": 2,
    "n": 1024,
    "d": 5,
    "k_true": 16,
    "rand_score": 0.5237506109481916,
    "adjusted_rand_score": 0.05080635816632366,
    "accuracy": 0.123046875,
    "f1_score": 0.027423747276688455,
    "precision": 0.01544002637551371,
    "recall": 0.123046875,
    "sigui": 0.5406290583551066,
    "sse": 4364.184999780577,
    "sc": 0.14556900409167534,
    "ch": 176.9959179693548,
    "db": 2.2842675174031744,
    "bic": -7604.917554987732,
    "xb": 1259.6084576573403
}