{
    "dataset": "blobs-P10-K2-N1024-dt0.20-S1",
    "algorithm": "kmeans",
    "k": 25,
    "n": 1024,
    "d": 10,
    "k_true": 2,
    "rand_score": 0.5415101111925709,
    "adjusted_rand_score": 0.08220128896978579,
    "accuracy": 0.111328125,
    "f1_score": 0.01594156224743502,
    "precision": 0.07911111111111112,
    "recall": 0.00890625,
    "sigui": 0.45664353709376754,
    "sse": 4911.970653612952,
    "sc": 0.0847433416951491,
    "ch": 45.150762735162836,
    "db": 1.9749694451171627,
    "bic": -14960.805143568517,
    "xb": 1335.3700371688624
}