{
    "dataset": "blobs-P2-K4-N128-dt0.70-S6",
    "algorithm": "kmeans",
    "k": 8,
    "n": 128,
    "d": 2,
    "k_true": 4,
    "rand_score": 0.7677165354330708,
    "adjusted_rand_score": 0.25272697807197975,
    "accuracy": 0.421875,
    "f1_score": 0.2727358926919519,
    "precision": 0.3965277777777778,
    "recall": 0.2109375,
    "sigui": 0.2297462465861038,
    "sse": 33.923566500570296,
    "sc": 0.38608089832255327,
    "ch": 112.22359459793057,
    "db": 0.769738929998276,
    "bic": -422.30221960257126,
    "xb": 31.991571272621908
}