{
    "dataset": "blobs-P2-K4-N128-dt1.00-S9",
    "algorithm": "kmeans",
    "k": 2,
    "n": 128,
    "d": 2,
    "k_true": 4,
    "rand_score": 0.5960875984251969,
    "adjusted_rand_score": 0.1914624190135997,
    "accuracy": 0.46875,
    "f1_score": 0.31389402676531386,
    "precision": 0.23642839597150578,
    "recall": 0.46875,
    "sigui": 0.4247688322594705,
    "sse": 159.97293541721024,
    "sc": 0.3412377811478646,
    "ch": 75.63410714366266,
    "db": 1.1095279396792055,
    "bic": -405.9698427170178,
    "xb": 46.31415783573131
}