{
    "dataset": "blobs-P2-K4-N128-dt0.30-S2",
    "algorithm": "kmeans",
    "k": 8,
    "n": 128,
    "d": 2,
    "k_true": 4,
    "rand_score": 0.8885334645669292,
    "adjusted_rand_score": 0.6532062642410214,
    "accuracy": 0.640625,
    "f1_score": 0.3818027210884354,
    "precision": 0.5,
    "recall": 0.3203125,
    "sigui": 0.12106831147638825,
    "sse": 8.059006248624687,
    "sc": 0.4465181671862977,
    "ch": 527.4120536217749,
    "db": 0.8682102286305564,
    "bic": -224.96440030231594,
    "xb": 47.075754747688045
}