{
    "dataset": "blobs-P2-K8-N64-dt1.00-S9",
    "algorithm": "kmeans",
    "k": 50,
    "n": 64,
    "d": 2,
    "k_true": 8,
    "rand_score": 0.8839285714285714,
    "adjusted_rand_score": 0.010338345864661654,
    "accuracy": 0.171875,
    "f1_score": 0.043434343434343436,
    "precision": 0.11666666666666665,
    "recall": 0.0275,
    "sigui": 0.017642595968246525,
    "sse": 0.14465144521549816,
    "sc": 0.19350748503529902,
    "ch": 252.5387806022929,
    "db": 0.21551083638522983,
    "bic": -352.2537664274136,
    "xb": 90.60335985082787
}