{
    "dataset": "blobs-P5-K8-N64-dt0.30-S2",
    "algorithm": "kmeans",
    "k": 10,
    "n": 64,
    "d": 5,
    "k_true": 8,
    "rand_score": 0.9662698412698413,
    "adjusted_rand_score": 0.817095038852361,
    "accuracy": 0.84375,
    "f1_score": 0.7093040293040292,
    "precision": 0.7571428571428571,
    "recall": 0.675,
    "sigui": 0.22218435394864802,
    "sse": 28.887732560495635,
    "sc": 0.4784429521875897,
    "ch": 60.46419880754594,
    "db": 0.7831342725697186,
    "bic": -340.3784494803889,
    "xb": 28.14952521012677
}