{
    "dataset": "blobs-P2-K16-N64-dt0.40-S3",
    "algorithm": "kmeans",
    "k": 50,
    "n": 64,
    "d": 2,
    "k_true": 16,
    "rand_score": 0.9588293650793651,
    "adjusted_rand_score": 0.242503259452412,
    "accuracy": 0.4375,
    "f1_score": 0.19047619047619044,
    "precision": 0.32,
    "recall": 0.14,
    "sigui": 0.006209701772624471,
    "sse": 0.015503009642298749,
    "sc": 0.21908254232062463,
    "ch": 2358.70324432567,
    "db": 0.17794612547414176,
    "bic": -209.8462723667159,
    "xb": 185.28855316907715
}