{
    "dataset": "blobs-P5-K8-N1024-dt1.00-S9",
    "algorithm": "kmeans",
    "k": 2,
    "n": 1024,
    "d": 5,
    "k_true": 8,
    "rand_score": 0.5376745020772239,
    "adjusted_rand_score": 0.07473550639117137,
    "accuracy": 0.2275390625,
    "f1_score": 0.09102423243606178,
    "precision": 0.05689257550959679,
    "recall": 0.2275390625,
    "sigui": 0.5272442352309424,
    "sse": 4263.028825918664,
    "sc": 0.15691433048002423,
    "ch": 205.4566995974689,
    "db": 2.126484979473365,
    "bic": -7547.366073135293,
    "xb": 1108.800796211892
}