{
    "dataset": "blobs-P10-K4-N128-dt0.20-S1",
    "algorithm": "kmeans",
    "k": 3,
    "n": 128,
    "d": 10,
    "k_true": 4,
    "rand_score": 0.8227116141732284,
    "adjusted_rand_score": 0.5744052948467802,
    "accuracy": 0.7265625,
    "f1_score": 0.6287749287749287,
    "precision": 0.5618227528165416,
    "recall": 0.7265625,
    "sigui": 0.4953090448486936,
    "sse": 817.2820589207529,
    "sc": 0.21684930709935035,
    "ch": 35.38542294155158,
    "db": 1.6534750102131437,
    "bic": -1748.2129303616875,
    "xb": 97.66317288969434
}