{
    "dataset": "blobs-P10-K4-N64-dt0.10-S0",
    "algorithm": "kmeans",
    "k": 50,
    "n": 64,
    "d": 10,
    "k_true": 4,
    "rand_score": 0.7708333333333334,
    "adjusted_rand_score": 0.05604203152364273,
    "accuracy": 0.171875,
    "f1_score": 0.0232046783625731,
    "precision": 0.08,
    "recall": 0.01375,
    "sigui": 0.0557515464079901,
    "sse": 7.741635236890357,
    "sc": 0.062179174420234545,
    "ch": 23.334249360440722,
    "db": 0.47829818144344105,
    "bic": -1120.2549272993856,
    "xb": 29.535087917553916
}