{
    "dataset": "blobs-P5-K8-N1024-dt0.60-S5",
    "algorithm": "kmeans",
    "k": 4,
    "n": 1024,
    "d": 5,
    "k_true": 8,
    "rand_score": 0.8064248839198436,
    "adjusted_rand_score": 0.40788351250758387,
    "accuracy": 0.48828125,
    "f1_score": 0.33774423221329397,
    "precision": 0.2655478818960535,
    "recall": 0.48828125,
    "sigui": 0.4196761920192871,
    "sse": 2160.668565536244,
    "sc": 0.32181394965689836,
    "ch": 465.6765520481209,
    "db": 1.1748537797662102,
    "bic": -6516.963650994911,
    "xb": 501.16318875151666
}