{
    "dataset": "blobs-P10-K16-N64-dt1.00-S9",
    "algorithm": "kmeans",
    "k": 8,
    "n": 64,
    "d": 10,
    "k_true": 16,
    "rand_score": 0.8273809523809523,
    "adjusted_rand_score": 0.02896625033218177,
    "accuracy": 0.265625,
    "f1_score": 0.17740901062301992,
    "precision": 0.15093101343101342,
    "recall": 0.265625,
    "sigui": 0.4807642404393707,
    "sse": 384.2408185115242,
    "sc": 0.09791981645452413,
    "ch": 5.324976820093989,
    "db": 1.8208801287793257,
    "bic": -1055.067451623411,
    "xb": 72.33917436935222
}