{
    "dataset": "blobs-P2-K32-N64-dt0.10-S0",
    "algorithm": "kmeans",
    "k": 16,
    "n": 64,
    "d": 2,
    "k_true": 32,
    "rand_score": 0.9563492063492064,
    "adjusted_rand_score": 0.40616966580976865,
    "accuracy": 0.5,
    "f1_score": 0.3614583333333333,
    "precision": 0.3046875,
    "recall": 0.5,
    "sigui": 0.09148310927106545,
    "sse": 3.174354519665589,
    "sc": 0.6427773449521517,
    "ch": 125.83410676484567,
    "db": 0.4611408468187881,
    "bic": -218.77931852555156,
    "xb": 20.80544578031833
}