{
    "dataset": "blobs-P2-K32-N1024-dt1.00-S9",
    "algorithm": "kmeans",
    "k": 25,
    "n": 1024,
    "d": 2,
    "k_true": 32,
    "rand_score": 0.9791284824046921,
    "adjusted_rand_score": 0.7144223233722541,
    "accuracy": 0.73828125,
    "f1_score": 0.668590824282737,
    "precision": 0.6350817419491687,
    "recall": 0.73828125,
    "sigui": 0.08280346200031377,
    "sse": 23.22918162428725,
    "sc": 0.5390687752157939,
    "ch": 3628.241695211896,
    "db": 0.6301253355863276,
    "bic": -1804.8378360681925,
    "xb": 286.4808682884913
}