{
    "dataset": "blobs-P10-K4-N1024-dt0.80-S7",
    "algorithm": "kmeans",
    "k": 32,
    "n": 1024,
    "d": 10,
    "k_true": 4,
    "rand_score": 0.7456164467253177,
    "adjusted_rand_score": 0.04087607007027141,
    "accuracy": 0.1181640625,
    "f1_score": 0.025369364759499215,
    "precision": 0.0916312794497644,
    "recall": 0.0147705078125,
    "sigui": 0.46368176775557113,
    "sse": 5326.042405927102,
    "sc": 0.07202858600725864,
    "ch": 29.524106461364315,
    "db": 1.9374884941958066,
    "bic": -15929.282895102002,
    "xb": 1427.219583760918
}