{
    "dataset": "blobs-P5-K32-N128-dt1.00-S9",
    "algorithm": "kmeans",
    "k": 16,
    "n": 128,
    "d": 5,
    "k_true": 32,
    "rand_score": 0.95189468503937,
    "adjusted_rand_score": 0.40221984133672006,
    "accuracy": 0.46875,
    "f1_score": 0.3211698024198024,
    "precision": 0.2527417027417027,
    "recall": 0.46875,
    "sigui": 0.3190459087312747,
    "sse": 136.8745531654729,
    "sc": 0.2508262391451584,
    "ch": 27.44608048867603,
    "db": 1.1835452009328775,
    "bic": -1000.2741595460534,
    "xb": 86.86720893563206
}