{
    "dataset": "blobs-P5-K16-N1024-dt0.70-S6",
    "algorithm": "kmeans",
    "k": 10,
    "n": 1024,
    "d": 5,
    "k_true": 16,
    "rand_score": 0.9221002871456501,
    "adjusted_rand_score": 0.4917214064929108,
    "accuracy": 0.5625,
    "f1_score": 0.44059113638892455,
    "precision": 0.3702822369068576,
    "recall": 0.5625,
    "sigui": 0.38586120582341954,
    "sse": 1670.341380473956,
    "sc": 0.23711423218995048,
    "ch": 232.68389464772312,
    "db": 1.245307054643085,
    "bic": -6935.565399095658,
    "xb": 554.6035181045846
}