{
    "dataset": "blobs-P2-K32-N1024-dt0.10-S0",
    "algorithm": "kmeans",
    "k": 20,
    "n": 1024,
    "d": 2,
    "k_true": 32,
    "rand_score": 0.9726295210166178,
    "adjusted_rand_score": 0.6760168302945302,
    "accuracy": 0.625,
    "f1_score": 0.5104166666666666,
    "precision": 0.45833333333333326,
    "recall": 0.625,
    "sigui": 0.06957299877712804,
    "sse": 19.666305362956443,
    "sc": 0.7521943995168934,
    "ch": 5450.002968158322,
    "db": 0.43664060429630114,
    "bic": -1340.0075169184138,
    "xb": 128.10599029457657
}