{
    "dataset": "blobs-P10-K4-N1024-dt0.90-S8",
    "algorithm": "kmeans",
    "k": 8,
    "n": 1024,
    "d": 10,
    "k_true": 4,
    "rand_score": 0.7077338404203324,
    "adjusted_rand_score": 0.06351941075000343,
    "accuracy": 0.287109375,
    "f1_score": 0.1876991393671746,
    "precision": 0.27169242797951654,
    "recall": 0.1435546875,
    "sigui": 0.5237061141956943,
    "sse": 7440.394905051192,
    "sc": 0.07181721742993921,
    "ch": 54.61305314274499,
    "db": 2.2991592157150373,
    "bic": -15324.478349345245,
    "xb": 1503.0432214320417
}