{
    "dataset": "blobs-P2-K8-N1024-dt0.70-S6",
    "algorithm": "kmeans",
    "k": 2,
    "n": 1024,
    "d": 2,
    "k_true": 8,
    "rand_score": 0.5957374908357771,
    "adjusted_rand_score": 0.20179649864023047,
    "accuracy": 0.25,
    "f1_score": 0.10117602306101932,
    "precision": 0.06365610782374904,
    "recall": 0.25,
    "sigui": 0.4408892883541139,
    "sse": 1192.2932006204353,
    "sc": 0.4004864474672286,
    "ch": 733.4876593365057,
    "db": 1.0074720015791887,
    "bic": -3073.2691783763703,
    "xb": 306.24086553838947
}