{
    "dataset": "blobs-P5-K4-N128-dt0.60-S5",
    "algorithm": "kmeans",
    "k": 25,
    "n": 128,
    "d": 5,
    "k_true": 4,
    "rand_score": 0.7743602362204725,
    "adjusted_rand_score": 0.15054814404189673,
    "accuracy": 0.21875,
    "f1_score": 0.05427056012123331,
    "precision": 0.12581818181818183,
    "recall": 0.035,
    "sigui": 0.2728587300601782,
    "sse": 101.12031466360199,
    "sc": 0.1712132499855174,
    "ch": 22.8706960673105,
    "db": 1.2102389044919406,
    "bic": -1085.6488732694702,
    "xb": 113.64651383026566
}