{
    "dataset": "blobs-P10-K4-N1024-dt1.00-S9",
    "algorithm": "kmeans",
    "k": 8,
    "n": 1024,
    "d": 10,
    "k_true": 4,
    "rand_score": 0.7056394336510264,
    "adjusted_rand_score": 0.05769018069805722,
    "accuracy": 0.271484375,
    "f1_score": 0.17548195246552672,
    "precision": 0.2498847538303139,
    "recall": 0.1357421875,
    "sigui": 0.5193720232969858,
    "sse": 7457.5468900207225,
    "sc": 0.06962089241989455,
    "ch": 54.15362453688823,
    "db": 2.2909145006943255,
    "bic": -15334.239679003302,
    "xb": 1480.9222240100662
}