{
    "dataset": "blobs-P5-K8-N1024-dt0.70-S6",
    "algorithm": "kmeans",
    "k": 4,
    "n": 1024,
    "d": 5,
    "k_true": 8,
    "rand_score": 0.7710452559872922,
    "adjusted_rand_score": 0.2739305385174336,
    "accuracy": 0.435546875,
    "f1_score": 0.2930664500500586,
    "precision": 0.22249236914191325,
    "recall": 0.435546875,
    "sigui": 0.47145806855546185,
    "sse": 3073.0219226742047,
    "sc": 0.19268383604425918,
    "ch": 226.4782236519554,
    "db": 1.4994663203987173,
    "bic": -7450.300395726718,
    "xb": 652.2356591864352
}