{
    "dataset": "blobs-P2-K32-N1024-dt0.10-S0",
    "algorithm": "kmeans",
    "k": 2,
    "n": 1024,
    "d": 2,
    "k_true": 32,
    "rand_score": 0.4604105571847507,
    "adjusted_rand_score": 0.04608294930875576,
    "accuracy": 0.0625,
    "f1_score": 0.008399209486166008,
    "precision": 0.004545454545454545,
    "recall": 0.0625,
    "sigui": 0.40283896860960905,
    "sse": 1114.9425996147738,
    "sc": 0.45663190693073813,
    "ch": 855.2769115855602,
    "db": 0.8119088961005694,
    "bic": -2940.120692069797,
    "xb": 236.05645214223156
}