{
    "dataset": "blobs-P2-K2-N128-dt0.10-S0",
    "algorithm": "kmeans",
    "k": 16,
    "n": 128,
    "d": 2,
    "k_true": 2,
    "rand_score": 0.6026082677165354,
    "adjusted_rand_score": 0.2001614456797682,
    "accuracy": 0.296875,
    "f1_score": 0.05652680652680653,
    "precision": 0.125,
    "recall": 0.037109375,
    "sigui": 0.13091364959379126,
    "sse": 8.144395600088316,
    "sc": 0.4213190372620417,
    "ch": 227.23051167839546,
    "db": 0.6584742140266586,
    "bic": -352.733394770108,
    "xb": 82.2565208396438
}