{
    "dataset": "blobs-P5-K2-N128-dt0.90-S8",
    "algorithm": "kmeans",
    "k": 10,
    "n": 128,
    "d": 5,
    "k_true": 2,
    "rand_score": 0.5114419291338582,
    "adjusted_rand_score": 0.01675917748234106,
    "accuracy": 0.2109375,
    "f1_score": 0.0652634677656756,
    "precision": 0.1481818181818182,
    "recall": 0.0421875,
    "sigui": 0.4262290978689115,
    "sse": 280.41414829076234,
    "sc": 0.1321978520460917,
    "ch": 16.81288224749197,
    "db": 1.455779743218113,
    "bic": -1078.3666963136027,
    "xb": 108.43419000033396
}