{
    "dataset": "blobs-P5-K16-N128-dt0.20-S1",
    "algorithm": "kmeans",
    "k": 32,
    "n": 128,
    "d": 5,
    "k_true": 16,
    "rand_score": 0.9755167322834646,
    "adjusted_rand_score": 0.7027859772088483,
    "accuracy": 0.6640625,
    "f1_score": 0.3894022644022644,
    "precision": 0.5,
    "recall": 0.33203125,
    "sigui": 0.08955354537014044,
    "sse": 8.253299558660581,
    "sc": 0.36485891189183606,
    "ch": 237.0417873337899,
    "db": 0.8965145306849134,
    "bic": -423.7307313602361,
    "xb": 103.33608058043484
}