{
    "dataset": "blobs-P5-K32-N128-dt0.40-S3",
    "algorithm": "kmeans",
    "k": 25,
    "n": 128,
    "d": 5,
    "k_true": 32,
    "rand_score": 0.9830216535433071,
    "adjusted_rand_score": 0.7211988164550921,
    "accuracy": 0.7734375,
    "f1_score": 0.704026875901876,
    "precision": 0.6720238095238095,
    "recall": 0.7734375,
    "sigui": 0.1851894290856195,
    "sse": 41.30144185274059,
    "sc": 0.49656256102313234,
    "ch": 62.21125777020525,
    "db": 0.6681332579769119,
    "bic": -805.0411328724522,
    "xb": 62.03454524305547
}