{
    "dataset": "blobs-P10-K16-N128-dt0.50-S4",
    "algorithm": "kmeans",
    "k": 10,
    "n": 128,
    "d": 10,
    "k_true": 16,
    "rand_score": 0.8839812992125984,
    "adjusted_rand_score": 0.17747130857617735,
    "accuracy": 0.3828125,
    "f1_score": 0.29839073653870396,
    "precision": 0.24814241110196994,
    "recall": 0.3828125,
    "sigui": 0.48131140474640693,
    "sse": 735.2427555548078,
    "sc": 0.07829924526308979,
    "ch": 9.714305522281627,
    "db": 2.060238044624774,
    "bic": -2022.7477427713789,
    "xb": 172.93392116183992
}