{
    "dataset": "blobs-P5-K2-N1024-dt0.90-S8",
    "algorithm": "kmeans",
    "k": 2,
    "n": 1024,
    "d": 5,
    "k_true": 2,
    "rand_score": 0.5706275201612904,
    "adjusted_rand_score": 0.1412543768184219,
    "accuracy": 0.6884765625,
    "f1_score": 0.6884620043165317,
    "precision": 0.6885117991567943,
    "recall": 0.6884765625,
    "sigui": 0.5273124243706817,
    "sse": 4290.350714634307,
    "sc": 0.15339321451265187,
    "ch": 197.62989695727308,
    "db": 2.1582612186171057,
    "bic": -7563.673964865548,
    "xb": 1147.5825292714292
}