{
    "dataset": "blobs-P5-K16-N128-dt0.30-S2",
    "algorithm": "kmeans",
    "k": 20,
    "n": 128,
    "d": 5,
    "k_true": 16,
    "rand_score": 0.9819143700787402,
    "adjusted_rand_score": 0.8250803436741654,
    "accuracy": 0.8203125,
    "f1_score": 0.6759706959706959,
    "precision": 0.725,
    "recall": 0.65625,
    "sigui": 0.17397892281860688,
    "sse": 34.33693721502948,
    "sc": 0.41680053797585803,
    "ch": 100.26276762320236,
    "db": 0.9133632738318724,
    "bic": -636.1089401830311,
    "xb": 127.54828388149083
}