{
    "dataset": "blobs-P2-K8-N1024-dt0.80-S7",
    "algorithm": "kmeans",
    "k": 20,
    "n": 1024,
    "d": 2,
    "k_true": 8,
    "rand_score": 0.8698909457478006,
    "adjusted_rand_score": 0.20869944085232003,
    "accuracy": 0.2841796875,
    "f1_score": 0.15619619996756615,
    "precision": 0.25742118641992473,
    "recall": 0.113671875,
    "sigui": 0.18335219935335909,
    "sse": 127.28813330958812,
    "sc": 0.32804838841057005,
    "ch": 797.3599423679035,
    "db": 0.8424393860769941,
    "bic": -3289.052083538677,
    "xb": 365.38919458642056
}