{
    "dataset": "blobs-P2-K8-N128-dt0.10-S0",
    "algorithm": "kmeans",
    "k": 25,
    "n": 128,
    "d": 2,
    "k_true": 8,
    "rand_score": 0.9266732283464567,
    "adjusted_rand_score": 0.5185844760475233,
    "accuracy": 0.5078125,
    "f1_score": 0.2116127183161666,
    "precision": 0.32,
    "recall": 0.1625,
    "sigui": 0.015398213440721112,
    "sse": 0.15641619001190196,
    "sc": 0.38234571179250276,
    "ch": 7019.704165114351,
    "db": 0.7242103829697961,
    "bic": 6.908947353420615,
    "xb": 109.23416232965751
}