{
    "dataset": "blobs-P10-K4-N1024-dt0.20-S1",
    "algorithm": "kmeans",
    "k": 25,
    "n": 1024,
    "d": 10,
    "k_true": 4,
    "rand_score": 0.7906223271016618,
    "adjusted_rand_score": 0.2242010570663255,
    "accuracy": 0.2099609375,
    "f1_score": 0.05538717194403146,
    "precision": 0.16,
    "recall": 0.03359375,
    "sigui": 0.3548523571485621,
    "sse": 2608.945282451721,
    "sc": 0.08381662404333858,
    "ch": 121.75136625305022,
    "db": 2.155143683859446,
    "bic": -11754.198137858277,
    "xb": 1687.5151702804765
}