{
    "dataset": "blobs-P5-K2-N1024-dt0.60-S5",
    "algorithm": "kmeans",
    "k": 32,
    "n": 1024,
    "d": 5,
    "k_true": 2,
    "rand_score": 0.5098324474584556,
    "adjusted_rand_score": 0.018768514631705372,
    "accuracy": 0.072265625,
    "f1_score": 0.008294698357019422,
    "precision": 0.052662037037037035,
    "recall": 0.0045166015625,
    "sigui": 0.3647531312389637,
    "sse": 1493.7722358969409,
    "sc": 0.14754829732675956,
    "ch": 77.68204928619643,
    "db": 1.3518865557948274,
    "bic": -8289.70969520478,
    "xb": 698.2647036224614
}