{
    "dataset": "blobs-P2-K32-N128-dt0.50-S4",
    "algorithm": "kmeans",
    "k": 16,
    "n": 128,
    "d": 2,
    "k_true": 32,
    "rand_score": 0.9560777559055118,
    "adjusted_rand_score": 0.49263101352939204,
    "accuracy": 0.5,
    "f1_score": 0.36215277777777777,
    "precision": 0.3071969696969697,
    "recall": 0.5,
    "sigui": 0.10215749139131411,
    "sse": 4.957847045427681,
    "sc": 0.6069262493932763,
    "ch": 378.07702783465834,
    "db": 0.4363103115945023,
    "bic": -319.20407950686945,
    "xb": 35.77271068492276
}