{
    "dataset": "blobs-P10-K4-N64-dt0.30-S2",
    "algorithm": "kmeans",
    "k": 16,
    "n": 64,
    "d": 10,
    "k_true": 4,
    "rand_score": 0.7847222222222222,
    "adjusted_rand_score": 0.20206618805813342,
    "accuracy": 0.328125,
    "f1_score": 0.11808300395256917,
    "precision": 0.2113095238095238,
    "recall": 0.08203125,
    "sigui": 0.3722534096212168,
    "sse": 199.39276745619833,
    "sc": 0.08932619530517866,
    "ch": 7.071184988943469,
    "db": 1.4363455998113515,
    "bic": -1083.2718819550503,
    "xb": 52.854978785535366
}