{
    "dataset": "blobs-P2-K16-N1024-dt0.40-S3",
    "algorithm": "kmeans",
    "k": 3,
    "n": 1024,
    "d": 2,
    "k_true": 16,
    "rand_score": 0.6801208913734116,
    "adjusted_rand_score": 0.19066907029619087,
    "accuracy": 0.1875,
    "f1_score": 0.06578625328059769,
    "precision": 0.04098330527786034,
    "recall": 0.1875,
    "sigui": 0.3616409902959136,
    "sse": 653.9227949738054,
    "sc": 0.5041339383705383,
    "ch": 1088.3187107652088,
    "db": 0.7403158686436134,
    "bic": -2819.0149841844554,
    "xb": 165.56691776461585
}