{
    "dataset": "blobs-P2-K32-N128-dt0.30-S2",
    "algorithm": "kmeans",
    "k": 10,
    "n": 128,
    "d": 2,
    "k_true": 32,
    "rand_score": 0.9094488188976378,
    "adjusted_rand_score": 0.31608522594240224,
    "accuracy": 0.3125,
    "f1_score": 0.17395833333333333,
    "precision": 0.1359375,
    "recall": 0.3125,
    "sigui": 0.15594091418025235,
    "sse": 13.669653810416907,
    "sc": 0.5724951982565285,
    "ch": 232.42871681684122,
    "db": 0.5409346332372683,
    "bic": -341.17306429657833,
    "xb": 46.781857084159
}