{
    "dataset": "blobs-P5-K4-N64-dt0.60-S5",
    "algorithm": "kmeans",
    "k": 4,
    "n": 64,
    "d": 5,
    "k_true": 4,
    "rand_score": 0.7738095238095238,
    "adjusted_rand_score": 0.37834328745780316,
    "accuracy": 0.671875,
    "f1_score": 0.6741421568627451,
    "precision": 0.6790674603174602,
    "recall": 0.671875,
    "sigui": 0.4520836092188192,
    "sse": 164.18852491189983,
    "sc": 0.1991207398715553,
    "ch": 18.979581572062422,
    "db": 1.4150064528995001,
    "bic": -485.9963652077844,
    "xb": 41.93865812557919
}