{
    "dataset": "blobs-P2-K2-N1024-dt1.00-S9",
    "algorithm": "kmeans",
    "k": 32,
    "n": 1024,
    "d": 2,
    "k_true": 2,
    "rand_score": 0.506712793255132,
    "adjusted_rand_score": 0.012532702028661694,
    "accuracy": 0.083984375,
    "f1_score": 0.009449952895025406,
    "precision": 0.04753711722858027,
    "recall": 0.0052490234375,
    "sigui": 0.14669896687493894,
    "sse": 105.65635232825069,
    "sc": 0.32721727139983625,
    "ch": 588.2750573519168,
    "db": 0.8408142917935856,
    "bic": -3620.700511695365,
    "xb": 397.17179095143445
}