{
    "dataset": "blobs-P5-K8-N128-dt0.20-S1",
    "algorithm": "kmeans",
    "k": 50,
    "n": 128,
    "d": 5,
    "k_true": 8,
    "rand_score": 0.8992372047244095,
    "adjusted_rand_score": 0.2362038199722424,
    "accuracy": 0.296875,
    "f1_score": 0.07274534161490682,
    "precision": 0.16,
    "recall": 0.0475,
    "sigui": 0.09821388056412667,
    "sse": 11.494013268457211,
    "sc": 0.16940079052382037,
    "ch": 87.04348031334601,
    "db": 0.8746014635518808,
    "bic": -866.3466313936976,
    "xb": 146.30954912259077
}