{
    "dataset": "blobs-P10-K4-N1024-dt0.40-S3",
    "algorithm": "kmeans",
    "k": 20,
    "n": 1024,
    "d": 10,
    "k_true": 4,
    "rand_score": 0.7690081256109482,
    "adjusted_rand_score": 0.1639126406022939,
    "accuracy": 0.248046875,
    "f1_score": 0.07796122776387118,
    "precision": 0.1848726184726524,
    "recall": 0.049609375,
    "sigui": 0.4717583036071757,
    "sse": 5565.872892429181,
    "sc": 0.07601738337168079,
    "ch": 44.37591756139438,
    "db": 2.1576075324993815,
    "bic": -15184.642303898472,
    "xb": 1682.1889083539975
}