{
    "dataset": "blobs-P5-K16-N128-dt0.90-S8",
    "algorithm": "kmeans",
    "k": 2,
    "n": 128,
    "d": 5,
    "k_true": 16,
    "rand_score": 0.5398622047244095,
    "adjusted_rand_score": 0.08052963722947075,
    "accuracy": 0.125,
    "f1_score": 0.027972027972027972,
    "precision": 0.015763546798029555,
    "recall": 0.125,
    "sigui": 0.5303768208734387,
    "sse": 515.7276402714831,
    "sc": 0.1865959759585501,
    "ch": 30.361601944682434,
    "db": 1.9662230038557555,
    "bic": -956.3472279615587,
    "xb": 117.62152578444753
}