{
    "dataset": "blobs-P2-K32-N1024-dt1.00-S9",
    "algorithm": "kmeans",
    "k": 50,
    "n": 1024,
    "d": 2,
    "k_true": 32,
    "rand_score": 0.9781318731671554,
    "adjusted_rand_score": 0.5719963583987825,
    "accuracy": 0.6025390625,
    "f1_score": 0.43555977550909897,
    "precision": 0.5275586888389588,
    "recall": 0.385625,
    "sigui": 0.06172420558452306,
    "sse": 13.037822130283722,
    "sc": 0.39431898929121656,
    "ch": 3102.516977989016,
    "db": 0.8625849199689533,
    "bic": -2177.5845020567062,
    "xb": 386.84858252977887
}