{
    "dataset": "blobs-P10-K4-N64-dt0.40-S3",
    "algorithm": "kmeans",
    "k": 20,
    "n": 64,
    "d": 10,
    "k_true": 4,
    "rand_score": 0.7658730158730159,
    "adjusted_rand_score": 0.1371866295264624,
    "accuracy": 0.28125,
    "f1_score": 0.07768398268398269,
    "precision": 0.1441666666666667,
    "recall": 0.05625,
    "sigui": 0.3366010970357647,
    "sse": 167.43754522340822,
    "sc": 0.14750922938527944,
    "ch": 6.535900636681147,
    "db": 1.0613717258608912,
    "bic": -1134.2707221399132,
    "xb": 30.25391305632243
}