{
    "dataset": "blobs-P5-K32-N64-dt0.50-S4",
    "algorithm": "kmeans",
    "k": 10,
    "n": 64,
    "d": 5,
    "k_true": 32,
    "rand_score": 0.8968253968253969,
    "adjusted_rand_score": 0.16428571428571428,
    "accuracy": 0.296875,
    "f1_score": 0.16461767399267402,
    "precision": 0.12542613636363636,
    "recall": 0.296875,
    "sigui": 0.3444320465775055,
    "sse": 82.1266573743819,
    "sc": 0.29237593514455146,
    "ch": 17.378523629027107,
    "db": 1.0230129815055302,
    "bic": -502.58454049819005,
    "xb": 34.56529947589365
}