{
    "dataset": "blobs-P2-K2-N64-dt0.60-S5",
    "algorithm": "kmeans",
    "k": 4,
    "n": 64,
    "d": 2,
    "k_true": 2,
    "rand_score": 0.5753968253968254,
    "adjusted_rand_score": 0.1441630165682727,
    "accuracy": 0.40625,
    "f1_score": 0.2708333333333333,
    "precision": 0.40625,
    "recall": 0.203125,
    "sigui": 0.33670961431556057,
    "sse": 43.98245416158928,
    "sc": 0.3276885067652059,
    "ch": 38.20502854603545,
    "db": 0.942940792065835,
    "bic": -224.7574627932005,
    "xb": 23.445409747623362
}