{
    "dataset": "blobs-P10-K2-N128-dt0.40-S3",
    "algorithm": "kmeans",
    "k": 25,
    "n": 128,
    "d": 10,
    "k_true": 2,
    "rand_score": 0.5285433070866141,
    "adjusted_rand_score": 0.05035611840693114,
    "accuracy": 0.140625,
    "f1_score": 0.019620657276995305,
    "precision": 0.08,
    "recall": 0.01125,
    "sigui": 0.39748790309453896,
    "sse": 505.0030808149176,
    "sc": 0.07984321649395809,
    "ch": 6.586154760618105,
    "db": 1.3918285871360367,
    "bic": -2286.5852768717887,
    "xb": 125.6570660135081
}