{
    "dataset": "blobs-P5-K16-N64-dt0.30-S2",
    "algorithm": "kmeans",
    "k": 4,
    "n": 64,
    "d": 5,
    "k_true": 16,
    "rand_score": 0.7857142857142857,
    "adjusted_rand_score": 0.23248730964467004,
    "accuracy": 0.25,
    "f1_score": 0.10494505494505493,
    "precision": 0.06761363636363636,
    "recall": 0.25,
    "sigui": 0.43378609648812716,
    "sse": 149.84012246503323,
    "sc": 0.27562234352340287,
    "ch": 22.712191465897305,
    "db": 1.1844130190768902,
    "bic": -469.3096450708771,
    "xb": 26.059925177872458
}