{
    "dataset": "blobs-P2-K2-N128-dt0.50-S4",
    "algorithm": "kmeans",
    "k": 16,
    "n": 128,
    "d": 2,
    "k_true": 2,
    "rand_score": 0.5289124015748031,
    "adjusted_rand_score": 0.05140869660207906,
    "accuracy": 0.1796875,
    "f1_score": 0.03649839743589744,
    "precision": 0.09765625,
    "recall": 0.0224609375,
    "sigui": 0.18850531473418342,
    "sse": 18.39743559776453,
    "sc": 0.3723170318054917,
    "ch": 96.43187161107721,
    "db": 0.7409416257595058,
    "bic": -482.94869942966704,
    "xb": 60.28781404971645
}