{
    "dataset": "blobs-P10-K2-N1024-dt0.70-S6",
    "algorithm": "kmeans",
    "k": 10,
    "n": 1024,
    "d": 10,
    "k_true": 2,
    "rand_score": 0.5166655211388075,
    "adjusted_rand_score": 0.032573379846365734,
    "accuracy": 0.154296875,
    "f1_score": 0.05138224967215195,
    "precision": 0.1534125188536953,
    "recall": 0.030859375,
    "sigui": 0.5143489262080451,
    "sse": 7169.15733424555,
    "sc": 0.06958892843849201,
    "ch": 48.25973135722012,
    "db": 2.230095585811012,
    "bic": -15442.45728452883,
    "xb": 1376.040332506779
}