{
    "dataset": "blobs-P5-K4-N1024-dt1.00-S9",
    "algorithm": "kmeans",
    "k": 4,
    "n": 1024,
    "d": 5,
    "k_true": 4,
    "rand_score": 0.6700860673264907,
    "adjusted_rand_score": 0.11927639952025976,
    "accuracy": 0.494140625,
    "f1_score": 0.4950329801902674,
    "precision": 0.4966474692796864,
    "recall": 0.494140625,
    "sigui": 0.4999019944103942,
    "sse": 3423.94762870875,
    "sc": 0.1446997344446384,
    "ch": 168.4189914015995,
    "db": 1.7284005365388369,
    "bic": -7736.328894686927,
    "xb": 866.5477489772608
}