{
    "dataset": "blobs-P2-K32-N64-dt0.60-S5",
    "algorithm": "kmeans",
    "k": 2,
    "n": 64,
    "d": 2,
    "k_true": 32,
    "rand_score": 0.5158730158730159,
    "adjusted_rand_score": 0.031746031746031744,
    "accuracy": 0.0625,
    "f1_score": 0.007456140350877193,
    "precision": 0.003968253968253968,
    "recall": 0.0625,
    "sigui": 0.39359669257146634,
    "sse": 57.63507425120169,
    "sc": 0.4790236737563992,
    "ch": 75.69393209091842,
    "db": 0.7965409561159663,
    "bic": -186.92727442982005,
    "xb": 12.501511675070157
}