{
    "dataset": "blobs-P5-K16-N1024-dt0.60-S5",
    "algorithm": "kmeans",
    "k": 2,
    "n": 1024,
    "d": 5,
    "k_true": 16,
    "rand_score": 0.5502142137096774,
    "adjusted_rand_score": 0.0996838785809093,
    "accuracy": 0.125,
    "f1_score": 0.027778531318666415,
    "precision": 0.015625536460220878,
    "recall": 0.125,
    "sigui": 0.5233801354523739,
    "sse": 4007.948917068595,
    "sc": 0.21157486167918604,
    "ch": 283.56554194486654,
    "db": 1.8115314081798308,
    "bic": -7389.444603972331,
    "xb": 828.284739072276
}