{
    "dataset": "blobs-P2-K16-N64-dt0.20-S1",
    "algorithm": "kmeans",
    "k": 2,
    "n": 64,
    "d": 2,
    "k_true": 16,
    "rand_score": 0.5555555555555556,
    "adjusted_rand_score": 0.09815950920245399,
    "accuracy": 0.125,
    "f1_score": 0.027777777777777776,
    "precision": 0.015625,
    "recall": 0.125,
    "sigui": 0.29564833982202576,
    "sse": 45.80172804438559,
    "sc": 0.5841308378515401,
    "ch": 111.2685717078048,
    "db": 0.615712222148881,
    "bic": -172.72077737803968,
    "xb": 9.035937196965914
}