{
    "dataset": "blobs-P2-K16-N64-dt1.00-S9",
    "algorithm": "kmeans",
    "k": 32,
    "n": 64,
    "d": 2,
    "k_true": 16,
    "rand_score": 0.9503968253968254,
    "adjusted_rand_score": 0.3181818181818182,
    "accuracy": 0.515625,
    "f1_score": 0.3063988095238095,
    "precision": 0.41666666666666663,
    "recall": 0.2578125,
    "sigui": 0.04537904372442528,
    "sse": 0.5820035312079661,
    "sc": 0.40467870731718425,
    "ch": 225.9921931167794,
    "db": 0.371831695111467,
    "bic": -260.69954728150975,
    "xb": 71.95436114180413
}