{
    "dataset": "blobs-P2-K2-N128-dt0.30-S2",
    "algorithm": "kmeans",
    "k": 25,
    "n": 128,
    "d": 2,
    "k_true": 2,
    "rand_score": 0.5478592519685039,
    "adjusted_rand_score": 0.08922288548864565,
    "accuracy": 0.1953125,
    "f1_score": 0.026138072453861926,
    "precision": 0.08,
    "recall": 0.015625,
    "sigui": 0.12082522411154872,
    "sse": 8.692589580756799,
    "sc": 0.37437341427819426,
    "ch": 122.09951474822924,
    "db": 0.666155859154034,
    "bic": -504.0194426052123,
    "xb": 55.98885682245388
}