{
    "dataset": "blobs-P2-K32-N128-dt1.00-S9",
    "algorithm": "kmeans",
    "k": 25,
    "n": 128,
    "d": 2,
    "k_true": 32,
    "rand_score": 0.96998031496063,
    "adjusted_rand_score": 0.5373268036311515,
    "accuracy": 0.6640625,
    "f1_score": 0.5819224178599178,
    "precision": 0.5488929473304474,
    "recall": 0.6640625,
    "sigui": 0.08486626483511475,
    "sse": 3.323725939055329,
    "sc": 0.4795957445633182,
    "ch": 326.2610584412676,
    "db": 0.5810972928151614,
    "bic": -387.29809789183054,
    "xb": 80.04578115826283
}