{
    "dataset": "blobs-P5-K32-N1024-dt0.30-S2",
    "algorithm": "kmeans",
    "k": 20,
    "n": 1024,
    "d": 5,
    "k_true": 32,
    "rand_score": 0.972514968230694,
    "adjusted_rand_score": 0.6742459358568917,
    "accuracy": 0.625,
    "f1_score": 0.5099129593810445,
    "precision": 0.45699913029728023,
    "recall": 0.625,
    "sigui": 0.20101512739109365,
    "sse": 380.6611468471818,
    "sc": 0.5368796351031326,
    "ch": 657.8991437143285,
    "db": 0.6455231503351777,
    "bic": -4012.290157644763,
    "xb": 256.2796431832816
}