{
    "dataset": "blobs-P2-K8-N64-dt0.30-S2",
    "algorithm": "kmeans",
    "k": 10,
    "n": 64,
    "d": 2,
    "k_true": 8,
    "rand_score": 0.9846230158730159,
    "adjusted_rand_score": 0.9171369171369171,
    "accuracy": 0.890625,
    "f1_score": 0.7435897435897436,
    "precision": 0.8,
    "recall": 0.7125,
    "sigui": 0.06575586864991564,
    "sse": 1.251062960948102,
    "sc": 0.6364420103647379,
    "ch": 607.8779773465444,
    "db": 0.5098953492030706,
    "bic": -92.60850973959349,
    "xb": 36.10521308826428
}