{
    "dataset": "blobs-P10-K2-N128-dt0.90-S8",
    "algorithm": "kmeans",
    "k": 32,
    "n": 128,
    "d": 10,
    "k_true": 2,
    "rand_score": 0.5119340551181102,
    "adjusted_rand_score": 0.01663761655017342,
    "accuracy": 0.109375,
    "f1_score": 0.012152777777777778,
    "precision": 0.0546875,
    "recall": 0.0068359375,
    "sigui": 0.3844992175672664,
    "sse": 477.53777991240605,
    "sc": 0.040015526291905974,
    "ch": 5.203869513571544,
    "db": 1.3730863055531497,
    "bic": -2486.571266195817,
    "xb": 103.14252564014134
}