{
    "dataset": "blobs-P10-K8-N128-dt0.20-S1",
    "algorithm": "kmeans",
    "k": 3,
    "n": 128,
    "d": 10,
    "k_true": 8,
    "rand_score": 0.6814714566929134,
    "adjusted_rand_score": 0.2659615079799168,
    "accuracy": 0.375,
    "f1_score": 0.2319940261116732,
    "precision": 0.18015873015873016,
    "recall": 0.375,
    "sigui": 0.5107049265760535,
    "sse": 863.2670942256166,
    "sc": 0.1820575092746915,
    "ch": 30.17120284685824,
    "db": 1.4973211775067747,
    "bic": -1769.1557788131654,
    "xb": 85.06624822355002
}