{
    "dataset": "blobs-P5-K8-N1024-dt0.70-S6",
    "algorithm": "kmeans",
    "k": 20,
    "n": 1024,
    "d": 5,
    "k_true": 8,
    "rand_score": 0.8666949230205279,
    "adjusted_rand_score": 0.1778081059055644,
    "accuracy": 0.2998046875,
    "f1_score": 0.16948522621225645,
    "precision": 0.2922163503756665,
    "recall": 0.119921875,
    "sigui": 0.37610407501440307,
    "sse": 1667.7155259478845,
    "sc": 0.14968191921300464,
    "ch": 109.38674896160218,
    "db": 1.4569661909323124,
    "bic": -7861.997717835309,
    "xb": 743.2794642049789
}