{
    "dataset": "blobs-P5-K2-N64-dt0.60-S5",
    "algorithm": "kmeans",
    "k": 2,
    "n": 64,
    "d": 5,
    "k_true": 2,
    "rand_score": 0.5,
    "adjusted_rand_score": -0.000189000189000189,
    "accuracy": 0.5625,
    "f1_score": 0.5620723362658846,
    "precision": 0.5627450980392157,
    "recall": 0.5625,
    "sigui": 0.5335894236538377,
    "sse": 266.44376349792583,
    "sc": 0.14785660278178442,
    "ch": 12.462242011359548,
    "db": 2.1202359228061285,
    "bic": -494.024511988195,
    "xb": 69.89036425234002
}