{
    "dataset": "blobs-P5-K16-N128-dt0.80-S7",
    "algorithm": "kmeans",
    "k": 16,
    "n": 128,
    "d": 5,
    "k_true": 16,
    "rand_score": 0.984375,
    "adjusted_rand_score": 0.852012588426355,
    "accuracy": 0.9296875,
    "f1_score": 0.9298520504693105,
    "precision": 0.9409406565656566,
    "recall": 0.9296875,
    "sigui": 0.2421593706047152,
    "sse": 75.42326772630364,
    "sc": 0.35992455773173165,
    "ch": 55.89132365546467,
    "db": 0.9317794232352832,
    "bic": -812.7685842318933,
    "xb": 54.94955536656076
}