{
    "dataset": "blobs-P10-K2-N64-dt0.30-S2",
    "algorithm": "kmeans",
    "k": 2,
    "n": 64,
    "d": 10,
    "k_true": 2,
    "rand_score": 0.9092261904761905,
    "adjusted_rand_score": 0.8184323668834748,
    "accuracy": 0.953125,
    "f1_score": 0.9530217763640811,
    "precision": 0.9571428571428571,
    "recall": 0.953125,
    "sigui": 0.5280668451018272,
    "sse": 489.54066368975055,
    "sc": 0.2005669462533159,
    "ch": 19.05557503829231,
    "db": 1.7347587840036953,
    "bic": -912.3475080397322,
    "xb": 49.967277461070815
}