{
    "dataset": "blobs-P10-K4-N1024-dt0.40-S3",
    "algorithm": "kmeans",
    "k": 2,
    "n": 1024,
    "d": 10,
    "k_true": 4,
    "rand_score": 0.6447412634408602,
    "adjusted_rand_score": 0.2892212133986303,
    "accuracy": 0.4443359375,
    "f1_score": 0.2962493217580032,
    "precision": 0.22221459096459095,
    "recall": 0.4443359375,
    "sigui": 0.5614587228322674,
    "sse": 9037.581749060508,
    "sc": 0.11308243735437772,
    "ch": 135.97348124545704,
    "db": 2.6700998376529284,
    "bic": -14676.305124507044,
    "xb": 1739.5378153250333
}