{
    "dataset": "blobs-P5-K32-N64-dt0.10-S0",
    "algorithm": "kmeans",
    "k": 20,
    "n": 64,
    "d": 5,
    "k_true": 32,
    "rand_score": 0.9702380952380952,
    "adjusted_rand_score": 0.5044572627163083,
    "accuracy": 0.625,
    "f1_score": 0.515625,
    "precision": 0.46875,
    "recall": 0.625,
    "sigui": 0.17868840979196407,
    "sse": 26.26842304020514,
    "sc": 0.5437169961205937,
    "ch": 25.894987794701073,
    "db": 0.600834069411295,
    "bic": -498.94826413611327,
    "xb": 17.966227942879268
}