{
    "dataset": "blobs-P10-K16-N1024-dt0.50-S4",
    "algorithm": "kmeans",
    "k": 25,
    "n": 1024,
    "d": 10,
    "k_true": 16,
    "rand_score": 0.9233890059872922,
    "adjusted_rand_score": 0.22173373675852293,
    "accuracy": 0.3818359375,
    "f1_score": 0.2817253615303645,
    "precision": 0.3408005661509847,
    "recall": 0.244375,
    "sigui": 0.46606114057706555,
    "sse": 5249.6110539326255,
    "sc": 0.08733460676747351,
    "ch": 39.56958672670468,
    "db": 1.9935271220771722,
    "bic": -15321.425759008962,
    "xb": 1415.4805776441042
}