{
    "dataset": "blobs-P5-K8-N64-dt1.00-S9",
    "algorithm": "kmeans",
    "k": 10,
    "n": 64,
    "d": 5,
    "k_true": 8,
    "rand_score": 0.8219246031746031,
    "adjusted_rand_score": 0.06753246753246753,
    "accuracy": 0.359375,
    "f1_score": 0.30330648453713466,
    "precision": 0.34199494949494946,
    "recall": 0.2875,
    "sigui": 0.37519734392579074,
    "sse": 114.65326190554744,
    "sc": 0.1790281279292684,
    "ch": 10.746143703976916,
    "db": 1.3181338111157008,
    "bic": -558.5678005694467,
    "xb": 42.32272490437738
}