{
    "dataset": "blobs-P5-K2-N64-dt0.10-S0",
    "algorithm": "kmeans",
    "k": 4,
    "n": 64,
    "d": 5,
    "k_true": 2,
    "rand_score": 0.7559523809523809,
    "adjusted_rand_score": 0.5079687599212649,
    "accuracy": 0.59375,
    "f1_score": 0.37230769230769234,
    "precision": 0.5,
    "recall": 0.296875,
    "sigui": 0.33611600500023453,
    "sse": 81.55724868543615,
    "sc": 0.35002888182972586,
    "ch": 58.47248531745606,
    "db": 1.0343526563304066,
    "bic": -373.0320633323063,
    "xb": 24.935760279183036
}