{
    "dataset": "blobs-P5-K8-N128-dt0.70-S6",
    "algorithm": "kmeans",
    "k": 20,
    "n": 128,
    "d": 5,
    "k_true": 8,
    "rand_score": 0.89185531496063,
    "adjusted_rand_score": 0.29907387059303675,
    "accuracy": 0.421875,
    "f1_score": 0.22549092936049453,
    "precision": 0.34432539682539687,
    "recall": 0.16875,
    "sigui": 0.3002527298259562,
    "sse": 123.11927250451872,
    "sc": 0.16671990283603855,
    "ch": 23.863517159523052,
    "db": 1.3495977327580984,
    "bic": -1053.2371930518689,
    "xb": 116.27560898202778
}