{
    "dataset": "blobs-P5-K32-N128-dt0.40-S3",
    "algorithm": "kmeans",
    "k": 4,
    "n": 128,
    "d": 5,
    "k_true": 32,
    "rand_score": 0.7662401574803149,
    "adjusted_rand_score": 0.12053067026278383,
    "accuracy": 0.125,
    "f1_score": 0.028918073796122577,
    "precision": 0.016473616473616472,
    "recall": 0.125,
    "sigui": 0.45857452269653465,
    "sse": 333.0844875563861,
    "sc": 0.2622497863060923,
    "ch": 38.08595613104076,
    "db": 1.375348374269728,
    "bic": -932.168142702263,
    "xb": 63.396328888355434
}