{
    "dataset": "blobs-P10-K16-N1024-dt1.00-S9",
    "algorithm": "kmeans",
    "k": 16,
    "n": 1024,
    "d": 10,
    "k_true": 16,
    "rand_score": 0.8895978433528837,
    "adjusted_rand_score": 0.04971584967222617,
    "accuracy": 0.21484375,
    "f1_score": 0.21402945689159608,
    "precision": 0.2141821659046655,
    "recall": 0.21484375,
    "sigui": 0.4964525649806667,
    "sse": 6436.0291177144045,
    "sc": 0.0709537922664911,
    "ch": 39.71809925253596,
    "db": 2.1356626817886015,
    "bic": -15596.503807201165,
    "xb": 1399.7298413569583
}