{
    "dataset": "blobs-P10-K2-N128-dt0.40-S3",
    "algorithm": "kmeans",
    "k": 16,
    "n": 128,
    "d": 10,
    "k_true": 2,
    "rand_score": 0.547613188976378,
    "adjusted_rand_score": 0.08917513004706465,
    "accuracy": 0.2265625,
    "f1_score": 0.0454653371320038,
    "precision": 0.11607142857142858,
    "recall": 0.0283203125,
    "sigui": 0.44417112102731604,
    "sse": 625.0698500121154,
    "sc": 0.09986162882928735,
    "ch": 7.8233578532299335,
    "db": 1.5916402589730274,
    "bic": -2120.2905015147103,
    "xb": 138.40067830279096
}