{
    "dataset": "blobs-P10-K16-N1024-dt1.00-S9",
    "algorithm": "kmeans",
    "k": 10,
    "n": 1024,
    "d": 10,
    "k_true": 16,
    "rand_score": 0.8568472018572825,
    "adjusted_rand_score": 0.04281135347723058,
    "accuracy": 0.1796875,
    "f1_score": 0.1377150221618951,
    "precision": 0.11216672118610392,
    "recall": 0.1796875,
    "sigui": 0.5126535981641759,
    "sse": 7109.430808165654,
    "sc": 0.07231088131841484,
    "ch": 49.611678505714515,
    "db": 2.1299270252063187,
    "bic": -15394.993051453239,
    "xb": 1238.1467973485067
}