{
    "dataset": "blobs-P2-K32-N1024-dt0.60-S5",
    "algorithm": "kmeans",
    "k": 32,
    "n": 1024,
    "d": 2,
    "k_true": 32,
    "rand_score": 0.9918572061339198,
    "adjusted_rand_score": 0.8684125644053392,
    "accuracy": 0.8876953125,
    "f1_score": 0.8737033625125219,
    "precision": 0.8750322813151761,
    "recall": 0.8876953125,
    "sigui": 0.05354326580165439,
    "sse": 9.543943132877107,
    "sc": 0.6323369190926189,
    "ch": 6834.763463231534,
    "db": 0.5462059520995233,
    "bic": -1236.1370430147704,
    "xb": 280.90238400838024
}