{
    "dataset": "blobs-P10-K32-N64-dt0.70-S6",
    "algorithm": "kmeans",
    "k": 16,
    "n": 64,
    "d": 10,
    "k_true": 32,
    "rand_score": 0.9246031746031746,
    "adjusted_rand_score": 0.025244299674267102,
    "accuracy": 0.3125,
    "f1_score": 0.22616567460317458,
    "precision": 0.2188244047619048,
    "recall": 0.3125,
    "sigui": 0.42400461651218674,
    "sse": 292.7699274303412,
    "sc": 0.04948067129349968,
    "ch": 3.7952539797219496,
    "db": 1.4489340427121404,
    "bic": -1204.1392515880998,
    "xb": 63.51665540930809
}