{
    "dataset": "blobs-P10-K4-N64-dt1.00-S9",
    "algorithm": "kmeans",
    "k": 50,
    "n": 64,
    "d": 10,
    "k_true": 4,
    "rand_score": 0.7569444444444444,
    "adjusted_rand_score": -0.0011675423234092236,
    "accuracy": 0.109375,
    "f1_score": 0.01487719298245614,
    "precision": 0.05333333333333333,
    "recall": 0.00875,
    "sigui": 0.11266230113417433,
    "sse": 37.93222211560421,
    "sc": 0.05628756215907062,
    "ch": 4.534913999648429,
    "db": 0.5277336458009779,
    "bic": -1628.7950880760764,
    "xb": 11.102029611197482
}