{
    "dataset": "blobs-P10-K2-N64-dt0.20-S1",
    "algorithm": "kmeans",
    "k": 3,
    "n": 64,
    "d": 10,
    "k_true": 2,
    "rand_score": 0.8735119047619048,
    "adjusted_rand_score": 0.7459396201350561,
    "accuracy": 0.765625,
    "f1_score": 0.564625850340136,
    "precision": 0.6666666666666666,
    "recall": 0.5104166666666666,
    "sigui": 0.4924837353446031,
    "sse": 395.60179269368257,
    "sc": 0.19089944991847996,
    "ch": 18.842546875449784,
    "db": 2.152736337900853,
    "bic": -889.6455564351758,
    "xb": 106.6204943976711
}