{
    "dataset": "blobs-P10-K2-N1024-dt0.70-S6",
    "algorithm": "kmeans",
    "k": 3,
    "n": 1024,
    "d": 10,
    "k_true": 2,
    "rand_score": 0.5396734481915934,
    "adjusted_rand_score": 0.07904688265824335,
    "accuracy": 0.4833984375,
    "f1_score": 0.3824366714650968,
    "precision": 0.4704191033138401,
    "recall": 0.322265625,
    "sigui": 0.5546732267714878,
    "sse": 8934.915045012647,
    "sc": 0.06801115130162566,
    "ch": 74.56655896162492,
    "db": 2.9635576059613253,
    "bic": -15070.205595056901,
    "xb": 2243.7887875411616
}