{
    "dataset": "blobs-P5-K4-N64-dt0.90-S8",
    "algorithm": "kmeans",
    "k": 8,
    "n": 64,
    "d": 5,
    "k_true": 4,
    "rand_score": 0.7331349206349206,
    "adjusted_rand_score": 0.14719202898550723,
    "accuracy": 0.46875,
    "f1_score": 0.27050966275104205,
    "precision": 0.32147435897435894,
    "recall": 0.234375,
    "sigui": 0.4105549332392819,
    "sse": 136.38132806859244,
    "sc": 0.163794139969422,
    "ch": 10.770898012611072,
    "db": 1.246170627475259,
    "bic": -543.1823062697322,
    "xb": 41.14696762816959
}