{
    "dataset": "blobs-P5-K4-N64-dt0.40-S3",
    "algorithm": "kmeans",
    "k": 8,
    "n": 64,
    "d": 5,
    "k_true": 4,
    "rand_score": 0.8268849206349206,
    "adjusted_rand_score": 0.46240739382380985,
    "accuracy": 0.640625,
    "f1_score": 0.35710872162485063,
    "precision": 0.4075757575757576,
    "recall": 0.3203125,
    "sigui": 0.31985698284416053,
    "sse": 69.68974902547578,
    "sc": 0.24624973209096854,
    "ch": 28.73424048440993,
    "db": 1.0455403961954732,
    "bic": -431.1778136292544,
    "xb": 30.163750051776134
}