{
    "dataset": "blobs-P10-K32-N1024-dt0.60-S5",
    "algorithm": "kmeans",
    "k": 16,
    "n": 1024,
    "d": 10,
    "k_true": 32,
    "rand_score": 0.9227207814027371,
    "adjusted_rand_score": 0.13457953855593183,
    "accuracy": 0.2724609375,
    "f1_score": 0.18199061266154617,
    "precision": 0.1374520663989161,
    "recall": 0.2724609375,
    "sigui": 0.48724111162844674,
    "sse": 6098.995686655169,
    "sc": 0.07949695964960493,
    "ch": 45.62644477116938,
    "db": 2.143369840773123,
    "bic": -15316.770376114462,
    "xb": 1613.2614371508505
}