{
    "dataset": "blobs-P2-K32-N64-dt0.30-S2",
    "algorithm": "kmeans",
    "k": 10,
    "n": 64,
    "d": 2,
    "k_true": 32,
    "rand_score": 0.9206349206349206,
    "adjusted_rand_score": 0.26573426573426573,
    "accuracy": 0.3125,
    "f1_score": 0.15729166666666666,
    "precision": 0.10781249999999998,
    "recall": 0.3125,
    "sigui": 0.1772636679872234,
    "sse": 8.582025278739634,
    "sc": 0.47986278786189573,
    "ch": 83.48936586129341,
    "db": 0.6666050649025592,
    "bic": -216.2787222454418,
    "xb": 14.240355612124487
}