{
    "dataset": "blobs-P2-K4-N1024-dt0.30-S2",
    "algorithm": "kmeans",
    "k": 8,
    "n": 1024,
    "d": 2,
    "k_true": 4,
    "rand_score": 0.8789673448191594,
    "adjusted_rand_score": 0.6248795545925013,
    "accuracy": 0.60546875,
    "f1_score": 0.36431785857852383,
    "precision": 0.4923245614035088,
    "recall": 0.302734375,
    "sigui": 0.14725423264927756,
    "sse": 84.81974251134253,
    "sc": 0.44094053098894137,
    "ch": 3359.4629617018522,
    "db": 0.9109990202849614,
    "bic": -1776.3911528833535,
    "xb": 323.9403926546342
}