{
    "dataset": "blobs-P5-K16-N128-dt0.40-S3",
    "algorithm": "kmeans",
    "k": 10,
    "n": 128,
    "d": 5,
    "k_true": 16,
    "rand_score": 0.9173228346456693,
    "adjusted_rand_score": 0.4895205282802182,
    "accuracy": 0.5546875,
    "f1_score": 0.4267898281056176,
    "precision": 0.3716891660970608,
    "recall": 0.5546875,
    "sigui": 0.34263162485230136,
    "sse": 153.43959308001106,
    "sc": 0.3056918776993608,
    "ch": 41.57562874967284,
    "db": 0.9431385158460621,
    "bic": -872.2327436370852,
    "xb": 86.49093622884736
}