{
    "dataset": "blobs-P5-K32-N64-dt0.30-S2",
    "algorithm": "kmeans",
    "k": 4,
    "n": 64,
    "d": 5,
    "k_true": 32,
    "rand_score": 0.7356150793650794,
    "adjusted_rand_score": 0.06706859667157503,
    "accuracy": 0.125,
    "f1_score": 0.03146853146853147,
    "precision": 0.01835542929292929,
    "recall": 0.125,
    "sigui": 0.4692589043890087,
    "sse": 184.45430256178884,
    "sc": 0.20313220682813354,
    "ch": 14.696940711676357,
    "db": 1.4741259838276481,
    "bic": -499.9747224532399,
    "xb": 39.31010824372309
}