{
    "dataset": "blobs-P2-K32-N128-dt1.00-S9",
    "algorithm": "kmeans",
    "k": 8,
    "n": 128,
    "d": 2,
    "k_true": 32,
    "rand_score": 0.8794291338582677,
    "adjusted_rand_score": 0.24005959359124657,
    "accuracy": 0.25,
    "f1_score": 0.11121435753788694,
    "precision": 0.07398538961038961,
    "recall": 0.25,
    "sigui": 0.206562815052582,
    "sse": 21.455656567787912,
    "sc": 0.46659990795779405,
    "ch": 187.39860793447525,
    "db": 0.7090735914915179,
    "bic": -359.2577778616715,
    "xb": 39.60307204573085
}