{
    "dataset": "blobs-P2-K32-N1024-dt0.30-S2",
    "algorithm": "kmeans",
    "k": 16,
    "n": 1024,
    "d": 2,
    "k_true": 32,
    "rand_score": 0.9549139326735093,
    "adjusted_rand_score": 0.5536558586122978,
    "accuracy": 0.5,
    "f1_score": 0.36979357413172187,
    "precision": 0.32291892747332246,
    "recall": 0.5,
    "sigui": 0.10495739925404847,
    "sse": 47.534915364491226,
    "sc": 0.6404398975363201,
    "ch": 2828.0528671757515,
    "db": 0.47703367112881284,
    "bic": -1940.9104149137997,
    "xb": 153.72787590468656
}