{
    "dataset": "blobs-P10-K32-N64-dt1.00-S9",
    "algorithm": "kmeans",
    "k": 16,
    "n": 64,
    "d": 10,
    "k_true": 32,
    "rand_score": 0.9201388888888888,
    "adjusted_rand_score": 0.010535557506584723,
    "accuracy": 0.296875,
    "f1_score": 0.21116071428571428,
    "precision": 0.19687499999999997,
    "recall": 0.296875,
    "sigui": 0.41167333218858726,
    "sse": 272.6724405983339,
    "sc": 0.06958655621118535,
    "ch": 4.310843396956467,
    "db": 1.425054324913242,
    "bic": -1181.0021652182322,
    "xb": 65.48373697909055
}