{
    "dataset": "blobs-P5-K2-N64-dt0.90-S8",
    "algorithm": "kmeans",
    "k": 10,
    "n": 64,
    "d": 5,
    "k_true": 2,
    "rand_score": 0.5277777777777778,
    "adjusted_rand_score": 0.043353430950330174,
    "accuracy": 0.21875,
    "f1_score": 0.06914634146341463,
    "precision": 0.16527777777777777,
    "recall": 0.04375,
    "sigui": 0.37418162515658643,
    "sse": 111.34202426308687,
    "sc": 0.18627637187007523,
    "ch": 11.244162863999016,
    "db": 1.2975886342438927,
    "bic": -554.9738539712434,
    "xb": 50.93188580105222
}