{
    "dataset": "blobs-P5-K4-N128-dt0.30-S2",
    "algorithm": "kmeans",
    "k": 50,
    "n": 128,
    "d": 5,
    "k_true": 4,
    "rand_score": 0.7744832677165354,
    "adjusted_rand_score": 0.1138286897633359,
    "accuracy": 0.1796875,
    "f1_score": 0.024013464013464016,
    "precision": 0.08,
    "recall": 0.014375,
    "sigui": 0.15969832297661019,
    "sse": 35.257729139782136,
    "sc": 0.1843053856145553,
    "ch": 27.303260455628934,
    "db": 0.7939816804987732,
    "bic": -1219.885179774622,
    "xb": 80.43856911756077
}