{
    "dataset": "blobs-P10-K32-N1024-dt0.90-S8",
    "algorithm": "kmeans",
    "k": 2,
    "n": 1024,
    "d": 10,
    "k_true": 32,
    "rand_score": 0.5069571725317693,
    "adjusted_rand_score": 0.013064710689131873,
    "accuracy": 0.0595703125,
    "f1_score": 0.0070078061638280615,
    "precision": 0.003722894921565037,
    "recall": 0.0595703125,
    "sigui": 0.5663211271351989,
    "sse": 9368.940460380276,
    "sc": 0.0819390684835955,
    "ch": 95.02277794614461,
    "db": 3.1960597761652045,
    "bic": -14860.761779785305,
    "xb": 2401.59657357266
}