{
    "dataset": "blobs-P5-K4-N1024-dt0.80-S7",
    "algorithm": "kmeans",
    "k": 50,
    "n": 1024,
    "d": 5,
    "k_true": 4,
    "rand_score": 0.7481194250977518,
    "adjusted_rand_score": 0.031935643516525974,
    "accuracy": 0.0859375,
    "f1_score": 0.01234933370010392,
    "precision": 0.061281284760845385,
    "recall": 0.006875,
    "sigui": 0.33542666167165,
    "sse": 1195.5667618812533,
    "sc": 0.1516856092945551,
    "ch": 65.24781752391918,
    "db": 1.346413339187657,
    "bic": -8518.648888362646,
    "xb": 776.4621533658343
}