{
    "dataset": "blobs-P2-K8-N64-dt0.60-S5",
    "algorithm": "kmeans",
    "k": 20,
    "n": 64,
    "d": 2,
    "k_true": 8,
    "rand_score": 0.8874007936507936,
    "adjusted_rand_score": 0.27578872740163063,
    "accuracy": 0.4375,
    "f1_score": 0.2207330388909336,
    "precision": 0.3402272727272727,
    "recall": 0.175,
    "sigui": 0.05928609556799717,
    "sse": 1.3159592101376447,
    "sc": 0.40579679133435076,
    "ch": 222.93515322124503,
    "db": 0.5244381066134424,
    "bic": -198.2917952165233,
    "xb": 51.66201460977445
}