{
    "dataset": "blobs-P5-K4-N1024-dt0.60-S5",
    "algorithm": "kmeans",
    "k": 10,
    "n": 1024,
    "d": 5,
    "k_true": 4,
    "rand_score": 0.738493172653959,
    "adjusted_rand_score": 0.1288465802819209,
    "accuracy": 0.2919921875,
    "f1_score": 0.162871805254227,
    "precision": 0.2723530012975702,
    "recall": 0.116796875,
    "sigui": 0.42988145888325957,
    "sse": 2335.4261905909243,
    "sc": 0.14075545152169563,
    "ch": 134.33464540964195,
    "db": 1.5276048820580719,
    "bic": -7809.033812475664,
    "xb": 742.7638606883919
}