{
    "dataset": "blobs-P5-K4-N128-dt0.10-S0",
    "algorithm": "kmeans",
    "k": 25,
    "n": 128,
    "d": 5,
    "k_true": 4,
    "rand_score": 0.8005659448818898,
    "adjusted_rand_score": 0.25292219927929366,
    "accuracy": 0.3125,
    "f1_score": 0.075689891503845,
    "precision": 0.16,
    "recall": 0.05,
    "sigui": 0.10429593448119359,
    "sse": 11.646240453673386,
    "sc": 0.2076069829708771,
    "ch": 231.54982034301725,
    "db": 1.1920569564042998,
    "bic": -391.03899137260476,
    "xb": 103.58164111226573
}