{
    "dataset": "blobs-P10-K4-N64-dt0.80-S7",
    "algorithm": "kmeans",
    "k": 25,
    "n": 64,
    "d": 10,
    "k_true": 4,
    "rand_score": 0.7440476190476191,
    "adjusted_rand_score": 0.007328691828508612,
    "accuracy": 0.15625,
    "f1_score": 0.03847619047619047,
    "precision": 0.084,
    "recall": 0.025,
    "sigui": 0.31993806477985165,
    "sse": 176.62886276634043,
    "sc": 0.08413497535568476,
    "ch": 4.263052403846362,
    "db": 1.0717673376535002,
    "bic": -1297.3394692199008,
    "xb": 41.26027019628168
}