{
    "dataset": "blobs-P2-K8-N1024-dt0.50-S4",
    "algorithm": "kmeans",
    "k": 50,
    "n": 1024,
    "d": 2,
    "k_true": 8,
    "rand_score": 0.8898613147605083,
    "adjusted_rand_score": 0.2263520421627137,
    "accuracy": 0.2470703125,
    "f1_score": 0.061480605030484324,
    "precision": 0.14295238095238097,
    "recall": 0.03953125,
    "sigui": 0.08243795962599547,
    "sse": 23.257135182838127,
    "sc": 0.34559500807280086,
    "ch": 1730.5196569657269,
    "db": 0.8120488619113072,
    "bic": -2720.1692386312056,
    "xb": 399.1160340799472
}