{
    "dataset": "blobs-P10-K4-N64-dt0.50-S4",
    "algorithm": "kmeans",
    "k": 3,
    "n": 64,
    "d": 10,
    "k_true": 4,
    "rand_score": 0.6631944444444444,
    "adjusted_rand_score": 0.18440771034719441,
    "accuracy": 0.515625,
    "f1_score": 0.43893644465290804,
    "precision": 0.38845108695652175,
    "recall": 0.515625,
    "sigui": 0.5413673554170177,
    "sse": 517.6779554807415,
    "sc": 0.09000569788524287,
    "ch": 7.206840311314309,
    "db": 2.5557395990220013,
    "bic": -978.4472702569572,
    "xb": 113.11662880697713
}