{
    "dataset": "blobs-P2-K16-N1024-dt0.20-S1",
    "algorithm": "kmeans",
    "k": 20,
    "n": 1024,
    "d": 2,
    "k_true": 16,
    "rand_score": 0.9922886882942327,
    "adjusted_rand_score": 0.9296847020542159,
    "accuracy": 0.900390625,
    "f1_score": 0.746994894866004,
    "precision": 0.7983870967741936,
    "recall": 0.7203125,
    "sigui": 0.04751031342042973,
    "sse": 8.619695217859205,
    "sc": 0.6806852666543659,
    "ch": 12506.189115503996,
    "db": 0.5201789028098417,
    "bic": -512.2200884366632,
    "xb": 204.53368283886977
}