{
    "dataset": "blobs-P5-K32-N64-dt1.00-S9",
    "algorithm": "kmeans",
    "k": 8,
    "n": 64,
    "d": 5,
    "k_true": 32,
    "rand_score": 0.8794642857142857,
    "adjusted_rand_score": 0.09086050240513095,
    "accuracy": 0.25,
    "f1_score": 0.10505952380952381,
    "precision": 0.06770833333333334,
    "recall": 0.25,
    "sigui": 0.40975730636393615,
    "sse": 135.5935454942186,
    "sc": 0.1529222555290537,
    "ch": 10.879954725493567,
    "db": 1.3356254447931348,
    "bic": -548.5403502322927,
    "xb": 42.11623686607856
}