{
    "dataset": "blobs-P10-K8-N128-dt0.50-S4",
    "algorithm": "kmeans",
    "k": 10,
    "n": 128,
    "d": 10,
    "k_true": 8,
    "rand_score": 0.8773375984251969,
    "adjusted_rand_score": 0.3681465919468245,
    "accuracy": 0.546875,
    "f1_score": 0.4669939737681673,
    "precision": 0.5061904761904762,
    "recall": 0.4375,
    "sigui": 0.4700995033171585,
    "sse": 664.9061196114217,
    "sc": 0.11980697802352405,
    "ch": 12.128876501019654,
    "db": 1.8079377954437885,
    "bic": -1955.8620960328178,
    "xb": 146.76189060957125
}