{
    "dataset": "blobs-P2-K2-N1024-dt0.60-S5",
    "algorithm": "kmeans",
    "k": 25,
    "n": 1024,
    "d": 2,
    "k_true": 2,
    "rand_score": 0.5193613300342131,
    "adjusted_rand_score": 0.03787388123455275,
    "accuracy": 0.115234375,
    "f1_score": 0.016348589522164652,
    "precision": 0.07218283582089552,
    "recall": 0.00921875,
    "sigui": 0.1745350322754333,
    "sse": 133.99856214767405,
    "sc": 0.30902917750815995,
    "ch": 594.5609309061231,
    "db": 0.8356509761540805,
    "bic": -3531.4128225593927,
    "xb": 303.18262091934787
}