{
    "dataset": "blobs-P5-K16-N128-dt0.80-S7",
    "algorithm": "kmeans",
    "k": 50,
    "n": 128,
    "d": 5,
    "k_true": 16,
    "rand_score": 0.9593996062992126,
    "adjusted_rand_score": 0.43419915757641214,
    "accuracy": 0.5,
    "f1_score": 0.20713086913086912,
    "precision": 0.30833333333333335,
    "recall": 0.16,
    "sigui": 0.14473857889068725,
    "sse": 27.385377223966184,
    "sc": 0.20428197525498976,
    "ch": 35.60960481830052,
    "db": 0.806223436714439,
    "bic": -1142.1011639797803,
    "xb": 79.58774635820824
}