{
    "dataset": "blobs-P5-K16-N1024-dt0.50-S4",
    "algorithm": "kmeans",
    "k": 16,
    "n": 1024,
    "d": 5,
    "k_true": 16,
    "rand_score": 0.9597156036168133,
    "adjusted_rand_score": 0.6705335734215,
    "accuracy": 0.75390625,
    "f1_score": 0.7407555770835329,
    "precision": 0.7551661150316438,
    "recall": 0.75390625,
    "sigui": 0.3025000790169974,
    "sse": 986.1308221231669,
    "sc": 0.25539933184600905,
    "ch": 281.7029977373801,
    "db": 1.370659865223516,
    "bic": -6161.953757002316,
    "xb": 1284.6555056049172
}