{
    "dataset": "blobs-P10-K2-N128-dt0.70-S6",
    "algorithm": "kmeans",
    "k": 50,
    "n": 128,
    "d": 10,
    "k_true": 2,
    "rand_score": 0.5110728346456693,
    "adjusted_rand_score": 0.014704332038342151,
    "accuracy": 0.1015625,
    "f1_score": 0.007342995169082125,
    "precision": 0.04,
    "recall": 0.0040625,
    "sigui": 0.30686211560826954,
    "sse": 300.07006892178714,
    "sc": 0.08153093711832557,
    "ch": 5.198414048163272,
    "db": 1.038988880025331,
    "bic": -2765.813079924903,
    "xb": 81.44589898778547
}