{
    "dataset": "blobs-P2-K2-N64-dt0.30-S2",
    "algorithm": "kmeans",
    "k": 4,
    "n": 64,
    "d": 2,
    "k_true": 2,
    "rand_score": 0.6959325396825397,
    "adjusted_rand_score": 0.3875541177030306,
    "accuracy": 0.609375,
    "f1_score": 0.37858220211161386,
    "precision": 0.5,
    "recall": 0.3046875,
    "sigui": 0.2504174874074478,
    "sse": 27.740932344441315,
    "sc": 0.40922430903446844,
    "ch": 72.28240666947048,
    "db": 0.8140366570728723,
    "bic": -191.19183300244862,
    "xb": 18.944231943130152
}