{
    "dataset": "blobs-P10-K32-N128-dt0.50-S4",
    "algorithm": "kmeans",
    "k": 10,
    "n": 128,
    "d": 10,
    "k_true": 32,
    "rand_score": 0.8980068897637795,
    "adjusted_rand_score": 0.15892695942545357,
    "accuracy": 0.2890625,
    "f1_score": 0.1430861160253575,
    "precision": 0.09809695512820513,
    "recall": 0.2890625,
    "sigui": 0.48137917048579026,
    "sse": 727.8854723456177,
    "sc": 0.0955559195583956,
    "ch": 9.945019090445674,
    "db": 1.9552599641686794,
    "bic": -2012.3099419782689,
    "xb": 173.3741954707745
}