{
    "dataset": "blobs-P2-K4-N1024-dt1.00-S9",
    "algorithm": "kmeans",
    "k": 32,
    "n": 1024,
    "d": 2,
    "k_true": 4,
    "rand_score": 0.7481404264418378,
    "adjusted_rand_score": 0.05941044170620426,
    "accuracy": 0.1357421875,
    "f1_score": 0.027885628716040244,
    "precision": 0.07950434951944912,
    "recall": 0.0169677734375,
    "sigui": 0.15469036629377708,
    "sse": 94.4791648680326,
    "sc": 0.32498855265188287,
    "ch": 661.6555810113255,
    "db": 0.8445065009745658,
    "bic": -3525.3340845107805,
    "xb": 358.54199618914043
}