{
    "dataset": "blobs-P5-K2-N64-dt0.30-S2",
    "algorithm": "kmeans",
    "k": 25,
    "n": 64,
    "d": 5,
    "k_true": 2,
    "rand_score": 0.5381944444444444,
    "adjusted_rand_score": 0.06270674528980297,
    "accuracy": 0.171875,
    "f1_score": 0.023442389758179232,
    "precision": 0.08,
    "recall": 0.01375,
    "sigui": 0.2287689108310238,
    "sse": 39.29229657023222,
    "sc": 0.16992161981163506,
    "ch": 11.609146267590557,
    "db": 0.8381059345530698,
    "bic": -641.4345585800493,
    "xb": 29.73203331702671
}