{
    "dataset": "blobs-P2-K8-N128-dt0.30-S2",
    "algorithm": "kmeans",
    "k": 20,
    "n": 128,
    "d": 2,
    "k_true": 8,
    "rand_score": 0.9384842519685039,
    "adjusted_rand_score": 0.6273911512733247,
    "accuracy": 0.640625,
    "f1_score": 0.30742081013532385,
    "precision": 0.39666666666666667,
    "recall": 0.25625,
    "sigui": 0.06803924051646659,
    "sse": 2.3335079114124055,
    "sc": 0.41215746182827984,
    "ch": 617.9082305449797,
    "db": 0.7098859949774846,
    "bic": -266.8821936304635,
    "xb": 57.244462125517536
}