{
    "dataset": "blobs-P5-K8-N1024-dt1.00-S9",
    "algorithm": "kmeans",
    "k": 50,
    "n": 1024,
    "d": 5,
    "k_true": 8,
    "rand_score": 0.8657536809628543,
    "adjusted_rand_score": 0.040815960782984974,
    "accuracy": 0.1064453125,
    "f1_score": 0.02856380556882197,
    "precision": 0.09195239966407015,
    "recall": 0.01703125,
    "sigui": 0.33115566809580144,
    "sse": 1186.2868235459082,
    "sc": 0.15236056573008666,
    "ch": 65.91372576397168,
    "db": 1.3446920837761518,
    "bic": -8519.058685098931,
    "xb": 754.6700950683985
}