{
    "dataset": "blobs-P2-K2-N1024-dt0.50-S4",
    "algorithm": "kmeans",
    "k": 8,
    "n": 1024,
    "d": 2,
    "k_true": 2,
    "rand_score": 0.554616859115347,
    "adjusted_rand_score": 0.10860085848182888,
    "accuracy": 0.2861328125,
    "f1_score": 0.10413880474364345,
    "precision": 0.19336192810457517,
    "recall": 0.071533203125,
    "sigui": 0.277058530079892,
    "sse": 384.5361622555904,
    "sc": 0.30977515098131214,
    "ch": 627.9048105008761,
    "db": 0.9238095108945145,
    "bic": -3358.3802613548223,
    "xb": 308.75984072226316
}