{
    "dataset": "blobs-P5-K4-N128-dt0.30-S2",
    "algorithm": "kmeans",
    "k": 4,
    "n": 128,
    "d": 5,
    "k_true": 4,
    "rand_score": 0.9769931102362205,
    "adjusted_rand_score": 0.9376867835318257,
    "accuracy": 0.9765625,
    "f1_score": 0.9764306761786601,
    "precision": 0.9770359848484849,
    "recall": 0.9765625,
    "sigui": 0.3897664995017143,
    "sse": 224.5326121768516,
    "sc": 0.35350535788178494,
    "ch": 76.4817719062456,
    "db": 1.1151144139762317,
    "bic": -808.6724038160627,
    "xb": 50.80128023652806
}