{
    "dataset": "blobs-P5-K8-N1024-dt0.10-S0",
    "algorithm": "kmeans",
    "k": 25,
    "n": 1024,
    "d": 5,
    "k_true": 8,
    "rand_score": 0.918997815860215,
    "adjusted_rand_score": 0.48266321019153985,
    "accuracy": 0.3974609375,
    "f1_score": 0.17889643387221882,
    "precision": 0.32,
    "recall": 0.1271875,
    "sigui": 0.08334531399397385,
    "sse": 51.91299434460829,
    "sc": 0.1728745456794909,
    "ch": 4063.705518699598,
    "db": 1.6536173688935178,
    "bic": 719.0131752451094,
    "xb": 639.0052980427544
}