{
    "dataset": "blobs-P10-K32-N64-dt0.10-S0",
    "algorithm": "kmeans",
    "k": 25,
    "n": 64,
    "d": 10,
    "k_true": 32,
    "rand_score": 0.9821428571428571,
    "adjusted_rand_score": 0.6320571057754705,
    "accuracy": 0.78125,
    "f1_score": 0.71875,
    "precision": 0.6927083333333333,
    "recall": 0.78125,
    "sigui": 0.21770309146874883,
    "sse": 77.33966285904732,
    "sc": 0.5018647527203747,
    "ch": 11.822175246877089,
    "db": 0.7644049321789498,
    "bic": -1037.5323294703405,
    "xb": 16.65313050366213
}