{
    "dataset": "blobs-P2-K4-N64-dt0.40-S3",
    "algorithm": "kmeans",
    "k": 2,
    "n": 64,
    "d": 2,
    "k_true": 4,
    "rand_score": 0.6592261904761905,
    "adjusted_rand_score": 0.31309812883873733,
    "accuracy": 0.5,
    "f1_score": 0.33347807207989577,
    "precision": 0.25024437927663734,
    "recall": 0.5,
    "sigui": 0.4324495116075344,
    "sse": 64.77436184902902,
    "sc": 0.4028032918135972,
    "ch": 60.51760995340417,
    "db": 0.9266447721079684,
    "bic": -194.8711577428991,
    "xb": 15.425959979677721
}