{
    "dataset": "blobs-P10-K32-N64-dt0.40-S3",
    "algorithm": "kmeans",
    "k": 16,
    "n": 64,
    "d": 10,
    "k_true": 32,
    "rand_score": 0.9325396825396826,
    "adjusted_rand_score": 0.17883841288096608,
    "accuracy": 0.421875,
    "f1_score": 0.30486111111111114,
    "precision": 0.2610863095238095,
    "recall": 0.421875,
    "sigui": 0.4044734974662061,
    "sse": 243.42510632624382,
    "sc": 0.11929190123520475,
    "ch": 5.213265299164433,
    "db": 1.3315127507521136,
    "bic": -1144.8890207346622,
    "xb": 42.0020698279077
}