{
    "dataset": "blobs-P10-K4-N64-dt0.10-S0",
    "algorithm": "kmeans",
    "k": 16,
    "n": 64,
    "d": 10,
    "k_true": 4,
    "rand_score": 0.8239087301587301,
    "adjusted_rand_score": 0.34919249236141425,
    "accuracy": 0.375,
    "f1_score": 0.13385281385281383,
    "precision": 0.25,
    "recall": 0.09375,
    "sigui": 0.222275668404335,
    "sse": 54.668180414023084,
    "sc": 0.20660928817431212,
    "ch": 34.26237728217238,
    "db": 1.1470002062759745,
    "bic": -669.2225640515746,
    "xb": 58.95174216060146
}