{
    "dataset": "blobs-P2-K16-N64-dt0.60-S5",
    "algorithm": "kmeans",
    "k": 25,
    "n": 64,
    "d": 2,
    "k_true": 16,
    "rand_score": 0.9652777777777778,
    "adjusted_rand_score": 0.5606694560669456,
    "accuracy": 0.671875,
    "f1_score": 0.47060317460317463,
    "precision": 0.5626666666666666,
    "recall": 0.43,
    "sigui": 0.05339223301547707,
    "sse": 1.0464337777138213,
    "sc": 0.4326150849082441,
    "ch": 197.14534211799287,
    "db": 0.4866353247616145,
    "bic": -234.732262395362,
    "xb": 70.24901989143565
}