{
    "dataset": "blobs-P5-K4-N128-dt0.40-S3",
    "algorithm": "kmeans",
    "k": 16,
    "n": 128,
    "d": 5,
    "k_true": 4,
    "rand_score": 0.7918307086614174,
    "adjusted_rand_score": 0.2528060976118614,
    "accuracy": 0.3515625,
    "f1_score": 0.12530316474415854,
    "precision": 0.23214285714285715,
    "recall": 0.087890625,
    "sigui": 0.3329102000450747,
    "sse": 151.36715102546628,
    "sc": 0.1986350619483325,
    "ch": 24.103371048205144,
    "db": 1.2451605295793593,
    "bic": -1025.7872511824817,
    "xb": 80.56868929573186
}