{
    "dataset": "blobs-P2-K4-N1024-dt0.60-S5",
    "algorithm": "kmeans",
    "k": 2,
    "n": 1024,
    "d": 2,
    "k_true": 4,
    "rand_score": 0.6129948680351907,
    "adjusted_rand_score": 0.279707760154348,
    "accuracy": 0.4853515625,
    "f1_score": 0.3467854418655334,
    "precision": 0.2855723513052839,
    "recall": 0.4853515625,
    "sigui": 0.4241565632078379,
    "sse": 1298.8673357891748,
    "sc": 0.3769792825216737,
    "ch": 589.4627189983488,
    "db": 0.9928871967008676,
    "bic": -3091.662080604482,
    "xb": 329.94819905571717
}