{
    "dataset": "blobs-P2-K16-N1024-dt0.90-S8",
    "algorithm": "kmeans",
    "k": 25,
    "n": 1024,
    "d": 2,
    "k_true": 16,
    "rand_score": 0.953583211143695,
    "adjusted_rand_score": 0.5352871873468664,
    "accuracy": 0.583984375,
    "f1_score": 0.4264821716378138,
    "precision": 0.5261439032628512,
    "recall": 0.37375,
    "sigui": 0.09062652426535212,
    "sse": 34.41620830843274,
    "sc": 0.3809745449705819,
    "ch": 2435.34745542044,
    "db": 0.8895773860675932,
    "bic": -2218.6384464692997,
    "xb": 350.6341824526891
}