{
    "dataset": "blobs-P10-K2-N64-dt0.30-S2",
    "algorithm": "kmeans",
    "k": 16,
    "n": 64,
    "d": 10,
    "k_true": 2,
    "rand_score": 0.5461309523809523,
    "adjusted_rand_score": 0.08034332572868971,
    "accuracy": 0.265625,
    "f1_score": 0.049206349206349205,
    "precision": 0.09615384615384615,
    "recall": 0.033203125,
    "sigui": 0.3767443224392826,
    "sse": 231.42780194047322,
    "sc": 0.0825019915264291,
    "ch": 5.649412139889645,
    "db": 1.2173178509049443,
    "bic": -1118.89822757349,
    "xb": 53.28956502293621
}