{
    "dataset": "blobs-P5-K8-N1024-dt1.00-S9",
    "algorithm": "kmeans",
    "k": 4,
    "n": 1024,
    "d": 5,
    "k_true": 8,
    "rand_score": 0.7225397880009775,
    "adjusted_rand_score": 0.11245753825159446,
    "accuracy": 0.3125,
    "f1_score": 0.2076574569221628,
    "precision": 0.1557625101513775,
    "recall": 0.3125,
    "sigui": 0.4933548549471185,
    "sse": 3388.049364990047,
    "sc": 0.14658945739891294,
    "ch": 173.80597283744524,
    "db": 1.7266286155777075,
    "bic": -7707.700519892719,
    "xb": 874.5614649336482
}