{
    "dataset": "blobs-P2-K8-N64-dt0.50-S4",
    "algorithm": "kmeans",
    "k": 50,
    "n": 64,
    "d": 2,
    "k_true": 8,
    "rand_score": 0.8908730158730159,
    "adjusted_rand_score": 0.07563025210084033,
    "accuracy": 0.21875,
    "f1_score": 0.05393939393939395,
    "precision": 0.1433333333333333,
    "recall": 0.035,
    "sigui": 0.010979035841007824,
    "sse": 0.0699319330357992,
    "sc": 0.19694788133356927,
    "ch": 522.671781436692,
    "db": 0.1933895705198735,
    "bic": -304.875223332051,
    "xb": 124.15504815908139
}