{
    "dataset": "blobs-P5-K32-N128-dt0.20-S1",
    "algorithm": "kmeans",
    "k": 50,
    "n": 128,
    "d": 5,
    "k_true": 32,
    "rand_score": 0.9932332677165354,
    "adjusted_rand_score": 0.829471936720295,
    "accuracy": 0.828125,
    "f1_score": 0.5704761904761905,
    "precision": 0.64,
    "recall": 0.53,
    "sigui": 0.0738662880140584,
    "sse": 6.30770296208,
    "sc": 0.4870713967757752,
    "ch": 159.92108109429262,
    "db": 0.4269099633734008,
    "bic": -676.3010738962474,
    "xb": 107.49530475028578
}