{
    "dataset": "blobs-P10-K4-N1024-dt0.70-S6",
    "algorithm": "kmeans",
    "k": 4,
    "n": 1024,
    "d": 10,
    "k_true": 4,
    "rand_score": 0.6929546218230694,
    "adjusted_rand_score": 0.1807524282435904,
    "accuracy": 0.53125,
    "f1_score": 0.5317040168904837,
    "precision": 0.5334086996451632,
    "recall": 0.53125,
    "sigui": 0.5397180341349803,
    "sse": 8326.259259859995,
    "sc": 0.07147700538846669,
    "ch": 78.14696027835922,
    "db": 2.6767152246270793,
    "bic": -15040.617002785544,
    "xb": 1955.5695550614469
}