{
    "dataset": "blobs-P10-K16-N1024-dt0.60-S5",
    "algorithm": "kmeans",
    "k": 10,
    "n": 1024,
    "d": 10,
    "k_true": 16,
    "rand_score": 0.9044629765395894,
    "adjusted_rand_score": 0.37559147891263095,
    "accuracy": 0.5029296875,
    "f1_score": 0.3932601304211355,
    "precision": 0.3288419062527306,
    "recall": 0.5029296875,
    "sigui": 0.48861731530460784,
    "sse": 6059.641722658912,
    "sc": 0.11386982266826025,
    "ch": 77.72522768454444,
    "db": 1.9661494540328004,
    "bic": -14557.629721677982,
    "xb": 1183.1275321891508
}