{
    "dataset": "blobs-P10-K2-N1024-dt0.50-S4",
    "algorithm": "kmeans",
    "k": 50,
    "n": 1024,
    "d": 10,
    "k_true": 2,
    "rand_score": 0.5085895497311828,
    "adjusted_rand_score": 0.016256693089358138,
    "accuracy": 0.0595703125,
    "f1_score": 0.004474611880448068,
    "precision": 0.037148182665424044,
    "recall": 0.0023828125,
    "sigui": 0.4427607040425957,
    "sse": 4734.212023024298,
    "sc": 0.07329740291830035,
    "ch": 23.117169422836962,
    "db": 1.8613498780028985,
    "bic": -16463.80312102361,
    "xb": 1251.9436684915581
}