{
    "dataset": "blobs-P2-K2-N128-dt0.30-S2",
    "algorithm": "kmeans",
    "k": 3,
    "n": 128,
    "d": 2,
    "k_true": 2,
    "rand_score": 0.7205954724409449,
    "adjusted_rand_score": 0.43976356463414873,
    "accuracy": 0.703125,
    "f1_score": 0.5375201288244766,
    "precision": 0.6319073083778967,
    "recall": 0.46875,
    "sigui": 0.3693445689101619,
    "sse": 107.04301078858259,
    "sc": 0.35278630935443017,
    "ch": 86.97262677057087,
    "db": 0.9539321994304379,
    "bic": -412.15660892472704,
    "xb": 34.060132520879
}