{
    "dataset": "blobs-P10-K2-N1024-dt0.20-S1",
    "algorithm": "kmeans",
    "k": 2,
    "n": 1024,
    "d": 10,
    "k_true": 2,
    "rand_score": 0.9883385263929618,
    "adjusted_rand_score": 0.9766770308481201,
    "accuracy": 0.994140625,
    "f1_score": 0.9941406026481729,
    "precision": 0.9941481651026169,
    "recall": 0.994140625,
    "sigui": 0.5369159001393045,
    "sse": 8166.410980800004,
    "sc": 0.19140790962589252,
    "ch": 259.50297904487735,
    "db": 1.9302209209333792,
    "bic": -14157.448298185289,
    "xb": 950.5156222560307
}