{
    "dataset": "blobs-P10-K2-N128-dt0.30-S2",
    "algorithm": "kmeans",
    "k": 25,
    "n": 128,
    "d": 10,
    "k_true": 2,
    "rand_score": 0.5383858267716536,
    "adjusted_rand_score": 0.07017078272815261,
    "accuracy": 0.171875,
    "f1_score": 0.023161904761904762,
    "precision": 0.07384615384615385,
    "recall": 0.01375,
    "sigui": 0.4021734504038815,
    "sse": 487.9122105181088,
    "sc": 0.08992028606273747,
    "ch": 6.967189362986746,
    "db": 1.4652332616459836,
    "bic": -2265.9471408241834,
    "xb": 168.0719236939324
}