{
    "dataset": "blobs-P2-K4-N1024-dt0.30-S2",
    "algorithm": "kmeans",
    "k": 32,
    "n": 1024,
    "d": 2,
    "k_true": 4,
    "rand_score": 0.7803183040078201,
    "adjusted_rand_score": 0.17458179317477038,
    "accuracy": 0.1953125,
    "f1_score": 0.04074332040005926,
    "precision": 0.12439903846153846,
    "recall": 0.0244140625,
    "sigui": 0.07367896021416662,
    "sse": 21.992764960554886,
    "sc": 0.3335050403219787,
    "ch": 2947.8890734085526,
    "db": 0.8530626367418263,
    "bic": -2090.6269999740534,
    "xb": 336.93151993256754
}