{
    "dataset": "blobs-P5-K2-N64-dt0.90-S8",
    "algorithm": "kmeans",
    "k": 25,
    "n": 64,
    "d": 5,
    "k_true": 2,
    "rand_score": 0.5133928571428571,
    "adjusted_rand_score": 0.012368761685603337,
    "accuracy": 0.140625,
    "f1_score": 0.01894736842105263,
    "precision": 0.06,
    "recall": 0.01125,
    "sigui": 0.23520883624357689,
    "sse": 44.14093024622152,
    "sc": 0.18842637169008183,
    "ch": 10.15544950796006,
    "db": 0.812053366255561,
    "bic": -660.5123332260148,
    "xb": 39.259264086797685
}