{
    "dataset": "blobs-P10-K32-N128-dt0.80-S7",
    "algorithm": "kmeans",
    "k": 4,
    "n": 128,
    "d": 10,
    "k_true": 32,
    "rand_score": 0.7438484251968503,
    "adjusted_rand_score": 0.053812461531855205,
    "accuracy": 0.125,
    "f1_score": 0.029374841088227816,
    "precision": 0.01680891106442577,
    "recall": 0.125,
    "sigui": 0.5313796439769775,
    "sse": 982.9550568756329,
    "sc": 0.08857091042326587,
    "ch": 12.490761976611871,
    "db": 2.307756565541831,
    "bic": -1927.6751996090145,
    "xb": 192.67690732287397
}