{
    "dataset": "blobs-P5-K32-N128-dt1.00-S9",
    "algorithm": "kmeans",
    "k": 4,
    "n": 128,
    "d": 5,
    "k_true": 32,
    "rand_score": 0.7476624015748031,
    "adjusted_rand_score": 0.08571518829612106,
    "accuracy": 0.125,
    "f1_score": 0.029787077104642012,
    "precision": 0.017098917098917102,
    "recall": 0.125,
    "sigui": 0.48306810228609043,
    "sse": 389.03429306158836,
    "sc": 0.19062137462230294,
    "ch": 26.664099811064258,
    "db": 1.5234848390813747,
    "bic": -979.2577166589007,
    "xb": 81.54587729464302
}