{
    "dataset": "blobs-P10-K4-N128-dt0.70-S6",
    "algorithm": "kmeans",
    "k": 8,
    "n": 128,
    "d": 10,
    "k_true": 4,
    "rand_score": 0.7181348425196851,
    "adjusted_rand_score": 0.10285125788975465,
    "accuracy": 0.328125,
    "f1_score": 0.20300407612437688,
    "precision": 0.26985294117647063,
    "recall": 0.1640625,
    "sigui": 0.5098123604184379,
    "sse": 847.4098294273489,
    "sc": 0.06092480750803562,
    "ch": 8.751174742146356,
    "db": 2.2488539394096376,
    "bic": -2022.8335805895658,
    "xb": 238.8482275055846
}