{
    "dataset": "blobs-P2-K8-N64-dt1.00-S9",
    "algorithm": "kmeans",
    "k": 25,
    "n": 64,
    "d": 2,
    "k_true": 8,
    "rand_score": 0.8660714285714286,
    "adjusted_rand_score": 0.04104183109707971,
    "accuracy": 0.234375,
    "f1_score": 0.10388544788544789,
    "precision": 0.18133333333333332,
    "recall": 0.075,
    "sigui": 0.0927252548602742,
    "sse": 2.20408899697524,
    "sc": 0.35943850227363944,
    "ch": 92.74505505923165,
    "db": 0.519011457791384,
    "bic": -281.0904720058862,
    "xb": 47.35356153292899
}