{
    "dataset": "blobs-P10-K2-N64-dt0.90-S8",
    "algorithm": "kmeans",
    "k": 4,
    "n": 64,
    "d": 10,
    "k_true": 2,
    "rand_score": 0.5049603174603174,
    "adjusted_rand_score": 0.0019683164544906187,
    "accuracy": 0.34375,
    "f1_score": 0.21601848286484404,
    "precision": 0.2927170868347339,
    "recall": 0.171875,
    "sigui": 0.5311880342762161,
    "sse": 495.75155112542393,
    "sc": 0.07102054599305394,
    "ch": 5.819384671499761,
    "db": 2.493998698863586,
    "bic": -1005.9228022127438,
    "xb": 120.6449358803025
}