{
    "dataset": "blobs-P10-K32-N1024-dt0.70-S6",
    "algorithm": "kmeans",
    "k": 16,
    "n": 1024,
    "d": 10,
    "k_true": 32,
    "rand_score": 0.9291357374144672,
    "adjusted_rand_score": 0.20507705137731974,
    "accuracy": 0.3359375,
    "f1_score": 0.22424398210143204,
    "precision": 0.16901268729546348,
    "recall": 0.3359375,
    "sigui": 0.48576336973715584,
    "sse": 5880.05440163469,
    "sc": 0.09031011068634191,
    "ch": 49.82748869274005,
    "db": 2.0108594763936978,
    "bic": -15131.303337944712,
    "xb": 1256.8045230355644
}