{
    "dataset": "blobs-P5-K4-N128-dt0.60-S5",
    "algorithm": "kmeans",
    "k": 8,
    "n": 128,
    "d": 5,
    "k_true": 4,
    "rand_score": 0.8176673228346457,
    "adjusted_rand_score": 0.40766267608293366,
    "accuracy": 0.5234375,
    "f1_score": 0.3319571918601956,
    "precision": 0.4604166666666667,
    "recall": 0.26171875,
    "sigui": 0.36452859624029543,
    "sse": 197.4848061150521,
    "sc": 0.18822538307716738,
    "ch": 38.412953895267776,
    "db": 1.525342834596933,
    "bic": -911.7247841799037,
    "xb": 120.54679169086617
}