{
    "dataset": "blobs-P5-K2-N128-dt0.60-S5",
    "algorithm": "kmeans",
    "k": 32,
    "n": 128,
    "d": 5,
    "k_true": 2,
    "rand_score": 0.5116879921259843,
    "adjusted_rand_score": 0.01624937303494025,
    "accuracy": 0.1171875,
    "f1_score": 0.012682648401826483,
    "precision": 0.04766414141414141,
    "recall": 0.00732421875,
    "sigui": 0.29962243854223336,
    "sse": 131.52976253414832,
    "sc": 0.13255220484676494,
    "ch": 11.971568101651975,
    "db": 1.0195050565887132,
    "bic": -1291.7443815457746,
    "xb": 98.56020364386755
}