{
    "dataset": "blobs-P10-K8-N128-dt0.70-S6",
    "algorithm": "kmeans",
    "k": 3,
    "n": 128,
    "d": 10,
    "k_true": 8,
    "rand_score": 0.6519438976377953,
    "adjusted_rand_score": 0.06416491064474873,
    "accuracy": 0.28125,
    "f1_score": 0.15533112151964612,
    "precision": 0.10772754137115839,
    "recall": 0.28125,
    "sigui": 0.5462250345697597,
    "sse": 1055.2518026721878,
    "sc": 0.0896466315652181,
    "ch": 13.311289587393254,
    "db": 2.5030796577466643,
    "bic": -1912.703216632476,
    "xb": 203.78942494268028
}