{
    "dataset": "blobs-P10-K4-N128-dt0.40-S3",
    "algorithm": "kmeans",
    "k": 3,
    "n": 128,
    "d": 10,
    "k_true": 4,
    "rand_score": 0.7742372047244095,
    "adjusted_rand_score": 0.4567247058604122,
    "accuracy": 0.6875,
    "f1_score": 0.5934740929498847,
    "precision": 0.5270764119601329,
    "recall": 0.6875,
    "sigui": 0.5208075638524762,
    "sse": 901.3276836836005,
    "sc": 0.14699595885006478,
    "ch": 26.257952793651217,
    "db": 2.090111339748059,
    "bic": -1811.290590288799,
    "xb": 174.0954184026952
}