{
    "dataset": "blobs-P10-K16-N128-dt0.10-S0",
    "algorithm": "kmeans",
    "k": 3,
    "n": 128,
    "d": 10,
    "k_true": 16,
    "rand_score": 0.6456692913385826,
    "adjusted_rand_score": 0.15521064301552107,
    "accuracy": 0.1875,
    "f1_score": 0.06875,
    "precision": 0.043402777777777776,
    "recall": 0.1875,
    "sigui": 0.5266743565964298,
    "sse": 904.9504885295721,
    "sc": 0.24534843690784694,
    "ch": 25.90262645748685,
    "db": 1.7517987230723338,
    "bic": -1800.5309922352005,
    "xb": 98.98320955547045
}