{
    "dataset": "blobs-P2-K2-N128-dt0.90-S8",
    "algorithm": "kmeans",
    "k": 10,
    "n": 128,
    "d": 2,
    "k_true": 2,
    "rand_score": 0.5269438976377953,
    "adjusted_rand_score": 0.04794260145641006,
    "accuracy": 0.21875,
    "f1_score": 0.06666666666666668,
    "precision": 0.13999999999999999,
    "recall": 0.04375,
    "sigui": 0.2284987909242289,
    "sse": 33.207503335322045,
    "sc": 0.3353910793668092,
    "ch": 87.96376978408328,
    "db": 0.8498042355230654,
    "bic": -463.2842259948635,
    "xb": 42.25412044040005
}