{
    "dataset": "blobs-P5-K32-N64-dt0.50-S4",
    "algorithm": "kmeans",
    "k": 4,
    "n": 64,
    "d": 5,
    "k_true": 32,
    "rand_score": 0.7296626984126984,
    "adjusted_rand_score": 0.0650782845473111,
    "accuracy": 0.125,
    "f1_score": 0.03235785953177257,
    "precision": 0.019074675324675324,
    "recall": 0.125,
    "sigui": 0.4481715632890682,
    "sse": 173.41525748954615,
    "sc": 0.22845764489029174,
    "ch": 16.90563386780316,
    "db": 1.267242277216621,
    "bic": -489.21985365888713,
    "xb": 31.8027069488251
}