{
    "dataset": "blobs-P10-K2-N64-dt0.40-S3",
    "algorithm": "kmeans",
    "k": 32,
    "n": 64,
    "d": 10,
    "k_true": 2,
    "rand_score": 0.5178571428571429,
    "adjusted_rand_score": 0.021101093420295414,
    "accuracy": 0.125,
    "f1_score": 0.013888888888888888,
    "precision": 0.0625,
    "recall": 0.0078125,
    "sigui": 0.2549943063232512,
    "sse": 120.1738514852858,
    "sc": 0.06254839323528398,
    "ch": 4.465153836035403,
    "db": 0.8598094252893753,
    "bic": -1376.1687879498375,
    "xb": 36.00727012360367
}