{
    "dataset": "blobs-P10-K2-N128-dt1.00-S9",
    "algorithm": "kmeans",
    "k": 4,
    "n": 128,
    "d": 10,
    "k_true": 2,
    "rand_score": 0.5264517716535433,
    "adjusted_rand_score": 0.0493431480274993,
    "accuracy": 0.421875,
    "f1_score": 0.2630952380952381,
    "precision": 0.350440379403794,
    "recall": 0.2109375,
    "sigui": 0.5412857236837596,
    "sse": 1007.8222019927664,
    "sc": 0.07660228122181943,
    "ch": 11.162698766430234,
    "db": 2.483539610873815,
    "bic": -1942.6867324399693,
    "xb": 219.1691950228731
}