{
    "dataset": "blobs-P5-K8-N64-dt0.70-S6",
    "algorithm": "kmeans",
    "k": 20,
    "n": 64,
    "d": 5,
    "k_true": 8,
    "rand_score": 0.8953373015873016,
    "adjusted_rand_score": 0.3061746437705517,
    "accuracy": 0.484375,
    "f1_score": 0.23943389943389945,
    "precision": 0.3261904761904762,
    "recall": 0.19375,
    "sigui": 0.23511805294227828,
    "sse": 44.524931224990446,
    "sc": 0.22056533838870584,
    "ch": 14.327754069017947,
    "db": 0.8087342104085034,
    "bic": -578.8854629232301,
    "xb": 34.2259176895693
}