{
    "dataset": "blobs-P5-K4-N1024-dt0.80-S7",
    "algorithm": "kmeans",
    "k": 2,
    "n": 1024,
    "d": 5,
    "k_true": 4,
    "rand_score": 0.5684128329667644,
    "adjusted_rand_score": 0.13688020543312934,
    "accuracy": 0.427734375,
    "f1_score": 0.2852672021169227,
    "precision": 0.2140707643543182,
    "recall": 0.427734375,
    "sigui": 0.5330786891637247,
    "sse": 4243.240627024323,
    "sc": 0.16101769077982603,
    "ch": 211.18422884430973,
    "db": 2.0945695288348434,
    "bic": -7534.939628984282,
    "xb": 1080.7091908446102
}