{
    "dataset": "blobs-P10-K4-N128-dt0.20-S1",
    "algorithm": "kmeans",
    "k": 25,
    "n": 128,
    "d": 10,
    "k_true": 4,
    "rand_score": 0.7982283464566929,
    "adjusted_rand_score": 0.24824404998231417,
    "accuracy": 0.296875,
    "f1_score": 0.07259203668959766,
    "precision": 0.16,
    "recall": 0.0475,
    "sigui": 0.3565553047378778,
    "sse": 341.9620990757629,
    "sc": 0.08334775094420752,
    "ch": 11.772491753756018,
    "db": 1.640506254735742,
    "bic": -2041.7144471610873,
    "xb": 176.9923637567867
}