{
    "dataset": "blobs-P2-K16-N64-dt0.20-S1",
    "algorithm": "kmeans",
    "k": 20,
    "n": 64,
    "d": 2,
    "k_true": 16,
    "rand_score": 0.9905753968253969,
    "adjusted_rand_score": 0.8877637130801688,
    "accuracy": 0.890625,
    "f1_score": 0.7404761904761905,
    "precision": 0.7833333333333333,
    "recall": 0.7125,
    "sigui": 0.02050769901327514,
    "sse": 0.1068734059210748,
    "sc": 0.6657398463885782,
    "ch": 2771.255896362581,
    "db": 0.36646039671979336,
    "bic": -44.55934642228182,
    "xb": 70.53162365918902
}