{
    "dataset": "blobs-P5-K32-N1024-dt0.10-S0",
    "algorithm": "kmeans",
    "k": 20,
    "n": 1024,
    "d": 5,
    "k_true": 32,
    "rand_score": 0.9745845552297165,
    "adjusted_rand_score": 0.6924731182795699,
    "accuracy": 0.625,
    "f1_score": 0.5052083333333333,
    "precision": 0.44791666666666663,
    "recall": 0.625,
    "sigui": 0.1830220985577821,
    "sse": 352.3429885239814,
    "sc": 0.6681556222203839,
    "ch": 715.0221286208498,
    "db": 0.6265762316497303,
    "bic": -3829.8411000764227,
    "xb": 218.62183445294895
}