{
    "dataset": "blobs-P5-K16-N1024-dt0.10-S0",
    "algorithm": "kmeans",
    "k": 4,
    "n": 1024,
    "d": 5,
    "k_true": 16,
    "rand_score": 0.7810361681329423,
    "adjusted_rand_score": 0.2881002087682672,
    "accuracy": 0.25,
    "f1_score": 0.10952380952380952,
    "precision": 0.07291666666666667,
    "recall": 0.25,
    "sigui": 0.44255900867107134,
    "sse": 2540.186103969783,
    "sc": 0.35989226482203607,
    "ch": 345.30411896966626,
    "db": 1.3194913084939237,
    "bic": -6906.404443272618,
    "xb": 540.0968348529665
}