{
    "dataset": "blobs-P10-K16-N128-dt0.80-S7",
    "algorithm": "kmeans",
    "k": 2,
    "n": 128,
    "d": 10,
    "k_true": 16,
    "rand_score": 0.5129183070866141,
    "adjusted_rand_score": 0.019179712265301147,
    "accuracy": 0.1171875,
    "f1_score": 0.026070808412116536,
    "precision": 0.014667277167277167,
    "recall": 0.1171875,
    "sigui": 0.5616009448646301,
    "sse": 1141.4000537278216,
    "sc": 0.09616733913883341,
    "ch": 15.300151049807896,
    "db": 2.806886413659483,
    "bic": -1885.0529682274487,
    "xb": 237.09846948462706
}