{
    "dataset": "blobs-P2-K8-N64-dt0.90-S8",
    "algorithm": "kmeans",
    "k": 8,
    "n": 64,
    "d": 2,
    "k_true": 8,
    "rand_score": 0.8576388888888888,
    "adjusted_rand_score": 0.3102803738317757,
    "accuracy": 0.515625,
    "f1_score": 0.5031815836382401,
    "precision": 0.5228174603174602,
    "recall": 0.515625,
    "sigui": 0.18852170737423868,
    "sse": 11.090209308283448,
    "sc": 0.3856074962269205,
    "ch": 84.33369466121424,
    "db": 0.8082867347640124,
    "bic": -205.3649691919309,
    "xb": 24.33100528379729
}