{
    "dataset": "blobs-P5-K2-N128-dt0.90-S8",
    "algorithm": "kmeans",
    "k": 3,
    "n": 128,
    "d": 5,
    "k_true": 2,
    "rand_score": 0.5264517716535433,
    "adjusted_rand_score": 0.05034415633614836,
    "accuracy": 0.453125,
    "f1_score": 0.36267936956010355,
    "precision": 0.45462962962962966,
    "recall": 0.3020833333333333,
    "sigui": 0.506404015197774,
    "sse": 464.4142689606499,
    "sc": 0.14354054873167799,
    "ch": 23.629997877798257,
    "db": 1.9154636988248672,
    "bic": -989.7303162923279,
    "xb": 116.55809751570119
}