{
    "dataset": "blobs-P2-K32-N1024-dt0.50-S4",
    "algorithm": "kmeans",
    "k": 32,
    "n": 1024,
    "d": 2,
    "k_true": 32,
    "rand_score": 0.9925216122922776,
    "adjusted_rand_score": 0.876060111243963,
    "accuracy": 0.90625,
    "f1_score": 0.9000806334751212,
    "precision": 0.9041478351680559,
    "recall": 0.90625,
    "sigui": 0.03948425031442703,
    "sse": 6.451697815951574,
    "sc": 0.6281125127310643,
    "ch": 10125.946306469083,
    "db": 0.5257515435504665,
    "bic": -863.4899835801696,
    "xb": 255.14120450520596
}