{
    "dataset": "blobs-P2-K32-N1024-dt0.40-S3",
    "algorithm": "kmeans",
    "k": 20,
    "n": 1024,
    "d": 2,
    "k_true": 32,
    "rand_score": 0.9703766495601173,
    "adjusted_rand_score": 0.6565962772243229,
    "accuracy": 0.625,
    "f1_score": 0.5153680506281564,
    "precision": 0.46805867743367735,
    "recall": 0.625,
    "sigui": 0.07787952488069262,
    "sse": 22.783239944015932,
    "sc": 0.6407465280277165,
    "ch": 4697.168509771064,
    "db": 0.4745196201845019,
    "bic": -1474.567012799026,
    "xb": 200.180776554769
}