{
    "dataset": "blobs-P10-K8-N1024-dt0.10-S0",
    "algorithm": "kmeans",
    "k": 50,
    "n": 1024,
    "d": 10,
    "k_true": 8,
    "rand_score": 0.8967211174242424,
    "adjusted_rand_score": 0.26139528436253223,
    "accuracy": 0.228515625,
    "f1_score": 0.059361804336433115,
    "precision": 0.16,
    "recall": 0.0365625,
    "sigui": 0.20119546962339246,
    "sse": 672.4381821752497,
    "sc": 0.08722269805027195,
    "ch": 282.8210878203169,
    "db": 2.17208719348813,
    "bic": -6459.19298975775,
    "xb": 2139.2725905705065
}