{
    "dataset": "blobs-P10-K4-N64-dt0.40-S3",
    "algorithm": "kmeans",
    "k": 2,
    "n": 64,
    "d": 10,
    "k_true": 4,
    "rand_score": 0.7306547619047619,
    "adjusted_rand_score": 0.45707756034852165,
    "accuracy": 0.5,
    "f1_score": 0.33347807207989577,
    "precision": 0.25024437927663734,
    "recall": 0.5,
    "sigui": 0.5290361620482786,
    "sse": 503.51556642508655,
    "sc": 0.18766547640931402,
    "ch": 16.805905211082727,
    "db": 1.8555956384443406,
    "bic": -921.6049876600778,
    "xb": 56.65183754129275
}