{
    "dataset": "blobs-P10-K8-N1024-dt0.70-S6",
    "algorithm": "kmeans",
    "k": 3,
    "n": 1024,
    "d": 10,
    "k_true": 8,
    "rand_score": 0.671804359115347,
    "adjusted_rand_score": 0.13520517346745395,
    "accuracy": 0.3173828125,
    "f1_score": 0.1753586384758702,
    "precision": 0.12194214432882483,
    "recall": 0.3173828125,
    "sigui": 0.5537198287070162,
    "sse": 8642.026888050183,
    "sc": 0.08420513221645196,
    "ch": 94.3951325560428,
    "db": 2.64286531584723,
    "bic": -14889.570793609522,
    "xb": 1767.214476147791
}