{
    "dataset": "blobs-P5-K32-N128-dt0.10-S0",
    "algorithm": "kmeans",
    "k": 8,
    "n": 128,
    "d": 5,
    "k_true": 32,
    "rand_score": 0.8987450787401575,
    "adjusted_rand_score": 0.2864145610453804,
    "accuracy": 0.25,
    "f1_score": 0.10318765664160401,
    "precision": 0.06568627450980392,
    "recall": 0.25,
    "sigui": 0.38999138490481855,
    "sse": 219.47861020114965,
    "sc": 0.32137491097095283,
    "ch": 32.84574339262729,
    "db": 1.2791028047097557,
    "bic": -945.8273456060689,
    "xb": 70.8825711881398
}