{
    "dataset": "blobs-P5-K2-N64-dt0.20-S1",
    "algorithm": "kmeans",
    "k": 8,
    "n": 64,
    "d": 5,
    "k_true": 2,
    "rand_score": 0.6279761904761905,
    "adjusted_rand_score": 0.24686792693423443,
    "accuracy": 0.359375,
    "f1_score": 0.1321353065539112,
    "precision": 0.25,
    "recall": 0.08984375,
    "sigui": 0.36658961817075186,
    "sse": 90.12609477604771,
    "sc": 0.16206882389316285,
    "ch": 20.40464802520609,
    "db": 1.4942106665539958,
    "bic": -483.4727774156327,
    "xb": 49.596689512344724
}