{
    "dataset": "blobs-P2-K4-N128-dt0.90-S8",
    "algorithm": "kmeans",
    "k": 20,
    "n": 128,
    "d": 2,
    "k_true": 4,
    "rand_score": 0.7486466535433071,
    "adjusted_rand_score": 0.07458635460618533,
    "accuracy": 0.1953125,
    "f1_score": 0.05809788627281044,
    "precision": 0.11737012987012987,
    "recall": 0.0390625,
    "sigui": 0.13681296081777325,
    "sse": 11.177941874522752,
    "sc": 0.34559614107579895,
    "ch": 124.49699018769944,
    "db": 0.7382977342313318,
    "bic": -479.59533628395997,
    "xb": 78.0056905967708
}