{
    "dataset": "blobs-P2-K2-N128-dt0.20-S1",
    "algorithm": "kmeans",
    "k": 20,
    "n": 128,
    "d": 2,
    "k_true": 2,
    "rand_score": 0.5575787401574803,
    "adjusted_rand_score": 0.10892147757338308,
    "accuracy": 0.1796875,
    "f1_score": 0.030396630396630396,
    "precision": 0.1,
    "recall": 0.01796875,
    "sigui": 0.13791566046966774,
    "sse": 10.72130370826175,
    "sc": 0.34866515894229,
    "ch": 130.04162416070173,
    "db": 0.75287128481368,
    "bic": -470.94061226494836,
    "xb": 66.67421036233054
}