{
    "dataset": "blobs-P2-K16-N1024-dt0.30-S2",
    "algorithm": "kmeans",
    "k": 3,
    "n": 1024,
    "d": 2,
    "k_true": 16,
    "rand_score": 0.6871945259042033,
    "adjusted_rand_score": 0.1976470588235294,
    "accuracy": 0.1875,
    "f1_score": 0.06388888888888888,
    "precision": 0.0390625,
    "recall": 0.1875,
    "sigui": 0.3166493100699482,
    "sse": 569.6953558572245,
    "sc": 0.5172966333187284,
    "ch": 1324.6983902463521,
    "db": 0.8150065698641978,
    "bic": -2691.6305664272318,
    "xb": 196.00649266412688
}