{
    "dataset": "blobs-P2-K4-N128-dt1.00-S9",
    "algorithm": "kmeans",
    "k": 3,
    "n": 128,
    "d": 2,
    "k_true": 4,
    "rand_score": 0.6417322834645669,
    "adjusted_rand_score": 0.1311506221102883,
    "accuracy": 0.421875,
    "f1_score": 0.36074561403508776,
    "precision": 0.3153409090909091,
    "recall": 0.421875,
    "sigui": 0.3647128116635062,
    "sse": 116.8806830854615,
    "sc": 0.3244235981481906,
    "ch": 74.39173931590582,
    "db": 0.9645338200439721,
    "bic": -425.2590733388877,
    "xb": 40.94907178693506
}