{
    "dataset": "blobs-P2-K32-N64-dt0.70-S6",
    "algorithm": "kmeans",
    "k": 4,
    "n": 64,
    "d": 2,
    "k_true": 32,
    "rand_score": 0.7653769841269841,
    "adjusted_rand_score": 0.08868772745343895,
    "accuracy": 0.125,
    "f1_score": 0.028900143973673388,
    "precision": 0.016445707070707073,
    "recall": 0.125,
    "sigui": 0.32142393613776515,
    "sse": 32.2195578653571,
    "sc": 0.4054819774510279,
    "ch": 59.454845739908365,
    "db": 0.7583791679392183,
    "bic": -205.6522523552528,
    "xb": 13.636188876567328
}