{
    "dataset": "blobs-P5-K16-N64-dt0.10-S0",
    "algorithm": "kmeans",
    "k": 50,
    "n": 64,
    "d": 5,
    "k_true": 16,
    "rand_score": 0.9603174603174603,
    "adjusted_rand_score": 0.27586206896551724,
    "accuracy": 0.453125,
    "f1_score": 0.19428571428571428,
    "precision": 0.32,
    "recall": 0.145,
    "sigui": 0.009584054799330438,
    "sse": 0.10028304831995226,
    "sc": 0.15643545408050613,
    "ch": 911.4194338951559,
    "db": 0.21877920576911764,
    "bic": -150.8860771022924,
    "xb": 278.08804181008554
}