{
    "dataset": "blobs-P2-K8-N1024-dt0.10-S0",
    "algorithm": "kmeans",
    "k": 16,
    "n": 1024,
    "d": 2,
    "k_true": 8,
    "rand_score": 0.9594063110948191,
    "adjusted_rand_score": 0.7828643641125965,
    "accuracy": 0.734375,
    "f1_score": 0.4123667640202032,
    "precision": 0.5,
    "recall": 0.3671875,
    "sigui": 0.02774612658595632,
    "sse": 2.788674379455135,
    "sc": 0.5710356102556472,
    "ch": 49287.77476477541,
    "db": 0.7951596710431088,
    "bic": 1026.4975994119868,
    "xb": 114.44928627087297
}