{
    "dataset": "blobs-P2-K4-N64-dt0.40-S3",
    "algorithm": "kmeans",
    "k": 4,
    "n": 64,
    "d": 2,
    "k_true": 4,
    "rand_score": 0.7683531746031746,
    "adjusted_rand_score": 0.38145695364238413,
    "accuracy": 0.671875,
    "f1_score": 0.671438503098681,
    "precision": 0.6950320512820513,
    "recall": 0.671875,
    "sigui": 0.27280519327511127,
    "sse": 34.20207574899318,
    "sc": 0.3813152203915112,
    "ch": 54.84925823764836,
    "db": 0.8699404617004288,
    "bic": -208.35553570305524,
    "xb": 17.11915278014517
}