{
    "dataset": "blobs-P10-K8-N1024-dt0.30-S2",
    "algorithm": "kmeans",
    "k": 4,
    "n": 1024,
    "d": 10,
    "k_true": 8,
    "rand_score": 0.834471224340176,
    "adjusted_rand_score": 0.4985380648948704,
    "accuracy": 0.4990234375,
    "f1_score": 0.3507104578546246,
    "precision": 0.2864465777943628,
    "recall": 0.4990234375,
    "sigui": 0.4842756352247049,
    "sse": 5978.955554400503,
    "sc": 0.23020571088497865,
    "ch": 242.30906189586017,
    "db": 1.4973288815720132,
    "bic": -13291.770690987149,
    "xb": 620.6264170944467
}