{
    "dataset": "blobs-P2-K16-N128-dt1.00-S9",
    "algorithm": "kmeans",
    "k": 20,
    "n": 128,
    "d": 2,
    "k_true": 16,
    "rand_score": 0.9415600393700787,
    "adjusted_rand_score": 0.44419875249914775,
    "accuracy": 0.578125,
    "f1_score": 0.4807263579288751,
    "precision": 0.5517965367965367,
    "recall": 0.4625,
    "sigui": 0.10896201920965251,
    "sse": 5.785275313342435,
    "sc": 0.43112655162500296,
    "ch": 245.84364526662253,
    "db": 0.685311242871236,
    "bic": -393.5941817745764,
    "xb": 52.59776381270058
}