{
    "dataset": "blobs-P5-K8-N1024-dt0.60-S5",
    "algorithm": "kmeans",
    "k": 32,
    "n": 1024,
    "d": 5,
    "k_true": 8,
    "rand_score": 0.8890613544721407,
    "adjusted_rand_score": 0.26646973562351745,
    "accuracy": 0.2783203125,
    "f1_score": 0.10314628904398575,
    "precision": 0.2241824099389889,
    "recall": 0.069580078125,
    "sigui": 0.28656078123688944,
    "sse": 787.8784011202321,
    "sc": 0.15968659177388905,
    "ch": 175.95087131091145,
    "db": 1.5108646004360975,
    "bic": -6608.203739226046,
    "xb": 910.2800771470991
}