{
    "dataset": "blobs-P5-K8-N1024-dt0.70-S6",
    "algorithm": "kmeans",
    "k": 2,
    "n": 1024,
    "d": 5,
    "k_true": 8,
    "rand_score": 0.5541319189882697,
    "adjusted_rand_score": 0.10804109746937851,
    "accuracy": 0.2373046875,
    "f1_score": 0.09493724217267378,
    "precision": 0.05934583452619525,
    "recall": 0.2373046875,
    "sigui": 0.5250688542078403,
    "sse": 4341.254957786085,
    "sc": 0.1499897969974933,
    "ch": 183.3423974106948,
    "db": 2.2361980216658375,
    "bic": -7593.6347211023885,
    "xb": 1226.0914340693485
}