{
    "dataset": "blobs-P2-K2-N64-dt0.70-S6",
    "algorithm": "kmeans",
    "k": 8,
    "n": 64,
    "d": 2,
    "k_true": 2,
    "rand_score": 0.5793650793650794,
    "adjusted_rand_score": 0.14921807816033378,
    "accuracy": 0.375,
    "f1_score": 0.12761904761904763,
    "precision": 0.2111111111111111,
    "recall": 0.09375,
    "sigui": 0.24684146089264297,
    "sse": 18.534230403882468,
    "sc": 0.3719046589865068,
    "ch": 47.24912433296919,
    "db": 0.7382717989815244,
    "bic": -233.55324638485487,
    "xb": 24.736997515049815
}