{
    "dataset": "blobs-P2-K2-N128-dt0.30-S2",
    "algorithm": "kmeans",
    "k": 4,
    "n": 128,
    "d": 2,
    "k_true": 2,
    "rand_score": 0.7176427165354331,
    "adjusted_rand_score": 0.4331140073635955,
    "accuracy": 0.59375,
    "f1_score": 0.3685054219707685,
    "precision": 0.4864864864864865,
    "recall": 0.296875,
    "sigui": 0.31802405052069305,
    "sse": 70.67527943969486,
    "sc": 0.39064050367485603,
    "ch": 108.38426831211994,
    "db": 0.8265287605622129,
    "bic": -401.89349068931824,
    "xb": 26.431053341953266
}