{
    "dataset": "blobs-P10-K4-N128-dt0.30-S2",
    "algorithm": "kmeans",
    "k": 16,
    "n": 128,
    "d": 10,
    "k_true": 4,
    "rand_score": 0.8014271653543307,
    "adjusted_rand_score": 0.3109242002501109,
    "accuracy": 0.421875,
    "f1_score": 0.13978547160019975,
    "precision": 0.22023809523809523,
    "recall": 0.10546875,
    "sigui": 0.4270958932003871,
    "sse": 535.2364644036579,
    "sc": 0.06568969340729248,
    "ch": 10.3896154982299,
    "db": 1.770833450695135,
    "bic": -2014.8514996440088,
    "xb": 198.14890472418878
}