{
    "dataset": "blobs-P10-K4-N64-dt0.30-S2",
    "algorithm": "kmeans",
    "k": 20,
    "n": 64,
    "d": 10,
    "k_true": 4,
    "rand_score": 0.7906746031746031,
    "adjusted_rand_score": 0.2073345259391771,
    "accuracy": 0.328125,
    "f1_score": 0.09632034632034632,
    "precision": 0.18166666666666667,
    "recall": 0.065625,
    "sigui": 0.3435920066107518,
    "sse": 169.73728082363112,
    "sc": 0.09208916405801706,
    "ch": 6.415970903094213,
    "db": 1.2519582452770268,
    "bic": -1142.996213914423,
    "xb": 45.9100411234063
}