{
    "dataset": "blobs-P2-K32-N128-dt0.40-S3",
    "algorithm": "kmeans",
    "k": 32,
    "n": 128,
    "d": 2,
    "k_true": 32,
    "rand_score": 0.9952017716535433,
    "adjusted_rand_score": 0.9002878827532059,
    "accuracy": 0.9375,
    "f1_score": 0.9285714285714286,
    "precision": 0.934375,
    "recall": 0.9375,
    "sigui": 0.03583291227421321,
    "sse": 0.6763785738235113,
    "sc": 0.7015675407859148,
    "ch": 1168.9897232643782,
    "db": 0.336568849542752,
    "bic": -280.3585561269848,
    "xb": 55.88588351813342
}