{
    "dataset": "blobs-P2-K4-N1024-dt0.90-S8",
    "algorithm": "kmeans",
    "k": 32,
    "n": 1024,
    "d": 2,
    "k_true": 4,
    "rand_score": 0.7590553977272727,
    "adjusted_rand_score": 0.09835825283159069,
    "accuracy": 0.146484375,
    "f1_score": 0.031127566051015156,
    "precision": 0.10409771590476864,
    "recall": 0.018310546875,
    "sigui": 0.1359458548453163,
    "sse": 82.5360208216754,
    "sc": 0.3307573070401571,
    "ch": 762.0290717624351,
    "db": 0.8378870815441488,
    "bic": -3401.6976958733094,
    "xb": 317.75561155581767
}