{
    "dataset": "blobs-P2-K2-N128-dt0.50-S4",
    "algorithm": "kmeans",
    "k": 50,
    "n": 128,
    "d": 2,
    "k_true": 2,
    "rand_score": 0.5134104330708661,
    "adjusted_rand_score": 0.01940936342676196,
    "accuracy": 0.09375,
    "f1_score": 0.006797385620915033,
    "precision": 0.04,
    "recall": 0.00375,
    "sigui": 0.06400510857828831,
    "sse": 2.3346003946910296,
    "sc": 0.3798326183699549,
    "ch": 172.9606070189893,
    "db": 0.4660711450044006,
    "bic": -617.8144152146458,
    "xb": 91.65121554474914
}