{
    "dataset": "blobs-P2-K16-N128-dt0.20-S1",
    "algorithm": "kmeans",
    "k": 25,
    "n": 128,
    "d": 2,
    "k_true": 16,
    "rand_score": 0.9867125984251969,
    "adjusted_rand_score": 0.8560997104368626,
    "accuracy": 0.8359375,
    "f1_score": 0.5756483516483516,
    "precision": 0.64,
    "recall": 0.535,
    "sigui": 0.022317211714484027,
    "sse": 0.22267925657310275,
    "sc": 0.6168168002474839,
    "ch": 4929.561102443815,
    "db": 0.47333558154367134,
    "bic": -40.97669992996157,
    "xb": 91.85333957337315
}