{
    "dataset": "blobs-P10-K32-N64-dt0.80-S7",
    "algorithm": "kmeans",
    "k": 3,
    "n": 64,
    "d": 10,
    "k_true": 32,
    "rand_score": 0.6671626984126984,
    "adjusted_rand_score": 0.01848197079105621,
    "accuracy": 0.09375,
    "f1_score": 0.016574074074074074,
    "precision": 0.009123641304347826,
    "recall": 0.09375,
    "sigui": 0.5440137365110347,
    "sse": 519.8120439731229,
    "sc": 0.08419587246914287,
    "ch": 7.0520348678363645,
    "db": 2.3860815856710142,
    "bic": -979.7637345719545,
    "xb": 92.508258232568
}