{
    "dataset": "blobs-P2-K8-N1024-dt1.00-S9",
    "algorithm": "kmeans",
    "k": 16,
    "n": 1024,
    "d": 2,
    "k_true": 8,
    "rand_score": 0.8800670515640274,
    "adjusted_rand_score": 0.31219309860843897,
    "accuracy": 0.373046875,
    "f1_score": 0.23246378563079023,
    "precision": 0.31556687846061304,
    "recall": 0.1865234375,
    "sigui": 0.16029977465725198,
    "sse": 108.67651386131357,
    "sc": 0.32749452866085627,
    "ch": 1199.1784943969537,
    "db": 0.9314253284640759,
    "bic": -2859.7900365495484,
    "xb": 344.10404667427406
}