{
    "dataset": "blobs-P2-K8-N128-dt0.50-S4",
    "algorithm": "kmeans",
    "k": 25,
    "n": 128,
    "d": 2,
    "k_true": 8,
    "rand_score": 0.9023129921259843,
    "adjusted_rand_score": 0.35706452435603164,
    "accuracy": 0.4375,
    "f1_score": 0.18503805759457934,
    "precision": 0.2895815295815296,
    "recall": 0.14,
    "sigui": 0.0993044614329586,
    "sse": 4.868055087541446,
    "sc": 0.34591990142239876,
    "ch": 221.39737072291135,
    "db": 0.7337178935894006,
    "bic": -433.2300110605055,
    "xb": 63.465835235449525
}