{
    "dataset": "blobs-P5-K2-N64-dt0.90-S8",
    "algorithm": "kmeans",
    "k": 32,
    "n": 64,
    "d": 5,
    "k_true": 2,
    "rand_score": 0.5109126984126984,
    "adjusted_rand_score": 0.0068429635788059984,
    "accuracy": 0.109375,
    "f1_score": 0.012152777777777776,
    "precision": 0.0546875,
    "recall": 0.0068359375,
    "sigui": 0.18375252135506004,
    "sse": 28.41520884273989,
    "sc": 0.1614027843340731,
    "ch": 10.59259334774294,
    "db": 0.7099772488147686,
    "bic": -710.0991016461447,
    "xb": 30.45979357445151
}