{
    "dataset": "blobs-P5-K16-N1024-dt0.20-S1",
    "algorithm": "kmeans",
    "k": 32,
    "n": 1024,
    "d": 5,
    "k_true": 16,
    "rand_score": 0.9747563844086021,
    "adjusted_rand_score": 0.7299893234231448,
    "accuracy": 0.6455078125,
    "f1_score": 0.3821669293473722,
    "precision": 0.5,
    "recall": 0.32275390625,
    "sigui": 0.10398895272235192,
    "sse": 81.96682878724566,
    "sc": 0.3228681843567264,
    "ch": 1966.857372233658,
    "db": 1.5110181407602994,
    "bic": -805.3268327086344,
    "xb": 1070.8627663520922
}