{
    "dataset": "blobs-P10-K2-N1024-dt0.50-S4",
    "algorithm": "kmeans",
    "k": 3,
    "n": 1024,
    "d": 10,
    "k_true": 2,
    "rand_score": 0.6319285343352884,
    "adjusted_rand_score": 0.263619169259303,
    "accuracy": 0.59375,
    "f1_score": 0.4675332319352979,
    "precision": 0.5727826056552061,
    "recall": 0.3958333333333333,
    "sigui": 0.5512316046556627,
    "sse": 8703.710111238774,
    "sc": 0.07605270894496344,
    "ch": 90.10823869235982,
    "db": 2.879764920480374,
    "bic": -14933.90602740541,
    "xb": 2164.9237137188957
}