{
    "dataset": "blobs-P10-K16-N1024-dt0.90-S8",
    "algorithm": "kmeans",
    "k": 4,
    "n": 1024,
    "d": 10,
    "k_true": 16,
    "rand_score": 0.7395356030058651,
    "adjusted_rand_score": 0.07679089529121717,
    "accuracy": 0.185546875,
    "f1_score": 0.07501365860181089,
    "precision": 0.04709625916158871,
    "recall": 0.185546875,
    "sigui": 0.54430701042222,
    "sse": 8342.545776598245,
    "sc": 0.07606177354693244,
    "ch": 77.3306438145379,
    "db": 2.6014296433021498,
    "bic": -15048.115845157094,
    "xb": 1769.9593193139228
}