{
    "dataset": "blobs-P5-K32-N1024-dt0.30-S2",
    "algorithm": "kmeans",
    "k": 8,
    "n": 1024,
    "d": 5,
    "k_true": 32,
    "rand_score": 0.8763459952346041,
    "adjusted_rand_score": 0.28793683316258967,
    "accuracy": 0.25,
    "f1_score": 0.11343008923503682,
    "precision": 0.07643526683869056,
    "recall": 0.25,
    "sigui": 0.35610179054840757,
    "sse": 1470.7745581791187,
    "sc": 0.3603705416550316,
    "ch": 360.12249738670226,
    "db": 1.019134562133667,
    "bic": -6259.170501383167,
    "xb": 445.30957043228426
}