{
    "dataset": "blobs-P10-K4-N64-dt1.00-S9",
    "algorithm": "kmeans",
    "k": 3,
    "n": 64,
    "d": 10,
    "k_true": 4,
    "rand_score": 0.5808531746031746,
    "adjusted_rand_score": -0.01883217546075673,
    "accuracy": 0.3125,
    "f1_score": 0.26741743493989967,
    "precision": 0.23641711229946527,
    "recall": 0.3125,
    "sigui": 0.5493135591714202,
    "sse": 513.5907178636389,
    "sc": 0.09186004941616037,
    "ch": 7.506917417036858,
    "db": 2.358387404916233,
    "bic": -976.2209641687962,
    "xb": 93.42619611555956
}