{
    "dataset": "blobs-P10-K8-N64-dt0.50-S4",
    "algorithm": "kmeans",
    "k": 3,
    "n": 64,
    "d": 10,
    "k_true": 8,
    "rand_score": 0.6532738095238095,
    "adjusted_rand_score": 0.05893792071802543,
    "accuracy": 0.265625,
    "f1_score": 0.15121212121212121,
    "precision": 0.10655080213903743,
    "recall": 0.265625,
    "sigui": 0.546470695074015,
    "sse": 524.7978494562876,
    "sc": 0.0847039047737134,
    "ch": 6.69527437130989,
    "db": 2.586528554063588,
    "bic": -983.1286314550791,
    "xb": 117.86167266610495
}