{
    "dataset": "blobs-P5-K16-N128-dt0.20-S1",
    "algorithm": "kmeans",
    "k": 3,
    "n": 128,
    "d": 5,
    "k_true": 16,
    "rand_score": 0.7086614173228346,
    "adjusted_rand_score": 0.19825968264801228,
    "accuracy": 0.1875,
    "f1_score": 0.06145833333333334,
    "precision": 0.03705357142857143,
    "recall": 0.1875,
    "sigui": 0.4762779451995042,
    "sse": 384.9576103548995,
    "sc": 0.3034260438133657,
    "ch": 41.40754442579603,
    "db": 1.4629337917853633,
    "bic": -926.3924898375628,
    "xb": 75.12888134331786
}