{
    "dataset": "blobs-P2-K16-N128-dt0.70-S6",
    "algorithm": "kmeans",
    "k": 25,
    "n": 128,
    "d": 2,
    "k_true": 16,
    "rand_score": 0.9649360236220472,
    "adjusted_rand_score": 0.6216089070095656,
    "accuracy": 0.703125,
    "f1_score": 0.4886441140558787,
    "precision": 0.5642539682539682,
    "recall": 0.45,
    "sigui": 0.08074188161763288,
    "sse": 3.1221069789423983,
    "sc": 0.40563786750229963,
    "ch": 347.6074431578262,
    "db": 0.7222774885099906,
    "bic": -378.9042615095417,
    "xb": 78.97417678922392
}