{
    "dataset": "blobs-P5-K4-N1024-dt1.00-S9",
    "algorithm": "kmeans",
    "k": 20,
    "n": 1024,
    "d": 5,
    "k_true": 4,
    "rand_score": 0.7353506078934506,
    "adjusted_rand_score": 0.03773579758681523,
    "accuracy": 0.130859375,
    "f1_score": 0.042946589069437234,
    "precision": 0.12264662324259848,
    "recall": 0.026171875,
    "sigui": 0.39764659731741825,
    "sse": 1822.169083485618,
    "sc": 0.14417877399852858,
    "ch": 95.6356520423452,
    "db": 1.4322819096236945,
    "bic": -8078.733195783886,
    "xb": 687.10466306678
}