{
    "dataset": "blobs-P2-K32-N128-dt0.60-S5",
    "algorithm": "kmeans",
    "k": 8,
    "n": 128,
    "d": 2,
    "k_true": 32,
    "rand_score": 0.8921013779527559,
    "adjusted_rand_score": 0.2685955568981028,
    "accuracy": 0.25,
    "f1_score": 0.10696778711484595,
    "precision": 0.06993735431235432,
    "recall": 0.25,
    "sigui": 0.20830046299272015,
    "sse": 22.06112502621274,
    "sc": 0.4586405296654877,
    "ch": 181.7849592471495,
    "db": 0.7476877848897352,
    "bic": -367.8371527051151,
    "xb": 33.242498591077705
}