{
    "dataset": "blobs-P10-K8-N128-dt1.00-S9",
    "algorithm": "kmeans",
    "k": 32,
    "n": 128,
    "d": 10,
    "k_true": 8,
    "rand_score": 0.859867125984252,
    "adjusted_rand_score": 0.04154436368214255,
    "accuracy": 0.203125,
    "f1_score": 0.06903585042171997,
    "precision": 0.11486066017316017,
    "recall": 0.05078125,
    "sigui": 0.381863539360366,
    "sse": 451.22083654506804,
    "sc": 0.06308388843121157,
    "ch": 5.687995140449384,
    "db": 1.2832719024627837,
    "bic": -2445.3644241212105,
    "xb": 101.40933058673012
}