{
    "dataset": "blobs-P5-K32-N64-dt0.30-S2",
    "algorithm": "kmeans",
    "k": 20,
    "n": 64,
    "d": 5,
    "k_true": 32,
    "rand_score": 0.966765873015873,
    "adjusted_rand_score": 0.4679188201184924,
    "accuracy": 0.625,
    "f1_score": 0.5188988095238095,
    "precision": 0.47343749999999996,
    "recall": 0.625,
    "sigui": 0.19439741720025408,
    "sse": 24.116596097721512,
    "sc": 0.4684873741781024,
    "ch": 28.41212206806775,
    "db": 0.60668433398167,
    "bic": -484.3412228950933,
    "xb": 18.55657523592359
}