{
    "dataset": "blobs-P5-K8-N1024-dt0.20-S1",
    "algorithm": "kmeans",
    "k": 20,
    "n": 1024,
    "d": 5,
    "k_true": 8,
    "rand_score": 0.9288245356793744,
    "adjusted_rand_score": 0.5667602219926955,
    "accuracy": 0.4912109375,
    "f1_score": 0.26187816253283225,
    "precision": 0.4,
    "recall": 0.196484375,
    "sigui": 0.2017191370132188,
    "sse": 389.0093368434285,
    "sc": 0.20495091187617487,
    "ch": 642.6465458389674,
    "db": 1.5797170014214987,
    "bic": -4105.682457403064,
    "xb": 944.4104618106552
}