{
    "dataset": "blobs-P10-K16-N128-dt0.50-S4",
    "algorithm": "kmeans",
    "k": 4,
    "n": 128,
    "d": 10,
    "k_true": 16,
    "rand_score": 0.7540600393700787,
    "adjusted_rand_score": 0.11356883229340885,
    "accuracy": 0.2265625,
    "f1_score": 0.09165005316321106,
    "precision": 0.05774962462462463,
    "recall": 0.2265625,
    "sigui": 0.51839723492955,
    "sse": 921.521072675789,
    "sc": 0.1139567800277013,
    "ch": 16.078990958984146,
    "db": 2.189463080321536,
    "bic": -1888.9491515363425,
    "xb": 199.3537822633355
}