{
    "dataset": "blobs-P5-K4-N1024-dt0.40-S3",
    "algorithm": "kmeans",
    "k": 8,
    "n": 1024,
    "d": 5,
    "k_true": 4,
    "rand_score": 0.8335643481182796,
    "adjusted_rand_score": 0.474154026068285,
    "accuracy": 0.5341796875,
    "f1_score": 0.33365583566538815,
    "precision": 0.4598698726789493,
    "recall": 0.26708984375,
    "sigui": 0.3828257615124024,
    "sse": 1841.180750059882,
    "sc": 0.1774397264538839,
    "ch": 258.47391353392686,
    "db": 1.6299451642424077,
    "bic": -6902.087248324018,
    "xb": 917.3178473275758
}