{
    "dataset": "blobs-P10-K16-N128-dt0.20-S1",
    "algorithm": "kmeans",
    "k": 20,
    "n": 128,
    "d": 10,
    "k_true": 16,
    "rand_score": 0.9931102362204725,
    "adjusted_rand_score": 0.9309514563106797,
    "accuracy": 0.9375,
    "f1_score": 0.768377504848093,
    "precision": 0.7944444444444445,
    "recall": 0.75,
    "sigui": 0.26689170190498984,
    "sse": 161.614258488278,
    "sc": 0.36122667595506397,
    "ch": 39.335266973634674,
    "db": 0.9606611359974868,
    "bic": -1404.8676654390206,
    "xb": 119.21276717840655
}