{
    "dataset": "blobs-P5-K4-N128-dt0.80-S7",
    "algorithm": "kmeans",
    "k": 20,
    "n": 128,
    "d": 5,
    "k_true": 4,
    "rand_score": 0.7513533464566929,
    "adjusted_rand_score": 0.08285063944285036,
    "accuracy": 0.1875,
    "f1_score": 0.059917380660954714,
    "precision": 0.15397727272727274,
    "recall": 0.0375,
    "sigui": 0.34322086273266744,
    "sse": 166.10677765569784,
    "sc": 0.16088289596291502,
    "ch": 16.216730471905528,
    "db": 1.2551153580408017,
    "bic": -1141.793236666982,
    "xb": 89.73108231095115
}