{
    "dataset": "blobs-P2-K4-N128-dt0.60-S5",
    "algorithm": "kmeans",
    "k": 10,
    "n": 128,
    "d": 2,
    "k_true": 4,
    "rand_score": 0.7919537401574803,
    "adjusted_rand_score": 0.30111005164620236,
    "accuracy": 0.4140625,
    "f1_score": 0.2164944752483146,
    "precision": 0.3313852813852814,
    "recall": 0.165625,
    "sigui": 0.19399095074445907,
    "sse": 23.50751388386785,
    "sc": 0.3516198320953374,
    "ch": 129.67065905080386,
    "db": 0.8378152723088446,
    "bic": -418.63848638392017,
    "xb": 43.461266458136684
}