{
    "dataset": "blobs-P5-K2-N1024-dt0.30-S2",
    "algorithm": "kmeans",
    "k": 2,
    "n": 1024,
    "d": 5,
    "k_true": 2,
    "rand_score": 0.9070213220918866,
    "adjusted_rand_score": 0.8140426025377557,
    "accuracy": 0.951171875,
    "f1_score": 0.9511627463324367,
    "precision": 0.9515094598928031,
    "recall": 0.951171875,
    "sigui": 0.5157393616895429,
    "sse": 3835.536864217778,
    "sc": 0.2358379969395602,
    "ch": 342.2523029346881,
    "db": 1.6383811759973312,
    "bic": -7276.51560289405,
    "xb": 695.6035178460935
}