{
    "dataset": "blobs-P10-K32-N64-dt0.20-S1",
    "algorithm": "kmeans",
    "k": 32,
    "n": 64,
    "d": 10,
    "k_true": 32,
    "rand_score": 0.9955357142857143,
    "adjusted_rand_score": 0.863406408094435,
    "accuracy": 0.9375,
    "f1_score": 0.9291666666666667,
    "precision": 0.9375,
    "recall": 0.9375,
    "sigui": 0.23300435179668233,
    "sse": 63.40912543433577,
    "sc": 0.29472555177910453,
    "ch": 9.386512999823236,
    "db": 0.7694976558706289,
    "bic": -1182.3332099381425,
    "xb": 23.812420273702916
}