{
    "dataset": "blobs-P5-K32-N1024-dt0.90-S8",
    "algorithm": "kmeans",
    "k": 4,
    "n": 1024,
    "d": 5,
    "k_true": 32,
    "rand_score": 0.7584864522238515,
    "adjusted_rand_score": 0.09409388816153967,
    "accuracy": 0.1171875,
    "f1_score": 0.02616788669562036,
    "precision": 0.014743442957794485,
    "recall": 0.1171875,
    "sigui": 0.49423278905217466,
    "sse": 3359.912128913285,
    "sc": 0.15876102436699724,
    "ch": 178.10878773280248,
    "db": 1.6596779338989154,
    "bic": -7684.702609743266,
    "xb": 790.4985162388731
}