{
    "dataset": "blobs-P10-K4-N64-dt1.00-S9",
    "algorithm": "kmeans",
    "k": 2,
    "n": 64,
    "d": 10,
    "k_true": 4,
    "rand_score": 0.5044642857142857,
    "adjusted_rand_score": 0.005310321938267508,
    "accuracy": 0.328125,
    "f1_score": 0.21895424836601307,
    "precision": 0.1647783251231527,
    "recall": 0.328125,
    "sigui": 0.56683699341637,
    "sse": 566.624502917354,
    "sc": 0.09757431297382606,
    "ch": 8.028740013362247,
    "db": 2.724594643048164,
    "bic": -959.14088454597,
    "xb": 111.42814593611143
}