{
    "dataset": "blobs-P2-K2-N64-dt0.40-S3",
    "algorithm": "kmeans",
    "k": 10,
    "n": 64,
    "d": 2,
    "k_true": 2,
    "rand_score": 0.5848214285714286,
    "adjusted_rand_score": 0.1594644138040966,
    "accuracy": 0.328125,
    "f1_score": 0.09878183831672203,
    "precision": 0.2,
    "recall": 0.065625,
    "sigui": 0.22120355789059892,
    "sse": 11.99623795126823,
    "sc": 0.3834138134018159,
    "ch": 58.02007055210237,
    "db": 0.6836833346251203,
    "bic": -229.6003560322084,
    "xb": 16.18361479416559
}