{
    "dataset": "blobs-P2-K16-N64-dt0.80-S7",
    "algorithm": "kmeans",
    "k": 32,
    "n": 64,
    "d": 2,
    "k_true": 16,
    "rand_score": 0.9618055555555556,
    "adjusted_rand_score": 0.44413887933997936,
    "accuracy": 0.609375,
    "f1_score": 0.3569940476190476,
    "precision": 0.453125,
    "recall": 0.3046875,
    "sigui": 0.045100476463093564,
    "sse": 0.6518163234806947,
    "sc": 0.37032400346044086,
    "ch": 201.6767375502245,
    "db": 0.40742700365508167,
    "bic": -270.01576065090904,
    "xb": 63.482695106380575
}