{
    "dataset": "blobs-P5-K16-N128-dt0.60-S5",
    "algorithm": "kmeans",
    "k": 3,
    "n": 128,
    "d": 5,
    "k_true": 16,
    "rand_score": 0.6701525590551181,
    "adjusted_rand_score": 0.12011814899901542,
    "accuracy": 0.1875,
    "f1_score": 0.06274856757667678,
    "precision": 0.038107435597189696,
    "recall": 0.1875,
    "sigui": 0.4950993969134334,
    "sse": 444.2252817113267,
    "sc": 0.19003986510472348,
    "ch": 27.54440234897172,
    "db": 1.6671017070944671,
    "bic": -969.9904267342899,
    "xb": 94.21928320224188
}