{
    "dataset": "blobs-P2-K8-N128-dt0.50-S4",
    "algorithm": "kmeans",
    "k": 4,
    "n": 128,
    "d": 2,
    "k_true": 8,
    "rand_score": 0.79810531496063,
    "adjusted_rand_score": 0.3984933977920485,
    "accuracy": 0.5,
    "f1_score": 0.3583709603244283,
    "precision": 0.29828162034044386,
    "recall": 0.5,
    "sigui": 0.26708353997115886,
    "sse": 45.55278866321608,
    "sc": 0.5108567931556055,
    "ch": 190.95394575212407,
    "db": 0.6170666281639259,
    "bic": -338.4848174046712,
    "xb": 17.758128730858633
}