{
    "dataset": "blobs-P10-K16-N1024-dt1.00-S9",
    "algorithm": "kmeans",
    "k": 50,
    "n": 1024,
    "d": 10,
    "k_true": 16,
    "rand_score": 0.9225012218963832,
    "adjusted_rand_score": 0.026231218266219675,
    "accuracy": 0.1064453125,
    "f1_score": 0.05057164102581902,
    "precision": 0.10464852203433458,
    "recall": 0.0340625,
    "sigui": 0.44719162747825064,
    "sse": 4817.8584031726805,
    "sc": 0.07602832650235489,
    "ch": 22.37070648648315,
    "db": 1.8733372553719738,
    "bic": -16549.93932988623,
    "xb": 1260.8358460699021
}