{
    "dataset": "blobs-P5-K32-N1024-dt0.70-S6",
    "algorithm": "kmeans",
    "k": 32,
    "n": 1024,
    "d": 5,
    "k_true": 32,
    "rand_score": 0.9787752779814272,
    "adjusted_rand_score": 0.6490339035424653,
    "accuracy": 0.7734375,
    "f1_score": 0.7657090241678615,
    "precision": 0.7695863788536947,
    "recall": 0.7734375,
    "sigui": 0.2667365830743138,
    "sse": 725.3348906977891,
    "sc": 0.2563297406934525,
    "ch": 193.8818679498266,
    "db": 1.2926818641775268,
    "bic": -6444.920127082421,
    "xb": 857.0109535120909
}