{
    "dataset": "blobs-P10-K8-N1024-dt0.90-S8",
    "algorithm": "kmeans",
    "k": 20,
    "n": 1024,
    "d": 10,
    "k_true": 8,
    "rand_score": 0.84846766556696,
    "adjusted_rand_score": 0.06554416706728043,
    "accuracy": 0.189453125,
    "f1_score": 0.10625366761054902,
    "precision": 0.18343896023304607,
    "recall": 0.07578125,
    "sigui": 0.4878716741575846,
    "sse": 6042.367873914275,
    "sc": 0.07477992268106694,
    "ch": 36.70940321595226,
    "db": 2.0874580881476956,
    "bic": -15645.064664054731,
    "xb": 1369.2949674155152
}