{
    "dataset": "blobs-P10-K4-N128-dt0.40-S3",
    "algorithm": "kmeans",
    "k": 25,
    "n": 128,
    "d": 10,
    "k_true": 4,
    "rand_score": 0.76685531496063,
    "adjusted_rand_score": 0.12869778033618984,
    "accuracy": 0.234375,
    "f1_score": 0.06005098441555438,
    "precision": 0.16,
    "recall": 0.0375,
    "sigui": 0.3849600344840681,
    "sse": 460.5605257562535,
    "sc": 0.08411091774711657,
    "ch": 7.635828257726004,
    "db": 1.45921206365896,
    "bic": -2234.140056158301,
    "xb": 122.70223367849526
}