{
    "dataset": "blobs-P2-K2-N128-dt0.60-S5",
    "algorithm": "kmeans",
    "k": 2,
    "n": 128,
    "d": 2,
    "k_true": 2,
    "rand_score": 0.7130905511811023,
    "adjusted_rand_score": 0.42614997093586515,
    "accuracy": 0.828125,
    "f1_score": 0.828083028083028,
    "precision": 0.8284457478005866,
    "recall": 0.828125,
    "sigui": 0.4394318603201495,
    "sse": 170.53672164053083,
    "sc": 0.32052759245957213,
    "ch": 63.14401361597322,
    "db": 1.2330169986914905,
    "bic": -414.4834441905676,
    "xb": 54.5829195149967
}