{
    "dataset": "blobs-P5-K2-N128-dt0.10-S0",
    "algorithm": "kmeans",
    "k": 10,
    "n": 128,
    "d": 5,
    "k_true": 2,
    "rand_score": 0.6172490157480315,
    "adjusted_rand_score": 0.2298078891195649,
    "accuracy": 0.3046875,
    "f1_score": 0.09331420373027259,
    "precision": 0.2,
    "recall": 0.0609375,
    "sigui": 0.2669759513236308,
    "sse": 95.42609563514135,
    "sc": 0.26633209625158216,
    "ch": 74.82197527643493,
    "db": 1.0455722093698951,
    "bic": -725.3605701653298,
    "xb": 55.80512204788564
}