{
    "dataset": "blobs-P2-K8-N128-dt0.30-S2",
    "algorithm": "kmeans",
    "k": 4,
    "n": 128,
    "d": 2,
    "k_true": 8,
    "rand_score": 0.6850393700787402,
    "adjusted_rand_score": 0.2983425414364641,
    "accuracy": 0.5,
    "f1_score": 0.41666666666666663,
    "precision": 0.4,
    "recall": 0.5,
    "sigui": 0.22659687526411731,
    "sse": 61.95785709663548,
    "sc": 0.5740426062644304,
    "ch": 129.44941851087037,
    "db": 0.4447722104809242,
    "bic": -348.2412179141289,
    "xb": 27.84453796075729
}