{
    "dataset": "blobs-P5-K16-N128-dt0.90-S8",
    "algorithm": "kmeans",
    "k": 4,
    "n": 128,
    "d": 5,
    "k_true": 16,
    "rand_score": 0.781619094488189,
    "adjusted_rand_score": 0.20474068743142795,
    "accuracy": 0.25,
    "f1_score": 0.10064102564102564,
    "precision": 0.06312468862872089,
    "recall": 0.25,
    "sigui": 0.47450647611374563,
    "sse": 359.9368346147148,
    "sc": 0.22084378446040015,
    "ch": 32.161043427660374,
    "db": 1.4303027942933664,
    "bic": -959.1289620744111,
    "xb": 68.3176579564812
}