{
    "dataset": "blobs-P5-K4-N128-dt1.00-S9",
    "algorithm": "kmeans",
    "k": 25,
    "n": 128,
    "d": 5,
    "k_true": 4,
    "rand_score": 0.7460629921259843,
    "adjusted_rand_score": 0.04129208757287377,
    "accuracy": 0.15625,
    "f1_score": 0.04115298641614431,
    "precision": 0.12133333333333333,
    "recall": 0.025,
    "sigui": 0.3118907947244871,
    "sse": 150.73934178743485,
    "sc": 0.1535404728881654,
    "ch": 13.929632657698706,
    "db": 1.1673853145136497,
    "bic": -1213.7410702039274,
    "xb": 106.2501939998868
}