{
    "dataset": "blobs-P2-K32-N64-dt0.60-S5",
    "algorithm": "kmeans",
    "k": 32,
    "n": 64,
    "d": 2,
    "k_true": 32,
    "rand_score": 0.9970238095238095,
    "adjusted_rand_score": 0.9075794621026895,
    "accuracy": 0.96875,
    "f1_score": 0.9666666666666667,
    "precision": 0.9791666666666666,
    "recall": 0.96875,
    "sigui": 0.032893465736750845,
    "sse": 0.21498684247003796,
    "sc": 0.6297559370885573,
    "ch": 613.558991985956,
    "db": 0.3385238353218054,
    "bic": -205.46318357347823,
    "xb": 91.00438527314738
}