{
    "dataset": "blobs-P5-K16-N1024-dt0.30-S2",
    "algorithm": "kmeans",
    "k": 3,
    "n": 1024,
    "d": 5,
    "k_true": 16,
    "rand_score": 0.6755865102639296,
    "adjusted_rand_score": 0.1689142984609084,
    "accuracy": 0.1875,
    "f1_score": 0.06679095583478054,
    "precision": 0.0422772164714147,
    "recall": 0.1875,
    "sigui": 0.49122663776603265,
    "sse": 3365.837481593558,
    "sc": 0.2044112926117053,
    "ch": 266.0556163343079,
    "db": 1.4762740487727726,
    "bic": -7305.461263096686,
    "xb": 767.4668135928692
}