{
    "dataset": "blobs-P2-K16-N64-dt0.10-S0",
    "algorithm": "kmeans",
    "k": 50,
    "n": 64,
    "d": 2,
    "k_true": 16,
    "rand_score": 0.9603174603174603,
    "adjusted_rand_score": 0.27586206896551724,
    "accuracy": 0.453125,
    "f1_score": 0.19428571428571428,
    "precision": 0.32,
    "recall": 0.145,
    "sigui": 0.001551866796866629,
    "sse": 0.0013538080435094525,
    "sc": 0.26354238130189,
    "ch": 27013.461727061353,
    "db": 0.10521002714108736,
    "bic": -53.28380623628891,
    "xb": 204.2739432709947
}