{
    "dataset": "blobs-P5-K4-N128-dt0.40-S3",
    "algorithm": "kmeans",
    "k": 8,
    "n": 128,
    "d": 5,
    "k_true": 4,
    "rand_score": 0.797736220472441,
    "adjusted_rand_score": 0.36018974773847173,
    "accuracy": 0.4921875,
    "f1_score": 0.2985294117647059,
    "precision": 0.4111842105263158,
    "recall": 0.24609375,
    "sigui": 0.4031245350138364,
    "sse": 233.62569414424024,
    "sc": 0.17868631151495518,
    "ch": 29.818709356137727,
    "db": 1.4910040019572932,
    "bic": -957.6049782153032,
    "xb": 105.00662402745027
}