{
    "dataset": "blobs-P10-K8-N64-dt0.80-S7",
    "algorithm": "kmeans",
    "k": 3,
    "n": 64,
    "d": 10,
    "k_true": 8,
    "rand_score": 0.4583333333333333,
    "adjusted_rand_score": 0.011267605633802818,
    "accuracy": 0.21875,
    "f1_score": 0.12415824915824915,
    "precision": 0.11995341614906832,
    "recall": 0.21875,
    "sigui": 0.5425483875811308,
    "sse": 543.1314685410297,
    "sc": 0.08120082647470594,
    "ch": 5.439733067640148,
    "db": 2.1382444649302617,
    "bic": -972.146848728102,
    "xb": 88.5067532032502
}