{
    "dataset": "blobs-P10-K2-N1024-dt0.10-S0",
    "algorithm": "kmeans",
    "k": 16,
    "n": 1024,
    "d": 10,
    "k_true": 2,
    "rand_score": 0.564861696603128,
    "adjusted_rand_score": 0.12898157659493178,
    "accuracy": 0.16015625,
    "f1_score": 0.03447269057634959,
    "precision": 0.125,
    "recall": 0.02001953125,
    "sigui": 0.44997948953117245,
    "sse": 4785.88610164442,
    "sc": 0.09770591692383804,
    "ch": 76.58277823276248,
    "db": 1.8738466551364135,
    "bic": -14060.955565437302,
    "xb": 1066.7747816048093
}