{
    "dataset": "blobs-P5-K8-N64-dt0.60-S5",
    "algorithm": "kmeans",
    "k": 25,
    "n": 64,
    "d": 5,
    "k_true": 8,
    "rand_score": 0.8888888888888888,
    "adjusted_rand_score": 0.20441988950276244,
    "accuracy": 0.375,
    "f1_score": 0.16304895104895106,
    "precision": 0.27399999999999997,
    "recall": 0.12,
    "sigui": 0.2249620657177639,
    "sse": 40.60142028894076,
    "sc": 0.2034625759602881,
    "ch": 11.182433737524704,
    "db": 0.792168869682452,
    "bic": -649.0241530695394,
    "xb": 27.149038256933473
}