{
    "dataset": "blobs-P2-K2-N128-dt0.50-S4",
    "algorithm": "kmeans",
    "k": 25,
    "n": 128,
    "d": 2,
    "k_true": 2,
    "rand_score": 0.5203001968503937,
    "adjusted_rand_score": 0.03366359433514889,
    "accuracy": 0.1171875,
    "f1_score": 0.01656012176560122,
    "precision": 0.07111111111111111,
    "recall": 0.009375,
    "sigui": 0.12625070510554637,
    "sse": 9.27797216473018,
    "sc": 0.39882186111321716,
    "ch": 114.12501395705858,
    "db": 0.654629431520537,
    "bic": -516.2988425519777,
    "xb": 49.589428718654304
}