{
    "dataset": "blobs-P10-K8-N64-dt0.70-S6",
    "algorithm": "kmeans",
    "k": 16,
    "n": 64,
    "d": 10,
    "k_true": 8,
    "rand_score": 0.839781746031746,
    "adjusted_rand_score": 0.049689440993788817,
    "accuracy": 0.3125,
    "f1_score": 0.18493721352177236,
    "precision": 0.26723710317460314,
    "recall": 0.15625,
    "sigui": 0.4206328082697338,
    "sse": 268.28734220289704,
    "sc": 0.07053015431175307,
    "ch": 4.433606502580222,
    "db": 1.4462784424269246,
    "bic": -1172.949613876061,
    "xb": 60.42324644575103
}