{
    "dataset": "blobs-P10-K4-N64-dt0.50-S4",
    "algorithm": "kmeans",
    "k": 25,
    "n": 64,
    "d": 10,
    "k_true": 4,
    "rand_score": 0.7619047619047619,
    "adjusted_rand_score": 0.08213440174831542,
    "accuracy": 0.234375,
    "f1_score": 0.05635828702190258,
    "precision": 0.12228571428571428,
    "recall": 0.0375,
    "sigui": 0.3343828964322628,
    "sse": 182.6171763662897,
    "sc": 0.0541596588218769,
    "ch": 4.069973609240291,
    "db": 1.1193879170794168,
    "bic": -1306.593392784,
    "xb": 41.98611692206131
}