{
    "dataset": "blobs-P2-K16-N128-dt0.70-S6",
    "algorithm": "kmeans",
    "k": 4,
    "n": 128,
    "d": 2,
    "k_true": 16,
    "rand_score": 0.8003198818897638,
    "adjusted_rand_score": 0.28760925840801554,
    "accuracy": 0.25,
    "f1_score": 0.10248164175190139,
    "precision": 0.06501564558629776,
    "recall": 0.25,
    "sigui": 0.271438767869945,
    "sse": 39.57835403872029,
    "sc": 0.5527557711068072,
    "ch": 226.01819227537203,
    "db": 0.6956532091373286,
    "bic": -328.56173807198604,
    "xb": 21.866532715688358
}