{
    "dataset": "blobs-P5-K4-N128-dt0.70-S6",
    "algorithm": "kmeans",
    "k": 25,
    "n": 128,
    "d": 5,
    "k_true": 4,
    "rand_score": 0.7539370078740157,
    "adjusted_rand_score": 0.07322270385451786,
    "accuracy": 0.1796875,
    "f1_score": 0.045908545962401535,
    "precision": 0.11878787878787879,
    "recall": 0.02875,
    "sigui": 0.3162718123440014,
    "sse": 139.02852870631466,
    "sc": 0.14759824072379685,
    "ch": 15.464470381066567,
    "db": 1.1505382668435238,
    "bic": -1186.985516023592,
    "xb": 134.9821614786503
}