{
    "dataset": "blobs-P10-K8-N128-dt0.80-S7",
    "algorithm": "kmeans",
    "k": 4,
    "n": 128,
    "d": 10,
    "k_true": 8,
    "rand_score": 0.7114911417322834,
    "adjusted_rand_score": 0.08457284779407923,
    "accuracy": 0.3203125,
    "f1_score": 0.21785370109654775,
    "precision": 0.16899340381313815,
    "recall": 0.3203125,
    "sigui": 0.538686176350646,
    "sse": 1017.5428617118947,
    "sc": 0.0766035160254587,
    "ch": 10.661200417959959,
    "db": 2.4758798690161963,
    "bic": -1950.2377104661798,
    "xb": 226.76012610087238
}