{
    "dataset": "blobs-P2-K2-N64-dt1.00-S9",
    "algorithm": "kmeans",
    "k": 3,
    "n": 64,
    "d": 2,
    "k_true": 2,
    "rand_score": 0.6294642857142857,
    "adjusted_rand_score": 0.25476254572518964,
    "accuracy": 0.5625,
    "f1_score": 0.45670053217223033,
    "precision": 0.5841269841269842,
    "recall": 0.375,
    "sigui": 0.3509433143671688,
    "sse": 45.003718196123494,
    "sc": 0.40917189129726317,
    "ch": 56.24838783290313,
    "db": 0.7883303763997507,
    "bic": -203.71598019576209,
    "xb": 12.751839712122605
}