{
    "dataset": "blobs-P10-K16-N64-dt0.40-S3",
    "algorithm": "kmeans",
    "k": 20,
    "n": 64,
    "d": 10,
    "k_true": 16,
    "rand_score": 0.9330357142857143,
    "adjusted_rand_score": 0.3190007206341581,
    "accuracy": 0.578125,
    "f1_score": 0.4779365079365078,
    "precision": 0.5633333333333332,
    "recall": 0.4625,
    "sigui": 0.35980010299132564,
    "sse": 195.1160003750999,
    "sc": 0.10906577426632419,
    "ch": 5.28023166404221,
    "db": 1.1628555215838974,
    "bic": -1185.4685816128203,
    "xb": 42.33716021784874
}