{
    "dataset": "blobs-P2-K4-N128-dt0.20-S1",
    "algorithm": "kmeans",
    "k": 32,
    "n": 128,
    "d": 2,
    "k_true": 4,
    "rand_score": 0.7869094488188977,
    "adjusted_rand_score": 0.18030318839715592,
    "accuracy": 0.21875,
    "f1_score": 0.04460135557696533,
    "precision": 0.125,
    "recall": 0.02734375,
    "sigui": 0.04242135282601081,
    "sse": 0.9940323598704873,
    "sc": 0.39569721619249437,
    "ch": 794.4368127931746,
    "db": 0.6370713957522752,
    "bic": -318.22128078592516,
    "xb": 94.22903319447437
}