{
    "dataset": "blobs-P10-K32-N1024-dt0.60-S5",
    "algorithm": "kmeans",
    "k": 8,
    "n": 1024,
    "d": 10,
    "k_true": 32,
    "rand_score": 0.8643504093352884,
    "adjusted_rand_score": 0.08643711839905864,
    "accuracy": 0.171875,
    "f1_score": 0.0681659485461473,
    "precision": 0.042627387737595994,
    "recall": 0.171875,
    "sigui": 0.5203915489278137,
    "sse": 7113.690329135739,
    "sc": 0.08206279155319902,
    "ch": 63.78707772590271,
    "db": 2.144551973229842,
    "bic": -15092.427212158158,
    "xb": 1277.8531269716436
}