{
    "dataset": "blobs-P10-K4-N64-dt0.90-S8",
    "algorithm": "kmeans",
    "k": 16,
    "n": 64,
    "d": 10,
    "k_true": 4,
    "rand_score": 0.7247023809523809,
    "adjusted_rand_score": 0.005461216827374349,
    "accuracy": 0.203125,
    "f1_score": 0.06965488215488215,
    "precision": 0.11647727272727273,
    "recall": 0.05078125,
    "sigui": 0.4089747400310785,
    "sse": 263.6855198154918,
    "sc": 0.09635327173819963,
    "ch": 4.566827702306305,
    "db": 1.2673714556312146,
    "bic": -1167.0651172516605,
    "xb": 47.16425732595039
}