{
    "dataset": "blobs-P5-K8-N128-dt0.30-S2",
    "algorithm": "kmeans",
    "k": 2,
    "n": 128,
    "d": 5,
    "k_true": 8,
    "rand_score": 0.6220472440944882,
    "adjusted_rand_score": 0.23952095808383234,
    "accuracy": 0.25,
    "f1_score": 0.1,
    "precision": 0.0625,
    "recall": 0.25,
    "sigui": 0.5165477831487407,
    "sse": 452.4211837962126,
    "sc": 0.2979328751724448,
    "ch": 52.240990670152314,
    "db": 1.5049960405937792,
    "bic": -915.0016816669861,
    "xb": 72.03626080133262
}