{
    "dataset": "blobs-P10-K4-N1024-dt0.80-S7",
    "algorithm": "kmeans",
    "k": 3,
    "n": 1024,
    "d": 10,
    "k_true": 4,
    "rand_score": 0.6819728280791789,
    "adjusted_rand_score": 0.23920620711123072,
    "accuracy": 0.533203125,
    "f1_score": 0.45878311613568784,
    "precision": 0.40477701688143175,
    "recall": 0.533203125,
    "sigui": 0.5495837582253469,
    "sse": 8539.647171075254,
    "sc": 0.09002725219525894,
    "ch": 101.64849616860978,
    "db": 2.614163792918355,
    "bic": -14833.580693873115,
    "xb": 1801.1895063956392
}