{
    "dataset": "blobs-P5-K16-N1024-dt0.50-S4",
    "algorithm": "kmeans",
    "k": 8,
    "n": 1024,
    "d": 5,
    "k_true": 16,
    "rand_score": 0.9009271138807429,
    "adjusted_rand_score": 0.474901671508682,
    "accuracy": 0.4873046875,
    "f1_score": 0.35186336822808006,
    "precision": 0.29725810860981094,
    "recall": 0.4873046875,
    "sigui": 0.37058366365125306,
    "sse": 1501.9874364329505,
    "sc": 0.30920830869417115,
    "ch": 349.62255203811526,
    "db": 1.1060598032788984,
    "bic": -6332.015190814458,
    "xb": 483.08812891835885
}