{
    "dataset": "blobs-P5-K16-N64-dt1.00-S9",
    "algorithm": "kmeans",
    "k": 50,
    "n": 64,
    "d": 5,
    "k_true": 16,
    "rand_score": 0.9474206349206349,
    "adjusted_rand_score": 0.05597964376590331,
    "accuracy": 0.3125,
    "f1_score": 0.1400952380952381,
    "precision": 0.2733333333333333,
    "recall": 0.1,
    "sigui": 0.07360091191637372,
    "sse": 7.28880721684099,
    "sc": 0.09175211744606299,
    "ch": 12.257980273434319,
    "db": 0.4053164555706802,
    "bic": -835.7987943431208,
    "xb": 16.16694484892264
}