{
    "dataset": "blobs-P10-K2-N128-dt0.80-S7",
    "algorithm": "kmeans",
    "k": 25,
    "n": 128,
    "d": 10,
    "k_true": 2,
    "rand_score": 0.5216535433070866,
    "adjusted_rand_score": 0.0363992599935991,
    "accuracy": 0.1328125,
    "f1_score": 0.018590476190476192,
    "precision": 0.08,
    "recall": 0.010625,
    "sigui": 0.4221307365806876,
    "sse": 548.2378573345611,
    "sc": 0.07831462664325042,
    "ch": 5.7283150982573785,
    "db": 1.5088617766463384,
    "bic": -2346.5285937409935,
    "xb": 140.262446162598
}