{
    "dataset": "blobs-P10-K32-N64-dt0.50-S4",
    "algorithm": "kmeans",
    "k": 2,
    "n": 64,
    "d": 10,
    "k_true": 32,
    "rand_score": 0.5143849206349206,
    "adjusted_rand_score": 0.02219509488403063,
    "accuracy": 0.0625,
    "f1_score": 0.0074106364428945075,
    "precision": 0.003940886699507389,
    "recall": 0.0625,
    "sigui": 0.554984591424089,
    "sse": 566.3673999987811,
    "sc": 0.10007885645714212,
    "ch": 8.060529613966834,
    "db": 2.6752527122791734,
    "bic": -958.9956532603029,
    "xb": 111.03005888869347
}