{
    "dataset": "blobs-P10-K4-N1024-dt0.20-S1",
    "algorithm": "kmeans",
    "k": 8,
    "n": 1024,
    "d": 10,
    "k_true": 4,
    "rand_score": 0.8734019886363636,
    "adjusted_rand_score": 0.5943503293125139,
    "accuracy": 0.541015625,
    "f1_score": 0.35090109777103634,
    "precision": 0.5,
    "recall": 0.2705078125,
    "sigui": 0.39402355313327025,
    "sse": 3321.4342188829223,
    "sc": 0.09273646404606405,
    "ch": 302.3333712566691,
    "db": 2.867392332055956,
    "bic": -11195.168825196426,
    "xb": 2131.313539478317
}