{
    "dataset": "blobs-P2-K32-N128-dt0.40-S3",
    "algorithm": "kmeans",
    "k": 8,
    "n": 128,
    "d": 2,
    "k_true": 32,
    "rand_score": 0.8858267716535433,
    "adjusted_rand_score": 0.26295777466479886,
    "accuracy": 0.25,
    "f1_score": 0.10944940476190476,
    "precision": 0.07217261904761904,
    "recall": 0.25,
    "sigui": 0.22907247290736243,
    "sse": 29.024227520100915,
    "sc": 0.42044625021447724,
    "ch": 134.0608717257956,
    "db": 0.7489036640308504,
    "bic": -399.74144706634314,
    "xb": 37.585117140872796
}