{
    "dataset": "blobs-P2-K32-N1024-dt0.40-S3",
    "algorithm": "kmeans",
    "k": 10,
    "n": 1024,
    "d": 2,
    "k_true": 32,
    "rand_score": 0.9155860520527859,
    "adjusted_rand_score": 0.38672352788376907,
    "accuracy": 0.3125,
    "f1_score": 0.16977234097682753,
    "precision": 0.13123960164515502,
    "recall": 0.3125,
    "sigui": 0.1504542951595607,
    "sse": 86.1208497191814,
    "sc": 0.5617276696864142,
    "ch": 2566.6070990442317,
    "db": 0.599596825786405,
    "bic": -2030.6169608835585,
    "xb": 145.8717651934049
}