{
    "dataset": "blobs-P2-K4-N64-dt0.50-S4",
    "algorithm": "kmeans",
    "k": 10,
    "n": 64,
    "d": 2,
    "k_true": 4,
    "rand_score": 0.7762896825396826,
    "adjusted_rand_score": 0.2416526543358155,
    "accuracy": 0.40625,
    "f1_score": 0.22592226613965746,
    "precision": 0.3732142857142857,
    "recall": 0.1625,
    "sigui": 0.18678751693178,
    "sse": 10.959906085180219,
    "sc": 0.3688778750113628,
    "ch": 64.07359315226935,
    "db": 0.7783153349352483,
    "bic": -228.37004927463641,
    "xb": 21.08769275603207
}