{
    "dataset": "blobs-P10-K32-N128-dt0.70-S6",
    "algorithm": "kmeans",
    "k": 8,
    "n": 128,
    "d": 10,
    "k_true": 32,
    "rand_score": 0.8607283464566929,
    "adjusted_rand_score": 0.035231588978216814,
    "accuracy": 0.15625,
    "f1_score": 0.06440434565434566,
    "precision": 0.041340598739495804,
    "recall": 0.15625,
    "sigui": 0.5025324895337804,
    "sse": 833.6807182613096,
    "sc": 0.08353967499421139,
    "ch": 9.177599432677276,
    "db": 2.1093773072860955,
    "bic": -2018.1006991192844,
    "xb": 184.35934176028772
}