{
    "dataset": "blobs-P10-K4-N1024-dt0.40-S3",
    "algorithm": "kmeans",
    "k": 16,
    "n": 1024,
    "d": 10,
    "k_true": 4,
    "rand_score": 0.7728475531524927,
    "adjusted_rand_score": 0.19462501672688545,
    "accuracy": 0.26953125,
    "f1_score": 0.10223441743160289,
    "precision": 0.22232529375386517,
    "recall": 0.0673828125,
    "sigui": 0.48352371757296586,
    "sse": 5834.9269972436605,
    "sc": 0.07610875152626911,
    "ch": 50.732580874630024,
    "db": 2.2543542655520685,
    "bic": -15070.56247228143,
    "xb": 1663.4934047182526
}