{
    "dataset": "blobs-P5-K32-N128-dt0.90-S8",
    "algorithm": "kmeans",
    "k": 25,
    "n": 128,
    "d": 5,
    "k_true": 32,
    "rand_score": 0.9516486220472441,
    "adjusted_rand_score": 0.2165785053917029,
    "accuracy": 0.4375,
    "f1_score": 0.371717692030192,
    "precision": 0.35427038239538233,
    "recall": 0.4375,
    "sigui": 0.302054099435096,
    "sse": 120.60415232970664,
    "sc": 0.18498433427467953,
    "ch": 18.48256302285391,
    "db": 1.09111571239636,
    "bic": -1144.33628729914,
    "xb": 86.54540382101192
}