{
    "dataset": "blobs-P10-K32-N64-dt0.10-S0",
    "algorithm": "kmeans",
    "k": 4,
    "n": 64,
    "d": 10,
    "k_true": 32,
    "rand_score": 0.7584325396825397,
    "adjusted_rand_score": 0.08559592286829791,
    "accuracy": 0.125,
    "f1_score": 0.029556888544891642,
    "precision": 0.01693404634581105,
    "recall": 0.125,
    "sigui": 0.5330077121651671,
    "sse": 477.2952554066543,
    "sc": 0.1056843995080958,
    "ch": 6.81778177135751,
    "db": 2.1568598174202407,
    "bic": -992.7562426943223,
    "xb": 84.11098271865339
}