{
    "dataset": "blobs-P10-K4-N64-dt0.60-S5",
    "algorithm": "kmeans",
    "k": 10,
    "n": 64,
    "d": 10,
    "k_true": 4,
    "rand_score": 0.7316468253968254,
    "adjusted_rand_score": 0.12721825305369902,
    "accuracy": 0.359375,
    "f1_score": 0.17490683229813664,
    "precision": 0.25142857142857145,
    "recall": 0.14375,
    "sigui": 0.4507974043912217,
    "sse": 349.88868585260064,
    "sc": 0.08065755445049876,
    "ch": 4.974919039301822,
    "db": 1.571076942966899,
    "bic": -1081.1432281729064,
    "xb": 59.6933365796622
}