{
    "dataset": "blobs-P2-K4-N1024-dt0.10-S0",
    "algorithm": "kmeans",
    "k": 2,
    "n": 1024,
    "d": 2,
    "k_true": 4,
    "rand_score": 0.7497556207233627,
    "adjusted_rand_score": 0.49926578560939794,
    "accuracy": 0.5,
    "f1_score": 0.3333333333333333,
    "precision": 0.25,
    "recall": 0.5,
    "sigui": 0.4361135648661166,
    "sse": 969.9909500528664,
    "sc": 0.5577944972048847,
    "ch": 1135.8098227472376,
    "db": 0.8970935149864987,
    "bic": -2871.2969815681668,
    "xb": 206.79421292436695
}