{
    "dataset": "blobs-P5-K4-N64-dt1.00-S9",
    "algorithm": "kmeans",
    "k": 20,
    "n": 64,
    "d": 5,
    "k_true": 4,
    "rand_score": 0.7440476190476191,
    "adjusted_rand_score": 0.04579077139837971,
    "accuracy": 0.234375,
    "f1_score": 0.066600790513834,
    "precision": 0.11547619047619047,
    "recall": 0.046875,
    "sigui": 0.2860530496368027,
    "sse": 66.69820777076376,
    "sc": 0.1561340476237702,
    "ch": 8.794743422880023,
    "db": 0.9224419499336356,
    "bic": -640.1520082347357,
    "xb": 36.294953035466385
}