{
    "dataset": "blobs-P2-K4-N64-dt0.10-S0",
    "algorithm": "kmeans",
    "k": 10,
    "n": 64,
    "d": 2,
    "k_true": 4,
    "rand_score": 0.8695436507936508,
    "adjusted_rand_score": 0.5569904548006738,
    "accuracy": 0.5625,
    "f1_score": 0.2802275629861837,
    "precision": 0.4,
    "recall": 0.225,
    "sigui": 0.042139361889170515,
    "sse": 0.5314836861354675,
    "sc": 0.42045297890375233,
    "ch": 1439.0114275083283,
    "db": 0.7651506356533212,
    "bic": -35.11075656539715,
    "xb": 41.00864090403078
}