{
    "dataset": "blobs-P10-K32-N128-dt0.80-S7",
    "algorithm": "kmeans",
    "k": 25,
    "n": 128,
    "d": 10,
    "k_true": 32,
    "rand_score": 0.9416830708661418,
    "adjusted_rand_score": 0.10443631170222262,
    "accuracy": 0.359375,
    "f1_score": 0.3175860597735597,
    "precision": 0.33742559523809523,
    "recall": 0.359375,
    "sigui": 0.4134501867398003,
    "sse": 524.9185768740165,
    "sc": 0.07179870167814228,
    "ch": 6.173448448990148,
    "db": 1.5406640628917132,
    "bic": -2320.9697961198817,
    "xb": 146.3817249214382
}