{
    "dataset": "blobs-P10-K8-N1024-dt0.50-S4",
    "algorithm": "kmeans",
    "k": 3,
    "n": 1024,
    "d": 10,
    "k_true": 8,
    "rand_score": 0.6914654356060606,
    "adjusted_rand_score": 0.19227204346037166,
    "accuracy": 0.3408203125,
    "f1_score": 0.18937771202346118,
    "precision": 0.13233580138385204,
    "recall": 0.3408203125,
    "sigui": 0.5462511145642444,
    "sse": 8315.737830698234,
    "sc": 0.1061907421304,
    "ch": 118.12972672156378,
    "db": 2.3805877929911916,
    "bic": -14687.6198948485,
    "xb": 1478.1766277866004
}