{
    "dataset": "blobs-P10-K4-N128-dt0.50-S4",
    "algorithm": "kmeans",
    "k": 50,
    "n": 128,
    "d": 10,
    "k_true": 4,
    "rand_score": 0.7550442913385826,
    "adjusted_rand_score": 0.04265436936578791,
    "accuracy": 0.1640625,
    "f1_score": 0.022037422037422035,
    "precision": 0.07028571428571428,
    "recall": 0.013125,
    "sigui": 0.2948580956685872,
    "sse": 291.29394433427814,
    "sc": 0.07331880366364017,
    "ch": 5.402991204708617,
    "db": 1.0136716218655293,
    "bic": -2740.269321269535,
    "xb": 82.93007339466716
}