{
    "dataset": "blobs-P2-K8-N64-dt0.60-S5",
    "algorithm": "kmeans",
    "k": 32,
    "n": 64,
    "d": 2,
    "k_true": 8,
    "rand_score": 0.8928571428571429,
    "adjusted_rand_score": 0.16852010265183917,
    "accuracy": 0.296875,
    "f1_score": 0.1087194055944056,
    "precision": 0.22552083333333334,
    "recall": 0.07421875,
    "sigui": 0.02864736412209351,
    "sse": 0.228938407251608,
    "sc": 0.4257161621029695,
    "ch": 576.1056448512318,
    "db": 0.39687639271790454,
    "bic": -204.02920786138617,
    "xb": 101.90976433992499
}