{
    "dataset": "blobs-P10-K4-N128-dt0.40-S3",
    "algorithm": "kmeans",
    "k": 20,
    "n": 128,
    "d": 10,
    "k_true": 4,
    "rand_score": 0.7669783464566929,
    "adjusted_rand_score": 0.15750872129677626,
    "accuracy": 0.28125,
    "f1_score": 0.08205473771511507,
    "precision": 0.1688095238095238,
    "recall": 0.05625,
    "sigui": 0.4097090016339355,
    "sse": 516.9297081656543,
    "sc": 0.08439994091684401,
    "ch": 8.390796885238556,
    "db": 1.6904846889519844,
    "bic": -2140.2970098747446,
    "xb": 162.3232877058825
}