{
    "dataset": "blobs-P2-K16-N1024-dt0.70-S6",
    "algorithm": "kmeans",
    "k": 32,
    "n": 1024,
    "d": 2,
    "k_true": 16,
    "rand_score": 0.9598454301075269,
    "adjusted_rand_score": 0.5622209368391573,
    "accuracy": 0.55859375,
    "f1_score": 0.34411219202924476,
    "precision": 0.4587474778899304,
    "recall": 0.279296875,
    "sigui": 0.08364689409821724,
    "sse": 27.187698177550356,
    "sc": 0.37086106958237386,
    "ch": 2378.5019693838935,
    "db": 0.8970994982917571,
    "bic": -2294.236943756731,
    "xb": 408.91851531523145
}