{
    "dataset": "blobs-P5-K32-N64-dt0.80-S7",
    "algorithm": "kmeans",
    "k": 2,
    "n": 64,
    "d": 5,
    "k_true": 32,
    "rand_score": 0.47867063492063494,
    "adjusted_rand_score": 0.018615956958010344,
    "accuracy": 0.0625,
    "f1_score": 0.007906976744186046,
    "precision": 0.004241781548250265,
    "recall": 0.0625,
    "sigui": 0.5313324755139046,
    "sse": 256.73682760598325,
    "sc": 0.1744084125570008,
    "ch": 15.27757713999901,
    "db": 1.8048455526554406,
    "bic": -485.6460040642207,
    "xb": 54.454201740188786
}