{
    "dataset": "blobs-P2-K4-N128-dt0.80-S7",
    "algorithm": "kmeans",
    "k": 25,
    "n": 128,
    "d": 2,
    "k_true": 4,
    "rand_score": 0.7723917322834646,
    "adjusted_rand_score": 0.15198261735809832,
    "accuracy": 0.2734375,
    "f1_score": 0.06688826950581735,
    "precision": 0.1488888888888889,
    "recall": 0.04375,
    "sigui": 0.12137847506342195,
    "sse": 9.782907497918334,
    "sc": 0.3211199626039274,
    "ch": 108.01305122016277,
    "db": 0.7813956673360256,
    "bic": -518.9309826772902,
    "xb": 77.05925396108576
}