{
    "dataset": "blobs-P5-K4-N128-dt0.90-S8",
    "algorithm": "kmeans",
    "k": 10,
    "n": 128,
    "d": 5,
    "k_true": 4,
    "rand_score": 0.7514763779527559,
    "adjusted_rand_score": 0.1516758815904341,
    "accuracy": 0.359375,
    "f1_score": 0.2001937984496124,
    "precision": 0.3359848484848485,
    "recall": 0.14375,
    "sigui": 0.41708656489988094,
    "sse": 267.32883889148957,
    "sc": 0.13426448249103168,
    "ch": 18.277612776314722,
    "db": 1.4065852302824267,
    "bic": -1068.4488397506568,
    "xb": 101.38341074582134
}