{
    "dataset": "blobs-P2-K16-N1024-dt0.10-S0",
    "algorithm": "kmeans",
    "k": 32,
    "n": 1024,
    "d": 2,
    "k_true": 16,
    "rand_score": 0.9733225653714564,
    "adjusted_rand_score": 0.7106268568284067,
    "accuracy": 0.6181640625,
    "f1_score": 0.3731420319405199,
    "precision": 0.5,
    "recall": 0.30908203125,
    "sigui": 0.012020601839784482,
    "sse": 0.5507576015962646,
    "sc": 0.46942908381804527,
    "ch": 119242.09287316103,
    "db": 0.9281562337636475,
    "bic": 1697.8799227144289,
    "xb": 150.6552890691808
}