{
    "dataset": "blobs-P5-K2-N64-dt0.20-S1",
    "algorithm": "kmeans",
    "k": 10,
    "n": 64,
    "d": 5,
    "k_true": 2,
    "rand_score": 0.6086309523809523,
    "adjusted_rand_score": 0.20721223623981244,
    "accuracy": 0.296875,
    "f1_score": 0.09116279069767443,
    "precision": 0.2,
    "recall": 0.059375,
    "sigui": 0.34137357802445845,
    "sse": 84.88354482542586,
    "sc": 0.13696969577761037,
    "ch": 16.619225009378813,
    "db": 1.390155469603605,
    "bic": -510.3665205074859,
    "xb": 49.00750494483442
}