{
    "dataset": "blobs-P10-K16-N128-dt0.90-S8",
    "algorithm": "kmeans",
    "k": 2,
    "n": 128,
    "d": 10,
    "k_true": 16,
    "rand_score": 0.5119340551181102,
    "adjusted_rand_score": 0.018927850228516792,
    "accuracy": 0.1171875,
    "f1_score": 0.026014492753623192,
    "precision": 0.014634817714705163,
    "recall": 0.1171875,
    "sigui": 0.5635865053826833,
    "sse": 1138.0448992733973,
    "sc": 0.1003998114309878,
    "ch": 15.716728490213129,
    "db": 2.7575357594037015,
    "bic": -1883.0438618184721,
    "xb": 230.999150971079
}