{
    "dataset": "blobs-P2-K8-N64-dt0.70-S6",
    "algorithm": "kmeans",
    "k": 32,
    "n": 64,
    "d": 2,
    "k_true": 8,
    "rand_score": 0.8918650793650794,
    "adjusted_rand_score": 0.16581632653061223,
    "accuracy": 0.328125,
    "f1_score": 0.11875,
    "precision": 0.22395833333333331,
    "recall": 0.08203125,
    "sigui": 0.05169965326010954,
    "sse": 0.8718221077911884,
    "sc": 0.33248905653116906,
    "ch": 150.52277945663718,
    "db": 0.4543145903941745,
    "bic": -288.28860824037247,
    "xb": 50.56488412512606
}