{
    "dataset": "blobs-P10-K16-N64-dt0.20-S1",
    "algorithm": "kmeans",
    "k": 16,
    "n": 64,
    "d": 10,
    "k_true": 16,
    "rand_score": 0.9851190476190477,
    "adjusted_rand_score": 0.8436724565756824,
    "accuracy": 0.890625,
    "f1_score": 0.8768037518037518,
    "precision": 0.8857142857142857,
    "recall": 0.890625,
    "sigui": 0.3069129751600428,
    "sse": 120.53433154216117,
    "sc": 0.32850402918826344,
    "ch": 13.791009729735293,
    "db": 0.961257224395941,
    "bic": -926.8424653252035,
    "xb": 40.8524540829639
}