{
    "dataset": "blobs-P10-K8-N64-dt1.00-S9",
    "algorithm": "kmeans",
    "k": 2,
    "n": 64,
    "d": 10,
    "k_true": 8,
    "rand_score": 0.498015873015873,
    "adjusted_rand_score": 0.011289622231871473,
    "accuracy": 0.203125,
    "f1_score": 0.0821611253196931,
    "precision": 0.05187246963562753,
    "recall": 0.203125,
    "sigui": 0.5596638954221875,
    "sse": 573.6400780326497,
    "sc": 0.08276303770805774,
    "ch": 7.1722937771121815,
    "db": 2.7776555984863784,
    "bic": -962.228565997625,
    "xb": 120.43856064980024
}