{
    "dataset": "blobs-P2-K8-N1024-dt1.00-S9",
    "algorithm": "kmeans",
    "k": 8,
    "n": 1024,
    "d": 2,
    "k_true": 8,
    "rand_score": 0.8853383889296188,
    "adjusted_rand_score": 0.4774235360263052,
    "accuracy": 0.6494140625,
    "f1_score": 0.6473358639813948,
    "precision": 0.6510364991354631,
    "recall": 0.6494140625,
    "sigui": 0.2110833719980988,
    "sse": 186.19602012167223,
    "sc": 0.3795891711424808,
    "ch": 1451.4769618373823,
    "db": 0.9179227512788237,
    "bic": -2652.450655694265,
    "xb": 304.6601260396516
}