{
    "dataset": "blobs-P5-K16-N1024-dt0.20-S1",
    "algorithm": "kmeans",
    "k": 8,
    "n": 1024,
    "d": 5,
    "k_true": 16,
    "rand_score": 0.9217986314760508,
    "adjusted_rand_score": 0.5753424657534246,
    "accuracy": 0.5,
    "f1_score": 0.35416666666666663,
    "precision": 0.29166666666666663,
    "recall": 0.5,
    "sigui": 0.32152362429918535,
    "sse": 1108.8141307340622,
    "sc": 0.5064201145158558,
    "ch": 525.0609290223296,
    "db": 0.8454688090675564,
    "bic": -5577.321359413705,
    "xb": 312.6869377048285
}