{
    "dataset": "blobs-P10-K2-N64-dt0.50-S4",
    "algorithm": "kmeans",
    "k": 16,
    "n": 64,
    "d": 10,
    "k_true": 2,
    "rand_score": 0.5208333333333334,
    "adjusted_rand_score": 0.028851370759263396,
    "accuracy": 0.21875,
    "f1_score": 0.04246007371007371,
    "precision": 0.109375,
    "recall": 0.02734375,
    "sigui": 0.4084496709387796,
    "sse": 288.1238866698125,
    "sc": 0.06963766923957086,
    "ch": 3.9080534962621485,
    "db": 1.3005595485737311,
    "bic": -1190.6154724044068,
    "xb": 52.56767328762172
}