{
    "dataset": "blobs-P5-K8-N64-dt0.60-S5",
    "algorithm": "kmeans",
    "k": 16,
    "n": 64,
    "d": 5,
    "k_true": 8,
    "rand_score": 0.8953373015873016,
    "adjusted_rand_score": 0.3556158805564981,
    "accuracy": 0.515625,
    "f1_score": 0.29662906537906536,
    "precision": 0.37842261904761904,
    "recall": 0.2578125,
    "sigui": 0.2761749064216176,
    "sse": 68.12453758585978,
    "sc": 0.1888193092837709,
    "ch": 11.831294688927853,
    "db": 1.01418799778885,
    "bic": -581.2368799435776,
    "xb": 52.29991961269925
}