{
    "dataset": "blobs-P2-K32-N64-dt0.60-S5",
    "algorithm": "kmeans",
    "k": 25,
    "n": 64,
    "d": 2,
    "k_true": 32,
    "rand_score": 0.9831349206349206,
    "adjusted_rand_score": 0.6305622628492583,
    "accuracy": 0.765625,
    "f1_score": 0.6928571428571428,
    "precision": 0.6635416666666667,
    "recall": 0.765625,
    "sigui": 0.05097836206129117,
    "sse": 0.6487138583495503,
    "sc": 0.6608948387641167,
    "ch": 319.00943276700013,
    "db": 0.3260691108844548,
    "bic": -207.67907244204636,
    "xb": 35.79095462009567
}