{
    "dataset": "blobs-P5-K32-N64-dt0.60-S5",
    "algorithm": "kmeans",
    "k": 4,
    "n": 64,
    "d": 5,
    "k_true": 32,
    "rand_score": 0.7574404761904762,
    "adjusted_rand_score": 0.05433281149277097,
    "accuracy": 0.125,
    "f1_score": 0.028820594610068292,
    "precision": 0.016389538770053478,
    "recall": 0.125,
    "sigui": 0.47015167213173864,
    "sse": 182.99199645784435,
    "sc": 0.18233160357509287,
    "ch": 14.974207199681333,
    "db": 1.4706387584390987,
    "bic": -502.22349580829973,
    "xb": 38.721226423921344
}