{
    "dataset": "blobs-P10-K2-N1024-dt0.20-S1",
    "algorithm": "kmeans",
    "k": 3,
    "n": 1024,
    "d": 10,
    "k_true": 2,
    "rand_score": 0.8601635050097751,
    "adjusted_rand_score": 0.7202574783288801,
    "accuracy": 0.763671875,
    "f1_score": 0.5637417683541334,
    "precision": 0.662313327697943,
    "recall": 0.5091145833333334,
    "sigui": 0.5270627605586496,
    "sse": 7734.8643386084295,
    "sc": 0.13320181865774725,
    "ch": 165.33861476495892,
    "db": 2.481689091830612,
    "bic": -14274.136575417355,
    "xb": 2041.2170307672764
}