{
    "dataset": "blobs-P2-K4-N128-dt0.20-S1",
    "algorithm": "kmeans",
    "k": 8,
    "n": 128,
    "d": 2,
    "k_true": 4,
    "rand_score": 0.8740157480314961,
    "adjusted_rand_score": 0.5897125261856087,
    "accuracy": 0.5859375,
    "f1_score": 0.36747687754347025,
    "precision": 0.49404761904761907,
    "recall": 0.29296875,
    "sigui": 0.10154325847973035,
    "sse": 6.101266604269118,
    "sc": 0.39592519748557,
    "ch": 702.1457288534835,
    "db": 0.8892777364474285,
    "bic": -207.1111963523361,
    "xb": 43.25070342102546
}