{
    "dataset": "blobs-P2-K4-N128-dt0.80-S7",
    "algorithm": "kmeans",
    "k": 32,
    "n": 128,
    "d": 2,
    "k_true": 4,
    "rand_score": 0.7671013779527559,
    "adjusted_rand_score": 0.10907083007526598,
    "accuracy": 0.1953125,
    "f1_score": 0.03968253968253968,
    "precision": 0.11428571428571428,
    "recall": 0.0244140625,
    "sigui": 0.09542206693280673,
    "sse": 5.149444785058922,
    "sc": 0.35492576692322475,
    "ch": 150.85655993066942,
    "db": 0.6686330630948445,
    "bic": -525.5526919916109,
    "xb": 86.03795980334006
}