{
    "dataset": "blobs-P2-K2-N1024-dt0.50-S4",
    "algorithm": "kmeans",
    "k": 3,
    "n": 1024,
    "d": 2,
    "k_true": 2,
    "rand_score": 0.6126149346285436,
    "adjusted_rand_score": 0.2249851989258209,
    "accuracy": 0.5771484375,
    "f1_score": 0.4474624180907105,
    "precision": 0.535711152057559,
    "recall": 0.384765625,
    "sigui": 0.3833647600649656,
    "sse": 932.5070551048736,
    "sc": 0.3347346012461515,
    "ch": 610.6827315537022,
    "db": 0.957454683723907,
    "bic": -3247.4500754093447,
    "xb": 278.611167852749
}