{
    "dataset": "blobs-P5-K2-N1024-dt0.80-S7",
    "algorithm": "kmeans",
    "k": 20,
    "n": 1024,
    "d": 5,
    "k_true": 2,
    "rand_score": 0.5120070411779081,
    "adjusted_rand_score": 0.02315784142034177,
    "accuracy": 0.1015625,
    "f1_score": 0.0180574184311657,
    "precision": 0.08134310134310134,
    "recall": 0.01015625,
    "sigui": 0.39553648831227406,
    "sse": 1888.1022292479624,
    "sc": 0.1367330737967058,
    "ch": 90.4507603223724,
    "db": 1.4480057790526133,
    "bic": -8166.012264096555,
    "xb": 831.1267380620352
}