{
    "dataset": "blobs-P10-K2-N128-dt0.60-S5",
    "algorithm": "kmeans",
    "k": 50,
    "n": 128,
    "d": 10,
    "k_true": 2,
    "rand_score": 0.5057824803149606,
    "adjusted_rand_score": 0.004056715934225759,
    "accuracy": 0.078125,
    "f1_score": 0.005733222866611434,
    "precision": 0.037142857142857144,
    "recall": 0.003125,
    "sigui": 0.3049017425845936,
    "sse": 322.3871302968973,
    "sc": 0.0631279223455166,
    "ch": 4.728362891549618,
    "db": 1.0614166304085908,
    "bic": -2809.9988337188697,
    "xb": 80.29288640068737
}