{
    "dataset": "blobs-P5-K2-N64-dt0.10-S0",
    "algorithm": "kmeans",
    "k": 10,
    "n": 64,
    "d": 5,
    "k_true": 2,
    "rand_score": 0.6121031746031746,
    "adjusted_rand_score": 0.2143335565974548,
    "accuracy": 0.328125,
    "f1_score": 0.09844789356984478,
    "precision": 0.2,
    "recall": 0.065625,
    "sigui": 0.253890228007349,
    "sse": 43.69965638599339,
    "sc": 0.2434051502861983,
    "ch": 37.93627224527557,
    "db": 1.1156440955408111,
    "bic": -403.7904696638384,
    "xb": 60.57248387182222
}