{
    "dataset": "blobs-P5-K4-N64-dt1.00-S9",
    "algorithm": "kmeans",
    "k": 4,
    "n": 64,
    "d": 5,
    "k_true": 4,
    "rand_score": 0.6185515873015873,
    "adjusted_rand_score": 0.08436808981119238,
    "accuracy": 0.4375,
    "f1_score": 0.3833333333333333,
    "precision": 0.35554187192118225,
    "recall": 0.4375,
    "sigui": 0.4855846401539421,
    "sse": 217.23138064418967,
    "sc": 0.1344993645973258,
    "ch": 9.461673451695118,
    "db": 1.3928535583214456,
    "bic": -513.9713107769895,
    "xb": 52.11946849004885
}