{
    "dataset": "blobs-P5-K8-N128-dt0.50-S4",
    "algorithm": "kmeans",
    "k": 32,
    "n": 128,
    "d": 5,
    "k_true": 8,
    "rand_score": 0.8799212598425197,
    "adjusted_rand_score": 0.15980695190065614,
    "accuracy": 0.2890625,
    "f1_score": 0.10126682194616976,
    "precision": 0.17894345238095238,
    "recall": 0.072265625,
    "sigui": 0.27342310676886766,
    "sse": 100.52641528228952,
    "sc": 0.1708474063828605,
    "ch": 16.618794876585767,
    "db": 1.0685714102389312,
    "bic": -1219.7538259425887,
    "xb": 74.45468590562398
}