{
    "dataset": "blobs-P10-K2-N64-dt0.60-S5",
    "algorithm": "kmeans",
    "k": 32,
    "n": 64,
    "d": 10,
    "k_true": 2,
    "rand_score": 0.5158730158730159,
    "adjusted_rand_score": 0.017041276337244622,
    "accuracy": 0.125,
    "f1_score": 0.013701201201201201,
    "precision": 0.05625,
    "recall": 0.0078125,
    "sigui": 0.2644950317494913,
    "sse": 129.60095400930177,
    "sc": 0.07920623092508139,
    "ch": 4.065275100578524,
    "db": 0.8733297894684988,
    "bic": -1400.8765614335725,
    "xb": 32.70765963928807
}