{
    "dataset": "blobs-P5-K2-N128-dt1.00-S9",
    "algorithm": "kmeans",
    "k": 16,
    "n": 128,
    "d": 5,
    "k_true": 2,
    "rand_score": 0.5228838582677166,
    "adjusted_rand_score": 0.03931260484531658,
    "accuracy": 0.1953125,
    "f1_score": 0.03967126623376623,
    "precision": 0.10667067307692307,
    "recall": 0.0244140625,
    "sigui": 0.368435271186628,
    "sse": 200.7794561699262,
    "sc": 0.1719422478849607,
    "ch": 16.333909138371503,
    "db": 1.2541704575027988,
    "bic": -1107.7479155964998,
    "xb": 105.89224431481564
}