{
    "dataset": "blobs-P2-K2-N1024-dt0.30-S2",
    "algorithm": "kmeans",
    "k": 8,
    "n": 1024,
    "d": 2,
    "k_true": 2,
    "rand_score": 0.6071335838220919,
    "adjusted_rand_score": 0.21371219950162543,
    "accuracy": 0.31640625,
    "f1_score": 0.11852093458147146,
    "precision": 0.24378109452736318,
    "recall": 0.0791015625,
    "sigui": 0.24404847834309737,
    "sse": 331.3784046975147,
    "sc": 0.34287464532952594,
    "ch": 751.8756788112474,
    "db": 0.879735485111495,
    "bic": -3190.430527228099,
    "xb": 290.47247455908035
}