{
    "dataset": "blobs-P5-K4-N128-dt1.00-S9",
    "algorithm": "kmeans",
    "k": 8,
    "n": 128,
    "d": 5,
    "k_true": 4,
    "rand_score": 0.7054625984251969,
    "adjusted_rand_score": 0.04471074691769201,
    "accuracy": 0.2734375,
    "f1_score": 0.17129064632677637,
    "precision": 0.23194444444444445,
    "recall": 0.13671875,
    "sigui": 0.43929362533966054,
    "sse": 307.6641523448995,
    "sc": 0.14128138105042448,
    "ch": 18.51754881542076,
    "db": 1.4871788716642675,
    "bic": -1053.1614281818981,
    "xb": 94.51130664835597
}