{
    "dataset": "blobs-P2-K8-N128-dt0.50-S4",
    "algorithm": "kmeans",
    "k": 50,
    "n": 128,
    "d": 2,
    "k_true": 8,
    "rand_score": 0.8917322834645669,
    "adjusted_rand_score": 0.1810654356268777,
    "accuracy": 0.2734375,
    "f1_score": 0.06685714285714285,
    "precision": 0.1446666666666667,
    "recall": 0.04375,
    "sigui": 0.04928355768077951,
    "sse": 1.2211637325322158,
    "sc": 0.3894220794726744,
    "ch": 332.1146051006004,
    "db": 0.4960747180448729,
    "bic": -538.2598112079852,
    "xb": 93.197758581626
}