{
    "dataset": "blobs-P10-K8-N64-dt0.30-S2",
    "algorithm": "kmeans",
    "k": 16,
    "n": 64,
    "d": 10,
    "k_true": 8,
    "rand_score": 0.9325396825396826,
    "adjusted_rand_score": 0.5816814764183186,
    "accuracy": 0.640625,
    "f1_score": 0.3721861471861472,
    "precision": 0.46875,
    "recall": 0.3203125,
    "sigui": 0.3488087689953133,
    "sse": 172.84472468368708,
    "sc": 0.14142934052918923,
    "ch": 8.648785108992618,
    "db": 1.2107842200469197,
    "bic": -1035.55267241839,
    "xb": 40.01693628435933
}