{
    "dataset": "blobs-P2-K2-N1024-dt0.80-S7",
    "algorithm": "kmeans",
    "k": 3,
    "n": 1024,
    "d": 2,
    "k_true": 2,
    "rand_score": 0.5529634805718475,
    "adjusted_rand_score": 0.10563605321505558,
    "accuracy": 0.5029296875,
    "f1_score": 0.39899139520506904,
    "precision": 0.49345855798403776,
    "recall": 0.3352864583333333,
    "sigui": 0.3525800276355363,
    "sse": 928.9022821275198,
    "sc": 0.3398224131410278,
    "ch": 615.0321551315593,
    "db": 0.9253220851926787,
    "bic": -3251.1397999100145,
    "xb": 274.236431724025
}