{
    "dataset": "blobs-P10-K16-N1024-dt0.90-S8",
    "algorithm": "kmeans",
    "k": 50,
    "n": 1024,
    "d": 10,
    "k_true": 16,
    "rand_score": 0.9267797684506354,
    "adjusted_rand_score": 0.07814885547974787,
    "accuracy": 0.1796875,
    "f1_score": 0.08571943780691611,
    "precision": 0.17360217039756684,
    "recall": 0.0575,
    "sigui": 0.4475616184623303,
    "sse": 4677.110526932059,
    "sc": 0.0765962681211386,
    "ch": 23.64207958847019,
    "db": 1.8948670415163216,
    "bic": -16402.85091991736,
    "xb": 1323.8455972049562
}