{
    "dataset": "blobs-P5-K8-N64-dt0.10-S0",
    "algorithm": "kmeans",
    "k": 4,
    "n": 64,
    "d": 5,
    "k_true": 8,
    "rand_score": 0.8412698412698413,
    "adjusted_rand_score": 0.5054945054945055,
    "accuracy": 0.5,
    "f1_score": 0.35416666666666663,
    "precision": 0.29166666666666663,
    "recall": 0.5,
    "sigui": 0.36586812947547387,
    "sse": 113.21346316060732,
    "sc": 0.5236767708295553,
    "ch": 36.53037917337452,
    "db": 0.9448530073253482,
    "bic": -422.58260023619493,
    "xb": 17.969293958400332
}