{
    "dataset": "blobs-P2-K2-N128-dt0.10-S0",
    "algorithm": "kmeans",
    "k": 8,
    "n": 128,
    "d": 2,
    "k_true": 2,
    "rand_score": 0.6504675196850394,
    "adjusted_rand_score": 0.2970219481544262,
    "accuracy": 0.40625,
    "f1_score": 0.1442687747035573,
    "precision": 0.25,
    "recall": 0.1015625,
    "sigui": 0.18063828332343715,
    "sse": 20.794800990431103,
    "sc": 0.4580341548221316,
    "ch": 193.89890423734863,
    "db": 0.6579895177813954,
    "bic": -351.26064716797384,
    "xb": 38.2609309522434
}