{
    "dataset": "blobs-P5-K16-N64-dt0.40-S3",
    "algorithm": "kmeans",
    "k": 2,
    "n": 64,
    "d": 5,
    "k_true": 16,
    "rand_score": 0.49255952380952384,
    "adjusted_rand_score": 0.07252946509519492,
    "accuracy": 0.125,
    "f1_score": 0.030638297872340424,
    "precision": 0.017718715393133997,
    "recall": 0.125,
    "sigui": 0.5193712691354485,
    "sse": 230.95970441014964,
    "sc": 0.2756776810224131,
    "ch": 23.902430688805996,
    "db": 1.502341799051303,
    "bic": -467.42292358058705,
    "xb": 34.83779555766837
}