{
    "dataset": "blobs-P10-K32-N1024-dt0.60-S5",
    "algorithm": "kmeans",
    "k": 2,
    "n": 1024,
    "d": 10,
    "k_true": 32,
    "rand_score": 0.5079576001955034,
    "adjusted_rand_score": 0.02377308747102229,
    "accuracy": 0.0625,
    "f1_score": 0.007415586362954784,
    "precision": 0.003943861595107147,
    "recall": 0.0625,
    "sigui": 0.5679516945154445,
    "sse": 9299.432510980456,
    "sc": 0.08994482140837479,
    "ch": 103.3675950272178,
    "db": 3.0574536325233472,
    "bic": -14817.775660660693,
    "xb": 2210.0517177922397
}