{
    "dataset": "blobs-P5-K16-N1024-dt0.90-S8",
    "algorithm": "kmeans",
    "k": 16,
    "n": 1024,
    "d": 5,
    "k_true": 16,
    "rand_score": 0.9246166300097751,
    "adjusted_rand_score": 0.3649746358567805,
    "accuracy": 0.525390625,
    "f1_score": 0.5211720179877934,
    "precision": 0.5282904878316064,
    "recall": 0.525390625,
    "sigui": 0.3784627959751783,
    "sse": 1626.5909470847828,
    "sc": 0.17483845729860603,
    "ch": 144.32460034075572,
    "db": 1.4818283778533963,
    "bic": -7475.197669167318,
    "xb": 931.6182819135803
}