{
    "dataset": "blobs-P5-K4-N1024-dt0.10-S0",
    "algorithm": "kmeans",
    "k": 4,
    "n": 1024,
    "d": 5,
    "k_true": 4,
    "rand_score": 1.0,
    "adjusted_rand_score": 1.0,
    "accuracy": 1.0,
    "f1_score": 1.0,
    "precision": 1.0,
    "recall": 1.0,
    "sigui": 0.22913501089985827,
    "sse": 511.4042230293133,
    "sc": 0.6224929701573497,
    "ch": 3063.96094050287,
    "db": 0.5672638374264857,
    "bic": -2870.129502304865,
    "xb": 128.19789605768932
}