{
    "dataset": "blobs-P2-K4-N1024-dt0.70-S6",
    "algorithm": "kmeans",
    "k": 2,
    "n": 1024,
    "d": 2,
    "k_true": 4,
    "rand_score": 0.7020329301075269,
    "adjusted_rand_score": 0.40494093954304494,
    "accuracy": 0.49609375,
    "f1_score": 0.3313586956521739,
    "precision": 0.24908088235294118,
    "recall": 0.49609375,
    "sigui": 0.3970971116871221,
    "sse": 990.4238660782968,
    "sc": 0.45961782385244754,
    "ch": 1091.2931784930731,
    "db": 0.8499305150016263,
    "bic": -2890.6422450666278,
    "xb": 214.0079060951229
}