{
    "dataset": "blobs-P5-K8-N128-dt0.20-S1",
    "algorithm": "kmeans",
    "k": 16,
    "n": 128,
    "d": 5,
    "k_true": 8,
    "rand_score": 0.9480807086614174,
    "adjusted_rand_score": 0.6921760306939451,
    "accuracy": 0.6484375,
    "f1_score": 0.3880216622458002,
    "precision": 0.5,
    "recall": 0.32421875,
    "sigui": 0.17593200493696898,
    "sse": 32.46207154543319,
    "sc": 0.31810160402300747,
    "ch": 139.7410264708015,
    "db": 1.1014361796115648,
    "bic": -533.0309337245328,
    "xb": 78.85529911675908
}