{
    "dataset": "blobs-P5-K4-N64-dt0.20-S1",
    "algorithm": "kmeans",
    "k": 25,
    "n": 64,
    "d": 5,
    "k_true": 4,
    "rand_score": 0.8035714285714286,
    "adjusted_rand_score": 0.25027046520014423,
    "accuracy": 0.359375,
    "f1_score": 0.08374327122153209,
    "precision": 0.16,
    "recall": 0.0575,
    "sigui": 0.12121167716641253,
    "sse": 10.227375407831412,
    "sc": 0.1665794667263466,
    "ch": 49.21893397760877,
    "db": 0.7717175584279752,
    "bic": -423.0939345866167,
    "xb": 50.32305280680803
}