{
    "dataset": "blobs-P2-K16-N64-dt0.80-S7",
    "algorithm": "kmeans",
    "k": 4,
    "n": 64,
    "d": 2,
    "k_true": 16,
    "rand_score": 0.7961309523809523,
    "adjusted_rand_score": 0.2517555266579974,
    "accuracy": 0.25,
    "f1_score": 0.10256578947368421,
    "precision": 0.0650297619047619,
    "recall": 0.25,
    "sigui": 0.27535054505013895,
    "sse": 22.82496034289239,
    "sc": 0.5445944626934627,
    "ch": 92.15791666412137,
    "db": 0.611236212456792,
    "bic": -183.79315308372503,
    "xb": 8.62181739990371
}