{
    "dataset": "blobs-P10-K8-N1024-dt0.30-S2",
    "algorithm": "kmeans",
    "k": 16,
    "n": 1024,
    "d": 10,
    "k_true": 8,
    "rand_score": 0.9326811461388075,
    "adjusted_rand_score": 0.6156394826560617,
    "accuracy": 0.578125,
    "f1_score": 0.354502903575342,
    "precision": 0.47416758799784026,
    "recall": 0.2890625,
    "sigui": 0.40151765296957137,
    "sse": 3626.958299606114,
    "sc": 0.12146505184863861,
    "ch": 122.52591994639981,
    "db": 2.5137014156789736,
    "bic": -12618.078743736869,
    "xb": 2030.592471227317
}