{
    "dataset": "blobs-P5-K2-N128-dt0.20-S1",
    "algorithm": "kmeans",
    "k": 16,
    "n": 128,
    "d": 5,
    "k_true": 2,
    "rand_score": 0.5593011811023622,
    "adjusted_rand_score": 0.11253955310357744,
    "accuracy": 0.203125,
    "f1_score": 0.041234567901234566,
    "precision": 0.11363636363636365,
    "recall": 0.025390625,
    "sigui": 0.3545561047373113,
    "sse": 197.54003719168333,
    "sc": 0.17641293526125468,
    "ch": 16.72420995056145,
    "db": 1.3386817977243006,
    "bic": -1112.0503472801004,
    "xb": 107.53783643614297
}