{
    "dataset": "blobs-P2-K16-N64-dt0.80-S7",
    "algorithm": "kmeans",
    "k": 10,
    "n": 64,
    "d": 2,
    "k_true": 16,
    "rand_score": 0.9399801587301587,
    "adjusted_rand_score": 0.5498671390611161,
    "accuracy": 0.59375,
    "f1_score": 0.4636960261960261,
    "precision": 0.39712301587301585,
    "recall": 0.59375,
    "sigui": 0.1416998649472474,
    "sse": 5.238009090844326,
    "sc": 0.47515199053506474,
    "ch": 140.6205931834693,
    "db": 0.7002057326085038,
    "bic": -184.63999840670607,
    "xb": 25.97281418641196
}