{
    "dataset": "blobs-P2-K2-N128-dt0.50-S4",
    "algorithm": "kmeans",
    "k": 2,
    "n": 128,
    "d": 2,
    "k_true": 2,
    "rand_score": 0.5503198818897638,
    "adjusted_rand_score": 0.1005996841727943,
    "accuracy": 0.6640625,
    "f1_score": 0.6638778625954198,
    "precision": 0.6644237827257157,
    "recall": 0.6640625,
    "sigui": 0.41173168367867446,
    "sse": 164.54878214609488,
    "sc": 0.3216809915571967,
    "ch": 70.0269749754906,
    "db": 1.1796273707168605,
    "bic": -409.8301001619121,
    "xb": 49.76390244128966
}