{
    "dataset": "blobs-P2-K16-N64-dt0.70-S6",
    "algorithm": "kmeans",
    "k": 16,
    "n": 64,
    "d": 2,
    "k_true": 16,
    "rand_score": 0.9662698412698413,
    "adjusted_rand_score": 0.6554054054054054,
    "accuracy": 0.765625,
    "f1_score": 0.7412878787878787,
    "precision": 0.7523809523809524,
    "recall": 0.765625,
    "sigui": 0.09617105681380839,
    "sse": 2.337193618729624,
    "sc": 0.43591044088389663,
    "ch": 172.05291730970796,
    "db": 0.6938331421968303,
    "bic": -200.94550091968497,
    "xb": 51.296623571886094
}