{
    "dataset": "blobs-P2-K4-N1024-dt0.90-S8",
    "algorithm": "kmeans",
    "k": 2,
    "n": 1024,
    "d": 2,
    "k_true": 4,
    "rand_score": 0.6569544996334311,
    "adjusted_rand_score": 0.31671543460012197,
    "accuracy": 0.4873046875,
    "f1_score": 0.32632276911186653,
    "precision": 0.24604609171373243,
    "recall": 0.4873046875,
    "sigui": 0.4004845336355828,
    "sse": 1194.9720194005135,
    "sc": 0.3888634104587577,
    "ch": 729.6534811287371,
    "db": 1.033762427030881,
    "bic": -3080.1978427068993,
    "xb": 310.02541541691517
}