{
    "dataset": "blobs-P5-K4-N1024-dt0.30-S2",
    "algorithm": "kmeans",
    "k": 8,
    "n": 1024,
    "d": 5,
    "k_true": 4,
    "rand_score": 0.8381388227028348,
    "adjusted_rand_score": 0.49338808875860396,
    "accuracy": 0.5859375,
    "f1_score": 0.3536839753994896,
    "precision": 0.46885240646965676,
    "recall": 0.29296875,
    "sigui": 0.4161831463056949,
    "sse": 2090.109834821354,
    "sc": 0.18855880414601348,
    "ch": 210.40373480691247,
    "db": 1.4665071431833496,
    "bic": -7206.197948370995,
    "xb": 695.9503269452632
}