{
    "dataset": "blobs-P10-K4-N1024-dt0.30-S2",
    "algorithm": "kmeans",
    "k": 25,
    "n": 1024,
    "d": 10,
    "k_true": 4,
    "rand_score": 0.7856392809139785,
    "adjusted_rand_score": 0.2043036462912349,
    "accuracy": 0.1923828125,
    "f1_score": 0.05132627308861424,
    "precision": 0.15538877620013522,
    "recall": 0.03078125,
    "sigui": 0.3616055583790861,
    "sse": 2728.720126858069,
    "sc": 0.08754982858460239,
    "ch": 114.58009989450102,
    "db": 2.1246255806665406,
    "bic": -11995.64044142236,
    "xb": 2017.3546322171585
}