{
    "dataset": "blobs-P10-K2-N1024-dt0.80-S7",
    "algorithm": "kmeans",
    "k": 4,
    "n": 1024,
    "d": 10,
    "k_true": 2,
    "rand_score": 0.5417296706989247,
    "adjusted_rand_score": 0.083011912049629,
    "accuracy": 0.40234375,
    "f1_score": 0.26345560591571804,
    "precision": 0.38170454545454546,
    "recall": 0.201171875,
    "sigui": 0.5512552020788579,
    "sse": 8507.515979430544,
    "sc": 0.06750931713078633,
    "ch": 69.23813818484808,
    "db": 2.7226155482037577,
    "bic": -15150.62301749264,
    "xb": 1946.9738408054156
}