{
    "dataset": "blobs-P2-K32-N64-dt0.40-S3",
    "algorithm": "kmeans",
    "k": 32,
    "n": 64,
    "d": 2,
    "k_true": 32,
    "rand_score": 0.9935515873015873,
    "adjusted_rand_score": 0.8136518771331058,
    "accuracy": 0.890625,
    "f1_score": 0.8791666666666667,
    "precision": 0.8958333333333333,
    "recall": 0.890625,
    "sigui": 0.022034784316718566,
    "sse": 0.12204285411845336,
    "sc": 0.7129046835086974,
    "ch": 1081.6123032452488,
    "db": 0.19344921003466425,
    "bic": -166.97674973929395,
    "xb": 78.49499844371068
}