{
    "dataset": "blobs-P2-K2-N64-dt0.70-S6",
    "algorithm": "kmeans",
    "k": 50,
    "n": 64,
    "d": 2,
    "k_true": 2,
    "rand_score": 0.5099206349206349,
    "adjusted_rand_score": 0.00425531914893617,
    "accuracy": 0.0625,
    "f1_score": 0.004705882352941176,
    "precision": 0.04,
    "recall": 0.0025,
    "sigui": 0.015968785371360227,
    "sse": 0.1035837481548369,
    "sc": 0.23702092428194352,
    "ch": 352.7757381417614,
    "db": 0.19240909429046785,
    "bic": -331.9276818468053,
    "xb": 103.26979786157989
}