{
    "dataset": "blobs-P5-K2-N64-dt0.90-S8",
    "algorithm": "kmeans",
    "k": 20,
    "n": 64,
    "d": 5,
    "k_true": 2,
    "rand_score": 0.5104166666666666,
    "adjusted_rand_score": 0.0068678027822587084,
    "accuracy": 0.15625,
    "f1_score": 0.025526315789473685,
    "precision": 0.07083333333333333,
    "recall": 0.015625,
    "sigui": 0.2669465938254097,
    "sse": 57.10253165602937,
    "sc": 0.21067361226463044,
    "ch": 10.661789804986892,
    "db": 0.8172895989531771,
    "bic": -615.8336146067853,
    "xb": 24.95210011885845
}