{
    "dataset": "blobs-P10-K32-N128-dt0.50-S4",
    "algorithm": "kmeans",
    "k": 3,
    "n": 128,
    "d": 10,
    "k_true": 32,
    "rand_score": 0.6643700787401575,
    "adjusted_rand_score": 0.044786324786324785,
    "accuracy": 0.09375,
    "f1_score": 0.0168172268907563,
    "precision": 0.009287904124860646,
    "recall": 0.09375,
    "sigui": 0.5475994978711777,
    "sse": 1015.7927914144499,
    "sc": 0.09893563803663996,
    "ch": 16.256219453578996,
    "db": 2.510138831358,
    "bic": -1885.95812879763,
    "xb": 228.18545080396282
}