{
    "dataset": "blobs-P5-K8-N1024-dt0.60-S5",
    "algorithm": "kmeans",
    "k": 2,
    "n": 1024,
    "d": 5,
    "k_true": 8,
    "rand_score": 0.6087048662023461,
    "adjusted_rand_score": 0.21685450036786552,
    "accuracy": 0.25,
    "f1_score": 0.10000219731390583,
    "precision": 0.06250214584088351,
    "recall": 0.25,
    "sigui": 0.5095965138488859,
    "sse": 3864.5832329368195,
    "sc": 0.25437830047085397,
    "ch": 331.9985257410411,
    "db": 1.6549030404937848,
    "bic": -7296.194624329474,
    "xb": 716.0227694959802
}