{
    "dataset": "blobs-P10-K2-N64-dt0.40-S3",
    "algorithm": "kmeans",
    "k": 20,
    "n": 64,
    "d": 10,
    "k_true": 2,
    "rand_score": 0.5322420634920635,
    "adjusted_rand_score": 0.051110862655528756,
    "accuracy": 0.203125,
    "f1_score": 0.03333333333333334,
    "precision": 0.09285714285714286,
    "recall": 0.0203125,
    "sigui": 0.3688870378560886,
    "sse": 228.39861960265424,
    "sc": 0.05573277898649508,
    "ch": 4.173327079368159,
    "db": 1.281877989936704,
    "bic": -1234.998260870467,
    "xb": 61.87275973182855
}