{
    "dataset": "blobs-P5-K32-N64-dt1.00-S9",
    "algorithm": "kmeans",
    "k": 20,
    "n": 64,
    "d": 5,
    "k_true": 32,
    "rand_score": 0.9419642857142857,
    "adjusted_rand_score": 0.11182070128931197,
    "accuracy": 0.421875,
    "f1_score": 0.3399305555555555,
    "precision": 0.3266369047619047,
    "recall": 0.421875,
    "sigui": 0.29920629093019985,
    "sse": 65.36599818891055,
    "sc": 0.14455376328864056,
    "ch": 9.021184673597581,
    "db": 0.9977953387945447,
    "bic": -641.9118910291847,
    "xb": 68.31434757334974
}