{
    "dataset": "blobs-P2-K32-N64-dt0.70-S6",
    "algorithm": "kmeans",
    "k": 25,
    "n": 64,
    "d": 2,
    "k_true": 32,
    "rand_score": 0.9791666666666666,
    "adjusted_rand_score": 0.5436357364608486,
    "accuracy": 0.734375,
    "f1_score": 0.65625,
    "precision": 0.6354166666666666,
    "recall": 0.734375,
    "sigui": 0.054104104115253446,
    "sse": 0.814921694836075,
    "sc": 0.5531344657777593,
    "ch": 253.6142473019632,
    "db": 0.40483804342258317,
    "bic": -221.82346531382203,
    "xb": 45.79994302680023
}