{
    "dataset": "blobs-P10-K16-N64-dt0.70-S6",
    "algorithm": "kmeans",
    "k": 10,
    "n": 64,
    "d": 10,
    "k_true": 16,
    "rand_score": 0.8601190476190477,
    "adjusted_rand_score": 0.04422207876049064,
    "accuracy": 0.328125,
    "f1_score": 0.2564097360972361,
    "precision": 0.25535714285714284,
    "recall": 0.328125,
    "sigui": 0.46992973956800826,
    "sse": 363.75192255886856,
    "sc": 0.04327751842025389,
    "ch": 4.55664523499129,
    "db": 1.7880997652199173,
    "bic": -1099.716915697674,
    "xb": 88.27149235860213
}