{
    "dataset": "blobs-P10-K8-N128-dt0.70-S6",
    "algorithm": "kmeans",
    "k": 16,
    "n": 128,
    "d": 10,
    "k_true": 8,
    "rand_score": 0.8350147637795275,
    "adjusted_rand_score": 0.01357652142182785,
    "accuracy": 0.21875,
    "f1_score": 0.13541530607802157,
    "precision": 0.18861997377622378,
    "recall": 0.109375,
    "sigui": 0.4607009665388613,
    "sse": 689.3926347261278,
    "sc": 0.05823221795980947,
    "ch": 6.396744185017491,
    "db": 1.9692363195319775,
    "bic": -2198.6611072338246,
    "xb": 217.15670285198033
}