{
    "dataset": "blobs-P5-K2-N1024-dt1.00-S9",
    "algorithm": "kmeans",
    "k": 4,
    "n": 1024,
    "d": 5,
    "k_true": 2,
    "rand_score": 0.5246880345796676,
    "adjusted_rand_score": 0.0489107511022028,
    "accuracy": 0.3583984375,
    "f1_score": 0.2382665183762196,
    "precision": 0.3562712144423418,
    "recall": 0.17919921875,
    "sigui": 0.4932486072346345,
    "sse": 3573.1131090596737,
    "sc": 0.12606540261352453,
    "ch": 147.19643004055717,
    "db": 1.8523285331579644,
    "bic": -7845.8721445255005,
    "xb": 993.3032507526067
}