{
    "dataset": "blobs-P2-K8-N1024-dt1.00-S9",
    "algorithm": "kmeans",
    "k": 3,
    "n": 1024,
    "d": 2,
    "k_true": 8,
    "rand_score": 0.7593150507086999,
    "adjusted_rand_score": 0.35987450026497325,
    "accuracy": 0.37109375,
    "f1_score": 0.20317952010584328,
    "precision": 0.14017426560106794,
    "recall": 0.37109375,
    "sigui": 0.32422401124327355,
    "sse": 650.5619479402136,
    "sc": 0.4600933287197469,
    "ch": 1096.5783163851459,
    "db": 0.7254445286678076,
    "bic": -2884.1943759400297,
    "xb": 265.30724342768843
}