{
    "dataset": "blobs-P2-K4-N64-dt0.50-S4",
    "algorithm": "kmeans",
    "k": 3,
    "n": 64,
    "d": 2,
    "k_true": 4,
    "rand_score": 0.7316468253968254,
    "adjusted_rand_score": 0.3518000798767616,
    "accuracy": 0.59375,
    "f1_score": 0.509748649283533,
    "precision": 0.452723311546841,
    "recall": 0.59375,
    "sigui": 0.34209888477852723,
    "sse": 41.893377524314104,
    "sc": 0.36296955390966,
    "ch": 62.68895325959799,
    "db": 0.8847145879387277,
    "bic": -198.03158554318316,
    "xb": 18.34249397957273
}