{
    "dataset": "blobs-P2-K16-N1024-dt0.50-S4",
    "algorithm": "kmeans",
    "k": 8,
    "n": 1024,
    "d": 2,
    "k_true": 16,
    "rand_score": 0.8879062805474096,
    "adjusted_rand_score": 0.471976401179941,
    "accuracy": 0.5,
    "f1_score": 0.38341299089831626,
    "precision": 0.3431581529205443,
    "recall": 0.5,
    "sigui": 0.12148018821932013,
    "sse": 65.18574603649675,
    "sc": 0.6464981241121109,
    "ch": 4414.942583348125,
    "db": 0.47047796363609706,
    "bic": -1409.3447142538596,
    "xb": 91.17454190016397
}