{
    "dataset": "blobs-P2-K32-N64-dt0.40-S3",
    "algorithm": "kmeans",
    "k": 16,
    "n": 64,
    "d": 2,
    "k_true": 32,
    "rand_score": 0.9558531746031746,
    "adjusted_rand_score": 0.39547169811320754,
    "accuracy": 0.5,
    "f1_score": 0.36071428571428565,
    "precision": 0.30364583333333334,
    "recall": 0.5,
    "sigui": 0.09511726309120971,
    "sse": 2.391238812630124,
    "sc": 0.6235831724806131,
    "ch": 168.09196709109992,
    "db": 0.4645301696476513,
    "bic": -200.84993782213866,
    "xb": 24.3870036665199
}