{
    "dataset": "blobs-P10-K16-N64-dt0.40-S3",
    "algorithm": "kmeans",
    "k": 8,
    "n": 64,
    "d": 10,
    "k_true": 16,
    "rand_score": 0.8616071428571429,
    "adjusted_rand_score": 0.1908576163513327,
    "accuracy": 0.4375,
    "f1_score": 0.30857043283513874,
    "precision": 0.2686736874236874,
    "recall": 0.4375,
    "sigui": 0.4684441528611746,
    "sse": 361.7271552565168,
    "sc": 0.11810453184787924,
    "ch": 6.154314724779731,
    "db": 1.7216132675586597,
    "bic": -1037.3809941136722,
    "xb": 63.14739146718153
}