{
    "dataset": "blobs-P10-K8-N1024-dt0.60-S5",
    "algorithm": "kmeans",
    "k": 50,
    "n": 1024,
    "d": 10,
    "k_true": 8,
    "rand_score": 0.8721915475317693,
    "adjusted_rand_score": 0.08174842715702307,
    "accuracy": 0.154296875,
    "f1_score": 0.04111385339824048,
    "precision": 0.12443273867561723,
    "recall": 0.0246875,
    "sigui": 0.4386554736189308,
    "sse": 4517.637898668762,
    "sc": 0.07489957683248367,
    "ch": 25.178322649537698,
    "db": 1.9193609911893892,
    "bic": -16233.240497606566,
    "xb": 1237.4643598635346
}