{
    "dataset": "blobs-P10-K8-N128-dt0.10-S0",
    "algorithm": "kmeans",
    "k": 10,
    "n": 128,
    "d": 10,
    "k_true": 8,
    "rand_score": 0.984744094488189,
    "adjusted_rand_score": 0.9224282308434969,
    "accuracy": 0.890625,
    "f1_score": 0.7435897435897436,
    "precision": 0.8,
    "recall": 0.7125,
    "sigui": 0.18759771459075236,
    "sse": 74.42805250201027,
    "sc": 0.5617190247692737,
    "ch": 212.37137375934736,
    "db": 0.9575907735427496,
    "bic": -552.3473210182362,
    "xb": 158.488997716921
}