{
    "dataset": "blobs-P5-K4-N1024-dt0.50-S4",
    "algorithm": "kmeans",
    "k": 4,
    "n": 1024,
    "d": 5,
    "k_true": 4,
    "rand_score": 0.8378028011974584,
    "adjusted_rand_score": 0.5671316761824868,
    "accuracy": 0.814453125,
    "f1_score": 0.8143464337091841,
    "precision": 0.8156587566398018,
    "recall": 0.814453125,
    "sigui": 0.47163160493740763,
    "sse": 2937.052689235061,
    "sc": 0.20238979874592103,
    "ch": 252.70302040559656,
    "db": 1.484163582987788,
    "bic": -7343.2196877568485,
    "xb": 653.4277751086844
}