{
    "dataset": "blobs-P5-K4-N1024-dt0.40-S3",
    "algorithm": "kmeans",
    "k": 2,
    "n": 1024,
    "d": 5,
    "k_true": 4,
    "rand_score": 0.7155673417644184,
    "adjusted_rand_score": 0.4312490339000586,
    "accuracy": 0.49609375,
    "f1_score": 0.3308994796959266,
    "precision": 0.248352643219766,
    "recall": 0.49609375,
    "sigui": 0.49969442080161014,
    "sse": 3435.2714816487423,
    "sc": 0.3003941529572153,
    "ch": 501.22651605385687,
    "db": 1.354500632757691,
    "bic": -6994.046767566914,
    "xb": 485.5188524278587
}