{
    "dataset": "blobs-P2-K2-N1024-dt0.10-S0",
    "algorithm": "kmeans",
    "k": 10,
    "n": 1024,
    "d": 2,
    "k_true": 2,
    "rand_score": 0.6282876649560117,
    "adjusted_rand_score": 0.2560339934543141,
    "accuracy": 0.326171875,
    "f1_score": 0.09809118541033435,
    "precision": 0.2,
    "recall": 0.065234375,
    "sigui": 0.16297070346792566,
    "sse": 123.5477109537769,
    "sc": 0.44530428282387324,
    "ch": 1754.9627013890574,
    "db": 0.6679455903945964,
    "bic": -2319.130486830821,
    "xb": 224.87551716789037
}