{
    "dataset": "blobs-P2-K4-N1024-dt0.70-S6",
    "algorithm": "kmeans",
    "k": 32,
    "n": 1024,
    "d": 2,
    "k_true": 4,
    "rand_score": 0.7636222354594331,
    "adjusted_rand_score": 0.11417841172298572,
    "accuracy": 0.1533203125,
    "f1_score": 0.03284957532629122,
    "precision": 0.11543684595546297,
    "recall": 0.0191650390625,
    "sigui": 0.13762850595408455,
    "sse": 71.66533669988907,
    "sc": 0.3348043352146074,
    "ch": 882.4727844431025,
    "db": 0.8366211993614325,
    "bic": -3270.747475859215,
    "xb": 396.3690652380691
}