{
    "dataset": "blobs-P5-K8-N128-dt0.90-S8",
    "algorithm": "kmeans",
    "k": 4,
    "n": 128,
    "d": 5,
    "k_true": 8,
    "rand_score": 0.7309301181102362,
    "adjusted_rand_score": 0.15432066814236084,
    "accuracy": 0.359375,
    "f1_score": 0.2459994683678894,
    "precision": 0.19364446529080676,
    "recall": 0.359375,
    "sigui": 0.4779408145362618,
    "sse": 389.9042916331689,
    "sc": 0.17575201367903967,
    "ch": 26.512376244598812,
    "db": 1.5829192341229894,
    "bic": -980.6313514774221,
    "xb": 99.14718885055868
}