{
    "dataset": "blobs-P5-K16-N64-dt0.60-S5",
    "algorithm": "kmeans",
    "k": 10,
    "n": 64,
    "d": 5,
    "k_true": 16,
    "rand_score": 0.9201388888888888,
    "adjusted_rand_score": 0.4010628875110717,
    "accuracy": 0.5625,
    "f1_score": 0.4560508935508935,
    "precision": 0.399702380952381,
    "recall": 0.5625,
    "sigui": 0.34793282060869507,
    "sse": 85.6900078343362,
    "sc": 0.21986504775240723,
    "ch": 16.406346416864853,
    "db": 1.2569423224213576,
    "bic": -514.6332131275058,
    "xb": 52.97261926371169
}