{
    "dataset": "blobs-P5-K8-N64-dt0.30-S2",
    "algorithm": "kmeans",
    "k": 16,
    "n": 64,
    "d": 5,
    "k_true": 8,
    "rand_score": 0.9558531746031746,
    "adjusted_rand_score": 0.7307563025210084,
    "accuracy": 0.75,
    "f1_score": 0.4237179487179487,
    "precision": 0.5,
    "recall": 0.375,
    "sigui": 0.17984305292675357,
    "sse": 20.06943777221738,
    "sc": 0.36352486286152613,
    "ch": 47.8228543331467,
    "db": 0.85245702910051,
    "bic": -383.5594773812039,
    "xb": 47.9847591760848
}