{
    "dataset": "blobs-P2-K32-N128-dt0.20-S1",
    "algorithm": "kmeans",
    "k": 25,
    "n": 128,
    "d": 2,
    "k_true": 32,
    "rand_score": 0.984251968503937,
    "adjusted_rand_score": 0.742393509127789,
    "accuracy": 0.78125,
    "f1_score": 0.7135416666666666,
    "precision": 0.6822916666666666,
    "recall": 0.78125,
    "sigui": 0.03523197250796412,
    "sse": 0.7414720239872057,
    "sc": 0.8250161715889464,
    "ch": 1477.445514405487,
    "db": 0.25169647758251995,
    "bic": -202.6491262404562,
    "xb": 43.946311267998325
}