{
    "dataset": "blobs-P5-K4-N1024-dt0.80-S7",
    "algorithm": "kmeans",
    "k": 20,
    "n": 1024,
    "d": 5,
    "k_true": 4,
    "rand_score": 0.7423612383919843,
    "adjusted_rand_score": 0.06210982383570704,
    "accuracy": 0.15234375,
    "f1_score": 0.050176722267208596,
    "precision": 0.14336539533846324,
    "recall": 0.03046875,
    "sigui": 0.38446395149646617,
    "sse": 1796.7534487061853,
    "sc": 0.1461466640263196,
    "ch": 97.7359159685188,
    "db": 1.4258486935513013,
    "bic": -8051.423980506741,
    "xb": 722.8426258359115
}