{
    "dataset": "blobs-P2-K4-N1024-dt0.60-S5",
    "algorithm": "kmeans",
    "k": 32,
    "n": 1024,
    "d": 2,
    "k_true": 4,
    "rand_score": 0.7676888593597263,
    "adjusted_rand_score": 0.1281104186362569,
    "accuracy": 0.169921875,
    "f1_score": 0.0358406576448249,
    "precision": 0.11608762699564587,
    "recall": 0.021240234375,
    "sigui": 0.1268654343514447,
    "sse": 66.71971128076656,
    "sc": 0.34136753234336104,
    "ch": 950.319846093171,
    "db": 0.8559909543822608,
    "bic": -3216.034849534238,
    "xb": 391.13221240433825
}