{
    "dataset": "blobs-P2-K16-N1024-dt0.70-S6",
    "algorithm": "kmeans",
    "k": 20,
    "n": 1024,
    "d": 2,
    "k_true": 16,
    "rand_score": 0.9707718566715543,
    "adjusted_rand_score": 0.7296295300749572,
    "accuracy": 0.78125,
    "f1_score": 0.6644594484748878,
    "precision": 0.7295823650499036,
    "recall": 0.625,
    "sigui": 0.10794425078549039,
    "sse": 41.751302937818096,
    "sc": 0.4506209299954274,
    "ch": 2539.463433177731,
    "db": 0.7920349150927981,
    "bic": -2152.8458161799995,
    "xb": 300.6674487950688
}