{
    "dataset": "blobs-P5-K16-N128-dt0.60-S5",
    "algorithm": "kmeans",
    "k": 4,
    "n": 128,
    "d": 5,
    "k_true": 16,
    "rand_score": 0.7759596456692913,
    "adjusted_rand_score": 0.18086572144043694,
    "accuracy": 0.25,
    "f1_score": 0.10032511348300821,
    "precision": 0.06281362007168459,
    "recall": 0.25,
    "sigui": 0.46990225520913903,
    "sse": 384.53586876367353,
    "sc": 0.19260288885899732,
    "ch": 27.459555658749014,
    "db": 1.5637669955773836,
    "bic": -980.5967181520786,
    "xb": 84.1714467611674
}