{
    "dataset": "blobs-P10-K4-N64-dt0.30-S2",
    "algorithm": "kmeans",
    "k": 25,
    "n": 64,
    "d": 10,
    "k_true": 4,
    "rand_score": 0.7862103174603174,
    "adjusted_rand_score": 0.17500683620453925,
    "accuracy": 0.296875,
    "f1_score": 0.07141125541125541,
    "precision": 0.14666666666666667,
    "recall": 0.0475,
    "sigui": 0.29803108945695567,
    "sse": 135.6149578278719,
    "sc": 0.08951945062741302,
    "ch": 6.043770588860934,
    "db": 1.0881320712660874,
    "bic": -1211.537687316616,
    "xb": 38.30709562435715
}