{
    "dataset": "blobs-P5-K16-N1024-dt1.00-S9",
    "algorithm": "kmeans",
    "k": 25,
    "n": 1024,
    "d": 5,
    "k_true": 16,
    "rand_score": 0.9131078934506354,
    "adjusted_rand_score": 0.11098671726537825,
    "accuracy": 0.2548828125,
    "f1_score": 0.19673236359462043,
    "precision": 0.2578578818794274,
    "recall": 0.163125,
    "sigui": 0.3820947772646259,
    "sse": 1617.3165121602246,
    "sc": 0.1420081608314292,
    "ch": 90.1488354846442,
    "db": 1.457944876529136,
    "bic": -8104.870154263374,
    "xb": 803.6544258622376
}