{
    "dataset": "blobs-P2-K32-N64-dt0.90-S8",
    "algorithm": "kmeans",
    "k": 2,
    "n": 64,
    "d": 2,
    "k_true": 32,
    "rand_score": 0.4742063492063492,
    "adjusted_rand_score": 0.02692778457772338,
    "accuracy": 0.0625,
    "f1_score": 0.008049242424242424,
    "precision": 0.004329004329004329,
    "recall": 0.0625,
    "sigui": 0.46521978842276984,
    "sse": 78.03645910691921,
    "sc": 0.3563258747079656,
    "ch": 39.69605452147361,
    "db": 1.0633974370648678,
    "bic": -203.64549377821308,
    "xb": 20.57656139466773
}