{
    "dataset": "blobs-P5-K16-N1024-dt0.20-S1",
    "algorithm": "kmeans",
    "k": 25,
    "n": 1024,
    "d": 5,
    "k_true": 16,
    "rand_score": 0.9845239186217009,
    "adjusted_rand_score": 0.848291775488517,
    "accuracy": 0.7890625,
    "f1_score": 0.5534188188083694,
    "precision": 0.64,
    "recall": 0.505,
    "sigui": 0.10742662165473384,
    "sse": 90.35246846488195,
    "sc": 0.47678107497426814,
    "ch": 2317.1373406529856,
    "db": 1.1966884703562701,
    "bic": -656.2246383348227,
    "xb": 768.5534149213919
}