{
    "dataset": "blobs-P10-K4-N64-dt0.80-S7",
    "algorithm": "kmeans",
    "k": 16,
    "n": 64,
    "d": 10,
    "k_true": 4,
    "rand_score": 0.720734126984127,
    "adjusted_rand_score": -0.012676659528907923,
    "accuracy": 0.203125,
    "f1_score": 0.07193893063458282,
    "precision": 0.12738095238095237,
    "recall": 0.05078125,
    "sigui": 0.41065474890838805,
    "sse": 260.6269223546521,
    "sc": 0.09355887381520692,
    "ch": 4.657975613176111,
    "db": 1.3330786779486816,
    "bic": -1164.0823689226158,
    "xb": 50.67602900884193
}