{
    "dataset": "blobs-P2-K16-N128-dt0.30-S2",
    "algorithm": "kmeans",
    "k": 10,
    "n": 128,
    "d": 2,
    "k_true": 16,
    "rand_score": 0.9448818897637795,
    "adjusted_rand_score": 0.6402266288951841,
    "accuracy": 0.625,
    "f1_score": 0.5104166666666666,
    "precision": 0.4583333333333333,
    "recall": 0.625,
    "sigui": 0.12422103439482933,
    "sse": 7.805007494176428,
    "sc": 0.6666373506047264,
    "ch": 416.9262010822209,
    "db": 0.4663600125270551,
    "bic": -273.8314751890739,
    "xb": 24.880303177271035
}