{
    "dataset": "blobs-P10-K2-N128-dt0.50-S4",
    "algorithm": "kmeans",
    "k": 2,
    "n": 128,
    "d": 10,
    "k_true": 2,
    "rand_score": 0.655511811023622,
    "adjusted_rand_score": 0.3111143829088176,
    "accuracy": 0.78125,
    "f1_score": 0.779906656841071,
    "precision": 0.7882882882882882,
    "recall": 0.78125,
    "sigui": 0.5568421354792601,
    "sse": 1112.1979541730534,
    "sc": 0.11891484998340329,
    "ch": 19.010157045213862,
    "db": 2.475873795333653,
    "bic": -1866.912518008604,
    "xb": 190.22387902760852
}