{
    "dataset": "blobs-P5-K8-N128-dt0.10-S0",
    "algorithm": "kmeans",
    "k": 8,
    "n": 128,
    "d": 5,
    "k_true": 8,
    "rand_score": 1.0,
    "adjusted_rand_score": 1.0,
    "accuracy": 1.0,
    "f1_score": 1.0,
    "precision": 1.0,
    "recall": 1.0,
    "sigui": 0.05985620590596063,
    "sse": 3.4390985534448912,
    "sc": 0.8476411437278087,
    "ch": 3173.0619017288145,
    "db": 0.21066094080804618,
    "bic": 381.0125803883062,
    "xb": 19.79317515485835
}