{
    "dataset": "blobs-P2-K32-N1024-dt0.70-S6",
    "algorithm": "kmeans",
    "k": 8,
    "n": 1024,
    "d": 2,
    "k_true": 32,
    "rand_score": 0.8963450024437928,
    "adjusted_rand_score": 0.33089388629458005,
    "accuracy": 0.25,
    "f1_score": 0.10382886276873618,
    "precision": 0.06621608461866595,
    "recall": 0.25,
    "sigui": 0.18374800526527424,
    "sse": 148.4964066710186,
    "sc": 0.5297214870224751,
    "ch": 1856.7721520814705,
    "db": 0.6583236324369139,
    "bic": -2398.9483946959326,
    "xb": 245.26260092687215
}