{
    "dataset": "blobs-P2-K32-N128-dt0.30-S2",
    "algorithm": "kmeans",
    "k": 25,
    "n": 128,
    "d": 2,
    "k_true": 32,
    "rand_score": 0.9853592519685039,
    "adjusted_rand_score": 0.7534141526211882,
    "accuracy": 0.78125,
    "f1_score": 0.7086247086247086,
    "precision": 0.6723710317460317,
    "recall": 0.78125,
    "sigui": 0.029087108799442974,
    "sse": 0.4552712481412451,
    "sc": 0.7549567408468305,
    "ch": 2408.9217114068197,
    "db": 0.2845312319521605,
    "bic": -142.1855540159863,
    "xb": 79.00907361877314
}