{
    "dataset": "blobs-P10-K32-N64-dt0.60-S5",
    "algorithm": "kmeans",
    "k": 8,
    "n": 64,
    "d": 10,
    "k_true": 32,
    "rand_score": 0.8482142857142857,
    "adjusted_rand_score": 0.07875370352671318,
    "accuracy": 0.25,
    "f1_score": 0.12457726849174217,
    "precision": 0.0932868601986249,
    "recall": 0.25,
    "sigui": 0.4847680115493108,
    "sse": 377.54003217091235,
    "sc": 0.10227400219611282,
    "ch": 5.561475773997328,
    "db": 1.678493099399233,
    "bic": -1047.4058343235783,
    "xb": 62.03747508144384
}