{
    "dataset": "blobs-P5-K8-N1024-dt0.90-S8",
    "algorithm": "kmeans",
    "k": 4,
    "n": 1024,
    "d": 5,
    "k_true": 8,
    "rand_score": 0.7402649224095796,
    "adjusted_rand_score": 0.17350516095802976,
    "accuracy": 0.3828125,
    "f1_score": 0.25808872324413024,
    "precision": 0.19574157105241424,
    "recall": 0.3828125,
    "sigui": 0.48018461518303956,
    "sse": 3344.8927578623084,
    "sc": 0.15766885745643144,
    "ch": 180.43522050390962,
    "db": 1.6672911503615728,
    "bic": -7670.328211808738,
    "xb": 792.3943988951395
}