{
    "dataset": "blobs-P5-K4-N64-dt0.30-S2",
    "algorithm": "kmeans",
    "k": 10,
    "n": 64,
    "d": 5,
    "k_true": 4,
    "rand_score": 0.8774801587301587,
    "adjusted_rand_score": 0.602863486716178,
    "accuracy": 0.640625,
    "f1_score": 0.2948717948717949,
    "precision": 0.38,
    "recall": 0.25625,
    "sigui": 0.2965734549260768,
    "sse": 55.87758701847251,
    "sc": 0.3030148148098144,
    "ch": 28.360825197503047,
    "db": 1.1697447125255347,
    "bic": -435.24531287332104,
    "xb": 67.83302755958448
}