{
    "dataset": "blobs-P10-K32-N128-dt0.50-S4",
    "algorithm": "kmeans",
    "k": 2,
    "n": 128,
    "d": 10,
    "k_true": 32,
    "rand_score": 0.42876476377952755,
    "adjusted_rand_score": 0.017992722306878834,
    "accuracy": 0.0625,
    "f1_score": 0.008729139922978177,
    "precision": 0.0047520047520047525,
    "recall": 0.0625,
    "sigui": 0.5623866770476141,
    "sse": 1111.1855404081218,
    "sc": 0.14607959593782707,
    "ch": 19.142277446090855,
    "db": 2.3167447261534178,
    "bic": -1856.1434497696264,
    "xb": 161.55805517621226
}