{
    "dataset": "blobs-P5-K2-N1024-dt1.00-S9",
    "algorithm": "kmeans",
    "k": 50,
    "n": 1024,
    "d": 5,
    "k_true": 2,
    "rand_score": 0.5032074780058651,
    "adjusted_rand_score": 0.0054848511585167715,
    "accuracy": 0.04296875,
    "f1_score": 0.0032498465316144875,
    "precision": 0.029838709677419355,
    "recall": 0.00171875,
    "sigui": 0.33038574733074827,
    "sse": 1246.4128169819999,
    "sc": 0.13949506580259524,
    "ch": 61.775220708077335,
    "db": 1.3796595220296313,
    "bic": -8629.56174766306,
    "xb": 974.3371618633361
}