{
    "dataset": "blobs-P10-K16-N64-dt0.20-S1",
    "algorithm": "kmeans",
    "k": 20,
    "n": 64,
    "d": 10,
    "k_true": 16,
    "rand_score": 0.9841269841269841,
    "adjusted_rand_score": 0.8119753777280359,
    "accuracy": 0.859375,
    "f1_score": 0.7253968253968254,
    "precision": 0.79,
    "recall": 0.6875,
    "sigui": 0.2788432521796018,
    "sse": 103.69166784096717,
    "sc": 0.25887925913086907,
    "ch": 11.977598741760566,
    "db": 1.0070304008860123,
    "bic": -990.661515429691,
    "xb": 47.05836011733089
}