{
    "dataset": "blobs-P10-K16-N64-dt0.30-S2",
    "algorithm": "kmeans",
    "k": 2,
    "n": 64,
    "d": 10,
    "k_true": 16,
    "rand_score": 0.5243055555555556,
    "adjusted_rand_score": 0.0562350625615071,
    "accuracy": 0.125,
    "f1_score": 0.02832415420928403,
    "precision": 0.016016016016016016,
    "recall": 0.125,
    "sigui": 0.5603154996755983,
    "sse": 573.543972110282,
    "sc": 0.09946094700886644,
    "ch": 7.183884635736815,
    "db": 2.837239918640845,
    "bic": -962.5221755829319,
    "xb": 121.45208836484515
}