{
    "dataset": "blobs-P5-K16-N1024-dt0.40-S3",
    "algorithm": "kmeans",
    "k": 25,
    "n": 1024,
    "d": 5,
    "k_true": 16,
    "rand_score": 0.9812668010752689,
    "adjusted_rand_score": 0.8157644228185496,
    "accuracy": 0.7822265625,
    "f1_score": 0.549704461058617,
    "precision": 0.6317871311078859,
    "recall": 0.500625,
    "sigui": 0.17701715701895948,
    "sse": 283.773620143738,
    "sc": 0.35771819482067646,
    "ch": 709.3961833363853,
    "db": 1.452886984556408,
    "bic": -3589.6679027928158,
    "xb": 1089.7103228075625
}