{
    "dataset": "blobs-P5-K32-N128-dt0.30-S2",
    "algorithm": "kmeans",
    "k": 32,
    "n": 128,
    "d": 5,
    "k_true": 32,
    "rand_score": 0.9939714566929134,
    "adjusted_rand_score": 0.8741073415468026,
    "accuracy": 0.9140625,
    "f1_score": 0.9114087301587301,
    "precision": 0.9260416666666667,
    "recall": 0.9140625,
    "sigui": 0.12763057131855077,
    "sse": 17.278617791936142,
    "sc": 0.5435630078212204,
    "ch": 111.60774139542013,
    "db": 0.6191450512369979,
    "bic": -670.3563753061098,
    "xb": 76.54393773917592
}