{
    "dataset": "blobs-P5-K8-N128-dt0.20-S1",
    "algorithm": "kmeans",
    "k": 8,
    "n": 128,
    "d": 5,
    "k_true": 8,
    "rand_score": 0.9961860236220472,
    "adjusted_rand_score": 0.9817000330022265,
    "accuracy": 0.9921875,
    "f1_score": 0.9921798631476051,
    "precision": 0.9926470588235294,
    "recall": 0.9921875,
    "sigui": 0.20855704233574596,
    "sse": 49.224104297805965,
    "sc": 0.5345778078010648,
    "ch": 205.7444605227198,
    "db": 0.705313855641593,
    "bic": -470.5005715455676,
    "xb": 36.62445121976988
}