{
    "dataset": "blobs-P5-K16-N128-dt0.40-S3",
    "algorithm": "kmeans",
    "k": 4,
    "n": 128,
    "d": 5,
    "k_true": 16,
    "rand_score": 0.7444635826771654,
    "adjusted_rand_score": 0.20614728073264174,
    "accuracy": 0.25,
    "f1_score": 0.12365729394047459,
    "precision": 0.09504273504273503,
    "recall": 0.25,
    "sigui": 0.4430491705927066,
    "sse": 326.9390343099208,
    "sc": 0.2903731357971461,
    "ch": 39.57879570983553,
    "db": 1.194605594510477,
    "bic": -912.3312566215986,
    "xb": 60.48311919790911
}