{
    "dataset": "blobs-P2-K8-N64-dt0.30-S2",
    "algorithm": "kmeans",
    "k": 32,
    "n": 64,
    "d": 2,
    "k_true": 8,
    "rand_score": 0.9161706349206349,
    "adjusted_rand_score": 0.3665139525197834,
    "accuracy": 0.453125,
    "f1_score": 0.1529220779220779,
    "precision": 0.25,
    "recall": 0.11328125,
    "sigui": 0.024036483418354494,
    "sse": 0.17066071682529857,
    "sc": 0.3324207773709794,
    "ch": 773.1882814713747,
    "db": 0.40603596587783247,
    "bic": -181.66116047094556,
    "xb": 90.45296613595738
}