{
    "dataset": "blobs-P10-K2-N1024-dt0.70-S6",
    "algorithm": "kmeans",
    "k": 4,
    "n": 1024,
    "d": 10,
    "k_true": 2,
    "rand_score": 0.5351218841642229,
    "adjusted_rand_score": 0.06978930044100443,
    "accuracy": 0.3759765625,
    "f1_score": 0.2493489714419947,
    "precision": 0.37019202319663885,
    "recall": 0.18798828125,
    "sigui": 0.5410268251965511,
    "sse": 8459.816543338204,
    "sc": 0.07185882690574079,
    "ch": 71.54556746761054,
    "db": 2.69438043780874,
    "bic": -15122.510635208426,
    "xb": 1959.0147200209897
}