{
    "dataset": "blobs-P5-K4-N64-dt0.10-S0",
    "algorithm": "kmeans",
    "k": 2,
    "n": 64,
    "d": 5,
    "k_true": 4,
    "rand_score": 0.6190476190476191,
    "adjusted_rand_score": 0.3225806451612903,
    "accuracy": 0.5,
    "f1_score": 0.375,
    "precision": 0.3333333333333333,
    "recall": 0.5,
    "sigui": 0.44531829742903206,
    "sse": 213.1704049829575,
    "sc": 0.3767304232736915,
    "ch": 31.071080864091634,
    "db": 0.9274022679564512,
    "bic": -450.0862098654591,
    "xb": 23.6185767963628
}