{
    "dataset": "blobs-P10-K8-N128-dt1.00-S9",
    "algorithm": "kmeans",
    "k": 2,
    "n": 128,
    "d": 10,
    "k_true": 8,
    "rand_score": 0.4937253937007874,
    "adjusted_rand_score": 0.012866983870937276,
    "accuracy": 0.1953125,
    "f1_score": 0.07972235596212485,
    "precision": 0.050515660809778457,
    "recall": 0.1953125,
    "sigui": 0.5644963523774624,
    "sse": 1171.0858577481274,
    "sc": 0.07473504367658892,
    "ch": 11.718339721157719,
    "db": 3.1175784863852036,
    "bic": -1898.84200026773,
    "xb": 290.03063364977913
}