{
    "dataset": "blobs-P5-K16-N64-dt0.70-S6",
    "algorithm": "kmeans",
    "k": 2,
    "n": 64,
    "d": 5,
    "k_true": 16,
    "rand_score": 0.5376984126984127,
    "adjusted_rand_score": 0.061924846625766874,
    "accuracy": 0.125,
    "f1_score": 0.027777777777777776,
    "precision": 0.015625,
    "recall": 0.125,
    "sigui": 0.51599681613537,
    "sse": 240.42534955887416,
    "sc": 0.2199493893244321,
    "ch": 20.520416571721267,
    "db": 1.6554944665329283,
    "bic": -477.7090242077225,
    "xb": 44.83466646575674
}