{
    "dataset": "blobs-P2-K32-N128-dt0.30-S2",
    "algorithm": "kmeans",
    "k": 50,
    "n": 128,
    "d": 2,
    "k_true": 32,
    "rand_score": 0.9884350393700787,
    "adjusted_rand_score": 0.7076885406464251,
    "accuracy": 0.7578125,
    "f1_score": 0.5305714285714286,
    "precision": 0.6133333333333333,
    "recall": 0.485,
    "sigui": 0.014262509073864905,
    "sse": 0.10472686312295504,
    "sc": 0.5112250954087175,
    "ch": 3889.5798448155642,
    "db": 0.41199429657115616,
    "bic": -228.3285824069416,
    "xb": 194.7241910198306
}