{
    "dataset": "blobs-P10-K8-N64-dt0.80-S7",
    "algorithm": "kmeans",
    "k": 25,
    "n": 64,
    "d": 10,
    "k_true": 8,
    "rand_score": 0.8556547619047619,
    "adjusted_rand_score": 0.03819316929856775,
    "accuracy": 0.234375,
    "f1_score": 0.09571072065189712,
    "precision": 0.1580952380952381,
    "recall": 0.075,
    "sigui": 0.3217992952619735,
    "sse": 170.41140537824356,
    "sc": 0.09389433547248249,
    "ch": 4.477877901227478,
    "db": 1.0290130178057355,
    "bic": -1279.9824510380595,
    "xb": 46.5382298097277
}