{
    "dataset": "blobs-P5-K8-N128-dt0.90-S8",
    "algorithm": "kmeans",
    "k": 16,
    "n": 128,
    "d": 5,
    "k_true": 8,
    "rand_score": 0.8575295275590551,
    "adjusted_rand_score": 0.12910675794111376,
    "accuracy": 0.3125,
    "f1_score": 0.19656211843711846,
    "precision": 0.27419507575757573,
    "recall": 0.15625,
    "sigui": 0.338299737924311,
    "sse": 175.63776945635513,
    "sc": 0.18981513051072763,
    "ch": 19.740845028897958,
    "db": 1.2475318824723551,
    "bic": -1080.3467781536542,
    "xb": 86.08549202770384
}