{
    "dataset": "blobs-P10-K16-N128-dt0.40-S3",
    "algorithm": "kmeans",
    "k": 10,
    "n": 128,
    "d": 10,
    "k_true": 16,
    "rand_score": 0.9207677165354331,
    "adjusted_rand_score": 0.4438838648262732,
    "accuracy": 0.5625,
    "f1_score": 0.4423177493114564,
    "precision": 0.37317664973914977,
    "recall": 0.5625,
    "sigui": 0.4543311659920544,
    "sse": 626.4553127480661,
    "sc": 0.13909358901304986,
    "ch": 13.678065835291964,
    "db": 1.6835002850419425,
    "bic": -1919.2113730692693,
    "xb": 154.9683245072966
}