{
    "dataset": "blobs-P5-K4-N1024-dt0.20-S1",
    "algorithm": "kmeans",
    "k": 4,
    "n": 1024,
    "d": 5,
    "k_true": 4,
    "rand_score": 0.9961109329178885,
    "adjusted_rand_score": 0.9896089424335887,
    "accuracy": 0.99609375,
    "f1_score": 0.9960898868150556,
    "precision": 0.9961050008894576,
    "recall": 0.99609375,
    "sigui": 0.3147517455141979,
    "sse": 990.7893568398313,
    "sc": 0.5104427284296333,
    "ch": 1416.9829429257923,
    "db": 0.7432889250214652,
    "bic": -4563.14455640114,
    "xb": 170.63387223257763
}