{
    "dataset": "blobs-P10-K2-N64-dt0.60-S5",
    "algorithm": "kmeans",
    "k": 8,
    "n": 64,
    "d": 10,
    "k_true": 2,
    "rand_score": 0.5595238095238095,
    "adjusted_rand_score": 0.10880300761461752,
    "accuracy": 0.328125,
    "f1_score": 0.11792214357937311,
    "precision": 0.21185064935064934,
    "recall": 0.08203125,
    "sigui": 0.4821730074585162,
    "sse": 385.72954781935204,
    "sc": 0.09666048844705935,
    "ch": 5.273548860710665,
    "db": 1.750918886310202,
    "bic": -1056.7369266289556,
    "xb": 60.66981881245364
}