{
    "dataset": "blobs-P5-K32-N1024-dt0.70-S6",
    "algorithm": "kmeans",
    "k": 20,
    "n": 1024,
    "d": 5,
    "k_true": 32,
    "rand_score": 0.9633373808651027,
    "adjusted_rand_score": 0.5508951990287925,
    "accuracy": 0.58984375,
    "f1_score": 0.47291528875593225,
    "precision": 0.4126882206564746,
    "recall": 0.58984375,
    "sigui": 0.3159081548439316,
    "sse": 1014.9164327562044,
    "sc": 0.27212502774776115,
    "ch": 213.73312222885596,
    "db": 1.1403582226694127,
    "bic": -6549.252737823005,
    "xb": 702.9700936611448
}