{
    "dataset": "blobs-P5-K8-N128-dt0.70-S6",
    "algorithm": "kmeans",
    "k": 10,
    "n": 128,
    "d": 5,
    "k_true": 8,
    "rand_score": 0.8887795275590551,
    "adjusted_rand_score": 0.4234578068818673,
    "accuracy": 0.59375,
    "f1_score": 0.5093474434020301,
    "precision": 0.5567889055389055,
    "recall": 0.475,
    "sigui": 0.36428010543807215,
    "sse": 186.9817542111574,
    "sc": 0.19236795269297646,
    "ch": 31.765519480529818,
    "db": 1.449958864988074,
    "bic": -952.4917967337369,
    "xb": 125.48296024705539
}