{
    "dataset": "blobs-P10-K16-N64-dt0.70-S6",
    "algorithm": "kmeans",
    "k": 32,
    "n": 64,
    "d": 10,
    "k_true": 16,
    "rand_score": 0.9295634920634921,
    "adjusted_rand_score": 0.007323568575233023,
    "accuracy": 0.296875,
    "f1_score": 0.1845734126984127,
    "precision": 0.2833333333333333,
    "recall": 0.1484375,
    "sigui": 0.26943323170786876,
    "sse": 120.99856016516682,
    "sc": 0.09954616419319814,
    "ch": 4.427684271892844,
    "db": 0.9212419771523339,
    "bic": -1381.671070472787,
    "xb": 31.99660005541159
}