{
    "dataset": "blobs-P2-K16-N1024-dt0.80-S7",
    "algorithm": "kmeans",
    "k": 20,
    "n": 1024,
    "d": 2,
    "k_true": 16,
    "rand_score": 0.9581996884164223,
    "adjusted_rand_score": 0.6207961952508086,
    "accuracy": 0.6875,
    "f1_score": 0.5854850180911535,
    "precision": 0.654571531524202,
    "recall": 0.55,
    "sigui": 0.10674339664878794,
    "sse": 40.55654479829609,
    "sc": 0.37730695737869224,
    "ch": 2615.6163712600733,
    "db": 0.9312954534099005,
    "bic": -2102.7227951659083,
    "xb": 305.0810919890471
}