{
    "dataset": "blobs-P2-K16-N64-dt0.80-S7",
    "algorithm": "kmeans",
    "k": 50,
    "n": 64,
    "d": 2,
    "k_true": 16,
    "rand_score": 0.9543650793650794,
    "adjusted_rand_score": 0.16724137931034483,
    "accuracy": 0.390625,
    "f1_score": 0.17123809523809524,
    "precision": 0.30333333333333334,
    "recall": 0.125,
    "sigui": 0.01487788791479721,
    "sse": 0.1087348778568309,
    "sc": 0.1984405675386806,
    "ch": 336.05005296995364,
    "db": 0.18879269845523022,
    "bic": -333.98724377894246,
    "xb": 105.99034086957131
}