{
    "dataset": "blobs-P10-K32-N128-dt0.30-S2",
    "algorithm": "kmeans",
    "k": 16,
    "n": 128,
    "d": 10,
    "k_true": 32,
    "rand_score": 0.9502952755905512,
    "adjusted_rand_score": 0.43426101530454725,
    "accuracy": 0.5,
    "f1_score": 0.3618632388852977,
    "precision": 0.30413874320124323,
    "recall": 0.5,
    "sigui": 0.4009053094617467,
    "sse": 464.37746703237934,
    "sc": 0.19790497043560554,
    "ch": 13.114291738593204,
    "db": 1.318936232768969,
    "bic": -1942.494697213842,
    "xb": 89.61371010064681
}