{
    "dataset": "blobs-P10-K8-N128-dt0.70-S6",
    "algorithm": "kmeans",
    "k": 8,
    "n": 128,
    "d": 10,
    "k_true": 8,
    "rand_score": 0.8038877952755905,
    "adjusted_rand_score": 0.08017847730866397,
    "accuracy": 0.328125,
    "f1_score": 0.3212373594980086,
    "precision": 0.32257044855729067,
    "recall": 0.328125,
    "sigui": 0.5065785250822147,
    "sse": 855.4806357018762,
    "sc": 0.06649177634598613,
    "ch": 8.506884332417977,
    "db": 2.187898339922399,
    "bic": -2036.0588743280528,
    "xb": 184.8966787136773
}