{
    "dataset": "blobs-P5-K2-N64-dt0.70-S6",
    "algorithm": "kmeans",
    "k": 50,
    "n": 64,
    "d": 5,
    "k_true": 2,
    "rand_score": 0.5124007936507936,
    "adjusted_rand_score": 0.009342056852174747,
    "accuracy": 0.078125,
    "f1_score": 0.005781512605042016,
    "precision": 0.04,
    "recall": 0.003125,
    "sigui": 0.0686118432234206,
    "sse": 7.752958363689121,
    "sc": 0.10370883326641708,
    "ch": 11.507019163852007,
    "db": 0.4261562570996205,
    "bic": -846.0161254294412,
    "xb": 17.02035288058141
}