{
    "dataset": "blobs-P10-K32-N128-dt0.70-S6",
    "algorithm": "kmeans",
    "k": 50,
    "n": 128,
    "d": 10,
    "k_true": 32,
    "rand_score": 0.9585383858267716,
    "adjusted_rand_score": 0.06554442042750158,
    "accuracy": 0.3515625,
    "f1_score": 0.2521062271062271,
    "precision": 0.3421111111111111,
    "recall": 0.225,
    "sigui": 0.304626315858082,
    "sse": 305.2829967186146,
    "sc": 0.06229966852094873,
    "ch": 5.082465608735404,
    "db": 1.0349702881028118,
    "bic": -2773.810663855305,
    "xb": 74.73343675712394
}