{
    "dataset": "blobs-P5-K8-N128-dt0.80-S7",
    "algorithm": "kmeans",
    "k": 2,
    "n": 128,
    "d": 5,
    "k_true": 8,
    "rand_score": 0.5428149606299213,
    "adjusted_rand_score": 0.08079281356882971,
    "accuracy": 0.234375,
    "f1_score": 0.09380863039399626,
    "precision": 0.05865102639296188,
    "recall": 0.234375,
    "sigui": 0.5322642200588334,
    "sse": 506.0551100241344,
    "sc": 0.18077448207393046,
    "ch": 33.35023360628483,
    "db": 1.8731792590325465,
    "bic": -950.7894140296672,
    "xb": 108.79726643884821
}