{
    "dataset": "blobs-P5-K16-N1024-dt0.70-S6",
    "algorithm": "kmeans",
    "k": 3,
    "n": 1024,
    "d": 5,
    "k_true": 16,
    "rand_score": 0.6955912451124144,
    "adjusted_rand_score": 0.16258602520356333,
    "accuracy": 0.1875,
    "f1_score": 0.06070332959221848,
    "precision": 0.0364210288755063,
    "recall": 0.1875,
    "sigui": 0.490293317136103,
    "sse": 3491.5842542293003,
    "sc": 0.20015754716885034,
    "ch": 238.08855169655268,
    "db": 1.6362902361728302,
    "bic": -7454.469968737539,
    "xb": 741.5384846974841
}