{
    "dataset": "blobs-P5-K32-N128-dt0.70-S6",
    "algorithm": "kmeans",
    "k": 20,
    "n": 128,
    "d": 5,
    "k_true": 32,
    "rand_score": 0.9655511811023622,
    "adjusted_rand_score": 0.5390199637023594,
    "accuracy": 0.625,
    "f1_score": 0.5126082251082251,
    "precision": 0.45900297619047614,
    "recall": 0.625,
    "sigui": 0.23162877942079438,
    "sse": 69.56641153554308,
    "sc": 0.40943922228273794,
    "ch": 46.609628648979616,
    "db": 0.7889098534369074,
    "bic": -864.700253910584,
    "xb": 58.76793686618505
}