{
    "dataset": "blobs-P10-K4-N1024-dt0.50-S4",
    "algorithm": "kmeans",
    "k": 4,
    "n": 1024,
    "d": 10,
    "k_true": 4,
    "rand_score": 0.7783422684506354,
    "adjusted_rand_score": 0.40905170521564227,
    "accuracy": 0.7265625,
    "f1_score": 0.7254946862603127,
    "precision": 0.7268709140245656,
    "recall": 0.7265625,
    "sigui": 0.5326154177045141,
    "sse": 7872.758542350167,
    "sc": 0.09892352475013655,
    "ch": 102.2338093149084,
    "db": 2.27178331684259,
    "bic": -14752.561160542458,
    "xb": 1423.5899868178253
}