{
    "dataset": "blobs-P2-K8-N128-dt0.20-S1",
    "algorithm": "kmeans",
    "k": 50,
    "n": 128,
    "d": 2,
    "k_true": 8,
    "rand_score": 0.8998523622047244,
    "adjusted_rand_score": 0.24032568598345116,
    "accuracy": 0.2890625,
    "f1_score": 0.07104306220095694,
    "precision": 0.16,
    "recall": 0.04625,
    "sigui": 0.02692235142654782,
    "sse": 0.3981969127597987,
    "sc": 0.41306194378245153,
    "ch": 1021.7968210459151,
    "db": 0.49875249392942483,
    "bic": -396.2318656868714,
    "xb": 150.97136822591634
}