{
    "dataset": "blobs-P2-K2-N64-dt0.90-S8",
    "algorithm": "kmeans",
    "k": 8,
    "n": 64,
    "d": 2,
    "k_true": 2,
    "rand_score": 0.5610119047619048,
    "adjusted_rand_score": 0.11199770653160686,
    "accuracy": 0.3125,
    "f1_score": 0.11666666666666667,
    "precision": 0.2403846153846154,
    "recall": 0.078125,
    "sigui": 0.23173128054992684,
    "sse": 18.65410698873022,
    "sc": 0.3576537055700455,
    "ch": 46.89407778236954,
    "db": 0.7550860684222419,
    "bic": -232.45747332932328,
    "xb": 29.93700818885641
}