{
    "dataset": "blobs-P2-K8-N64-dt0.90-S8",
    "algorithm": "kmeans",
    "k": 20,
    "n": 64,
    "d": 2,
    "k_true": 8,
    "rand_score": 0.8859126984126984,
    "adjusted_rand_score": 0.2456268221574344,
    "accuracy": 0.40625,
    "f1_score": 0.20652132181543945,
    "precision": 0.3177777777777778,
    "recall": 0.1625,
    "sigui": 0.09927927056664927,
    "sse": 2.878164010478878,
    "sc": 0.37233344121857137,
    "ch": 100.67384265025422,
    "db": 0.612476987727546,
    "bic": -249.70457365575015,
    "xb": 48.5535644788493
}