{
    "dataset": "blobs-P5-K32-N64-dt0.70-S6",
    "algorithm": "kmeans",
    "k": 3,
    "n": 64,
    "d": 5,
    "k_true": 32,
    "rand_score": 0.6760912698412699,
    "adjusted_rand_score": 0.042098400353924606,
    "accuracy": 0.09375,
    "f1_score": 0.01647801569140242,
    "precision": 0.009056507218271923,
    "recall": 0.09375,
    "sigui": 0.5077827304269691,
    "sse": 223.0448767226616,
    "sc": 0.16832548980802936,
    "ch": 13.258010241749595,
    "db": 1.7740891537583046,
    "bic": -503.2784821634881,
    "xb": 51.69907002733702
}