{
    "dataset": "blobs-P2-K32-N128-dt0.50-S4",
    "algorithm": "kmeans",
    "k": 25,
    "n": 128,
    "d": 2,
    "k_true": 32,
    "rand_score": 0.984251968503937,
    "adjusted_rand_score": 0.742393509127789,
    "accuracy": 0.78125,
    "f1_score": 0.7135416666666666,
    "precision": 0.6822916666666666,
    "recall": 0.78125,
    "sigui": 0.0525474336362669,
    "sse": 1.5239934094350636,
    "sc": 0.6872413390333831,
    "ch": 716.6213371985775,
    "db": 0.3608354366461016,
    "bic": -294.86697965465623,
    "xb": 56.47077064453773
}