{
    "dataset": "blobs-P10-K8-N64-dt0.30-S2",
    "algorithm": "kmeans",
    "k": 10,
    "n": 64,
    "d": 10,
    "k_true": 8,
    "rand_score": 0.9201388888888888,
    "adjusted_rand_score": 0.5835010060362174,
    "accuracy": 0.703125,
    "f1_score": 0.5873884938590821,
    "precision": 0.6427777777777777,
    "recall": 0.5625,
    "sigui": 0.3998184594047366,
    "sse": 219.0360594829273,
    "sc": 0.19465872512022353,
    "ch": 11.53135994623437,
    "db": 1.3896122596501148,
    "bic": -939.9324974772442,
    "xb": 43.98512341171847
}