{
    "dataset": "blobs-P5-K8-N64-dt1.00-S9",
    "algorithm": "kmeans",
    "k": 2,
    "n": 64,
    "d": 5,
    "k_true": 8,
    "rand_score": 0.4885912698412698,
    "adjusted_rand_score": 0.0025798129635601417,
    "accuracy": 0.1875,
    "f1_score": 0.07511283043197936,
    "precision": 0.047435897435897434,
    "recall": 0.1875,
    "sigui": 0.5400994743124966,
    "sse": 272.58228405708485,
    "sc": 0.14310639194892602,
    "ch": 10.785361193338066,
    "db": 2.2442828120509026,
    "bic": -496.25026358165866,
    "xb": 76.31590475999572
}