{
    "dataset": "blobs-P5-K4-N128-dt0.20-S1",
    "algorithm": "kmeans",
    "k": 8,
    "n": 128,
    "d": 5,
    "k_true": 4,
    "rand_score": 0.8927165354330708,
    "adjusted_rand_score": 0.665827796184648,
    "accuracy": 0.65625,
    "f1_score": 0.3806720065648637,
    "precision": 0.4910037878787879,
    "recall": 0.328125,
    "sigui": 0.30596842534038676,
    "sse": 119.64654821881786,
    "sc": 0.2779013545858827,
    "ch": 74.55580641877998,
    "db": 1.3126595334894393,
    "bic": -739.7549866949548,
    "xb": 119.51393357735417
}