{
    "dataset": "blobs-P2-K32-N128-dt1.00-S9",
    "algorithm": "kmeans",
    "k": 4,
    "n": 128,
    "d": 2,
    "k_true": 32,
    "rand_score": 0.7267470472440944,
    "adjusted_rand_score": 0.09943456647435754,
    "accuracy": 0.125,
    "f1_score": 0.034230870020964366,
    "precision": 0.020824159870327118,
    "recall": 0.125,
    "sigui": 0.3202159512897902,
    "sse": 59.17892598506931,
    "sc": 0.4416888531120374,
    "ch": 137.46905547654433,
    "db": 0.7631572635045882,
    "bic": -368.52878504030514,
    "xb": 32.506079724536484
}