{
    "dataset": "blobs-P10-K4-N1024-dt0.40-S3",
    "algorithm": "kmeans",
    "k": 3,
    "n": 1024,
    "d": 10,
    "k_true": 4,
    "rand_score": 0.7482492515884653,
    "adjusted_rand_score": 0.4013932424665107,
    "accuracy": 0.623046875,
    "f1_score": 0.5392578703680604,
    "precision": 0.4801246128931933,
    "recall": 0.623046875,
    "sigui": 0.5394583526733239,
    "sse": 8267.081026369455,
    "sc": 0.1085340970655462,
    "ch": 121.829595334292,
    "db": 2.303523551404123,
    "bic": -14660.167336001046,
    "xb": 1357.4273397565637
}