{
    "dataset": "blobs-P2-K4-N64-dt0.50-S4",
    "algorithm": "kmeans",
    "k": 8,
    "n": 64,
    "d": 2,
    "k_true": 4,
    "rand_score": 0.78125,
    "adjusted_rand_score": 0.29568788501026694,
    "accuracy": 0.484375,
    "f1_score": 0.2956730769230769,
    "precision": 0.396875,
    "recall": 0.2421875,
    "sigui": 0.23083602574810838,
    "sse": 14.712254965910592,
    "sc": 0.37271870008815144,
    "ch": 61.601838900473474,
    "db": 0.7747829372563569,
    "bic": -220.03463831063772,
    "xb": 20.213460353141635
}