{
    "dataset": "blobs-P5-K2-N128-dt0.20-S1",
    "algorithm": "kmeans",
    "k": 20,
    "n": 128,
    "d": 5,
    "k_true": 2,
    "rand_score": 0.5439222440944882,
    "adjusted_rand_score": 0.08132816356955667,
    "accuracy": 0.140625,
    "f1_score": 0.024490929285449832,
    "precision": 0.095,
    "recall": 0.0140625,
    "sigui": 0.3299223684778774,
    "sse": 163.4025666961737,
    "sc": 0.1816464597725011,
    "ch": 16.579177438735623,
    "db": 1.2277770729758033,
    "bic": -1139.8758874348343,
    "xb": 85.9878251797186
}