{
    "dataset": "blobs-P2-K8-N128-dt0.90-S8",
    "algorithm": "kmeans",
    "k": 3,
    "n": 128,
    "d": 2,
    "k_true": 8,
    "rand_score": 0.7100147637795275,
    "adjusted_rand_score": 0.2175350730214163,
    "accuracy": 0.359375,
    "f1_score": 0.19649582997040624,
    "precision": 0.13549994791531028,
    "recall": 0.359375,
    "sigui": 0.3732519534897165,
    "sse": 98.54496555954259,
    "sc": 0.3811195084243957,
    "ch": 99.86242926415686,
    "db": 0.9066201649655513,
    "bic": -403.0641178943871,
    "xb": 36.68063182200992
}