{
    "dataset": "blobs-P5-K16-N128-dt0.90-S8",
    "algorithm": "kmeans",
    "k": 32,
    "n": 128,
    "d": 5,
    "k_true": 16,
    "rand_score": 0.9429133858267716,
    "adjusted_rand_score": 0.32230834694206134,
    "accuracy": 0.484375,
    "f1_score": 0.2810477716727717,
    "precision": 0.34970238095238093,
    "recall": 0.2421875,
    "sigui": 0.2589832480766938,
    "sse": 93.08590000974644,
    "sc": 0.15618345586987858,
    "ch": 18.194694048832595,
    "db": 1.0987946470501586,
    "bic": -1193.8453429285623,
    "xb": 111.99290551252713
}