{
    "dataset": "blobs-P2-K4-N128-dt0.50-S4",
    "algorithm": "kmeans",
    "k": 20,
    "n": 128,
    "d": 2,
    "k_true": 4,
    "rand_score": 0.7695620078740157,
    "adjusted_rand_score": 0.153161524139085,
    "accuracy": 0.2734375,
    "f1_score": 0.08192611736089997,
    "precision": 0.1732142857142857,
    "recall": 0.0546875,
    "sigui": 0.13779650276105762,
    "sse": 10.530674118323981,
    "sc": 0.4056169623636539,
    "ch": 132.49857610125477,
    "db": 0.6818759846975078,
    "bic": -469.2602281407501,
    "xb": 45.04599290989603
}