{
    "dataset": "blobs-P5-K32-N128-dt0.40-S3",
    "algorithm": "kmeans",
    "k": 2,
    "n": 128,
    "d": 5,
    "k_true": 32,
    "rand_score": 0.437130905511811,
    "adjusted_rand_score": 0.032374909445179983,
    "accuracy": 0.0625,
    "f1_score": 0.008729139922978177,
    "precision": 0.0047520047520047525,
    "recall": 0.0625,
    "sigui": 0.5477207342047321,
    "sse": 516.7370089664587,
    "sc": 0.20021085802328367,
    "ch": 30.056172870781015,
    "db": 1.752251461031763,
    "bic": -945.7810952287001,
    "xb": 100.54491713372805
}