{
    "dataset": "blobs-P5-K8-N64-dt0.70-S6",
    "algorithm": "kmeans",
    "k": 2,
    "n": 64,
    "d": 5,
    "k_true": 8,
    "rand_score": 0.4826388888888889,
    "adjusted_rand_score": 0.07453416149068323,
    "accuracy": 0.25,
    "f1_score": 0.11180992313067784,
    "precision": 0.07485380116959064,
    "recall": 0.25,
    "sigui": 0.5094723417805104,
    "sse": 253.380076123807,
    "sc": 0.19275568353773628,
    "ch": 16.301342013591263,
    "db": 1.6218381874337404,
    "bic": -480.6689283973318,
    "xb": 47.08919070018056
}