{
    "dataset": "blobs-P10-K8-N64-dt0.20-S1",
    "algorithm": "kmeans",
    "k": 25,
    "n": 64,
    "d": 10,
    "k_true": 8,
    "rand_score": 0.9181547619047619,
    "adjusted_rand_score": 0.4219540677306345,
    "accuracy": 0.484375,
    "f1_score": 0.20045454545454547,
    "precision": 0.305,
    "recall": 0.155,
    "sigui": 0.2599302380397607,
    "sse": 100.04381904737588,
    "sc": 0.09344305810133774,
    "ch": 8.770444815111533,
    "db": 1.064813938009073,
    "bic": -1115.5584294432974,
    "xb": 46.045139866676394
}