{
    "dataset": "blobs-P2-K32-N128-dt0.30-S2",
    "algorithm": "kmeans",
    "k": 4,
    "n": 128,
    "d": 2,
    "k_true": 32,
    "rand_score": 0.7460629921259843,
    "adjusted_rand_score": 0.11848264729620663,
    "accuracy": 0.125,
    "f1_score": 0.033238636363636366,
    "precision": 0.020138888888888887,
    "recall": 0.125,
    "sigui": 0.29997273747497805,
    "sse": 50.84137886648823,
    "sc": 0.5357573471050787,
    "ch": 166.79110328197552,
    "db": 0.720565415494297,
    "bic": -352.6404751032976,
    "xb": 16.98885700754314
}