{
    "dataset": "blobs-P2-K2-N1024-dt0.40-S3",
    "algorithm": "kmeans",
    "k": 8,
    "n": 1024,
    "d": 2,
    "k_true": 2,
    "rand_score": 0.5764315279814272,
    "adjusted_rand_score": 0.15224907820799732,
    "accuracy": 0.2705078125,
    "f1_score": 0.10153451499578389,
    "precision": 0.20397322525178088,
    "recall": 0.067626953125,
    "sigui": 0.24656299092948192,
    "sse": 336.32626970824924,
    "sc": 0.31306019760063286,
    "ch": 738.6791877019516,
    "db": 0.9078016398097919,
    "bic": -3246.941630605156,
    "xb": 287.9561945686676
}