{
    "dataset": "blobs-P2-K8-N128-dt0.30-S2",
    "algorithm": "kmeans",
    "k": 25,
    "n": 128,
    "d": 2,
    "k_true": 8,
    "rand_score": 0.9258120078740157,
    "adjusted_rand_score": 0.5144281067508703,
    "accuracy": 0.515625,
    "f1_score": 0.2140044818305688,
    "precision": 0.3142857142857143,
    "recall": 0.165,
    "sigui": 0.054211183878472506,
    "sse": 1.6406799641946779,
    "sc": 0.4032347215988098,
    "ch": 665.3493910919339,
    "db": 0.7169412702491498,
    "bic": -292.4796542935543,
    "xb": 96.28807125285623
}