{
    "dataset": "blobs-P10-K8-N1024-dt1.00-S9",
    "algorithm": "kmeans",
    "k": 2,
    "n": 1024,
    "d": 10,
    "k_true": 8,
    "rand_score": 0.5131220216275659,
    "adjusted_rand_score": 0.032202678749485986,
    "accuracy": 0.2021484375,
    "f1_score": 0.08112556759716993,
    "precision": 0.05083919489649384,
    "recall": 0.2021484375,
    "sigui": 0.5648904317262462,
    "sse": 9434.26151991256,
    "sc": 0.07756786261115997,
    "ch": 87.29929532734708,
    "db": 3.326798695418308,
    "bic": -14891.669606766078,
    "xb": 2566.963979436098
}