{
    "dataset": "blobs-P10-K4-N128-dt1.00-S9",
    "algorithm": "kmeans",
    "k": 3,
    "n": 128,
    "d": 10,
    "k_true": 4,
    "rand_score": 0.6147883858267716,
    "adjusted_rand_score": 0.06652064802229249,
    "accuracy": 0.3828125,
    "f1_score": 0.32676802441442915,
    "precision": 0.28547979797979794,
    "recall": 0.3828125,
    "sigui": 0.5538968872205293,
    "sse": 1098.4012268985064,
    "sc": 0.07025067885465025,
    "ch": 10.333130590987691,
    "db": 2.8955311413019325,
    "bic": -1938.9324058392592,
    "xb": 270.5348849760787
}