{
    "dataset": "blobs-P10-K8-N128-dt0.30-S2",
    "algorithm": "kmeans",
    "k": 50,
    "n": 128,
    "d": 10,
    "k_true": 8,
    "rand_score": 0.8925935039370079,
    "adjusted_rand_score": 0.2028772943942368,
    "accuracy": 0.3046875,
    "f1_score": 0.07160440231012313,
    "precision": 0.14806349206349206,
    "recall": 0.04875,
    "sigui": 0.26346766670984,
    "sse": 205.92034269426196,
    "sc": 0.09161531607664919,
    "ch": 8.303013835914369,
    "db": 1.0030443361856565,
    "bic": -2522.7542752093414,
    "xb": 112.83366447299686
}