{
    "dataset": "blobs-P5-K32-N1024-dt0.40-S3",
    "algorithm": "kmeans",
    "k": 50,
    "n": 1024,
    "d": 5,
    "k_true": 32,
    "rand_score": 0.9878554954789834,
    "adjusted_rand_score": 0.7646617628758143,
    "accuracy": 0.775390625,
    "f1_score": 0.543560987360906,
    "precision": 0.6169988852328848,
    "recall": 0.49625,
    "sigui": 0.21585974104070602,
    "sse": 420.5801885865858,
    "sc": 0.25999186906167304,
    "ch": 222.1049864036947,
    "db": 1.4055521198430512,
    "bic": -5813.011409981263,
    "xb": 1437.3915099101787
}