{
    "dataset": "blobs-P10-K4-N64-dt0.50-S4",
    "algorithm": "kmeans",
    "k": 16,
    "n": 64,
    "d": 10,
    "k_true": 4,
    "rand_score": 0.7589285714285714,
    "adjusted_rand_score": 0.1347914547304171,
    "accuracy": 0.328125,
    "f1_score": 0.11009076973750886,
    "precision": 0.17209821428571428,
    "recall": 0.08203125,
    "sigui": 0.40544351819428975,
    "sse": 275.8923555936862,
    "sc": 0.06249120022455387,
    "ch": 4.223185015739046,
    "db": 1.3435126395540038,
    "bic": -1179.323082731833,
    "xb": 56.86099241178082
}