{
    "dataset": "blobs-P2-K32-N128-dt0.60-S5",
    "algorithm": "kmeans",
    "k": 2,
    "n": 128,
    "d": 2,
    "k_true": 32,
    "rand_score": 0.49606299212598426,
    "adjusted_rand_score": 0.04241281809613572,
    "accuracy": 0.0625,
    "f1_score": 0.007783882783882784,
    "precision": 0.004166666666666667,
    "recall": 0.0625,
    "sigui": 0.4069912282275884,
    "sse": 144.23956740124402,
    "sc": 0.428544887121055,
    "ch": 97.62795854947777,
    "db": 0.943079343999347,
    "bic": -389.0664007804999,
    "xb": 35.01839938245555
}