{
    "dataset": "blobs-P10-K4-N128-dt0.10-S0",
    "algorithm": "kmeans",
    "k": 8,
    "n": 128,
    "d": 10,
    "k_true": 4,
    "rand_score": 0.9173228346456693,
    "adjusted_rand_score": 0.7469399373754626,
    "accuracy": 0.7265625,
    "f1_score": 0.40993941553813257,
    "precision": 0.5,
    "recall": 0.36328125,
    "sigui": 0.2538618667473437,
    "sse": 141.8382170144609,
    "sc": 0.23889035674302567,
    "ch": 137.56056203943558,
    "db": 1.7356020658800335,
    "bic": -866.8197873344733,
    "xb": 160.1308541044718
}