{
    "dataset": "blobs-P2-K32-N64-dt0.60-S5",
    "algorithm": "kmeans",
    "k": 50,
    "n": 64,
    "d": 2,
    "k_true": 32,
    "rand_score": 0.9900793650793651,
    "adjusted_rand_score": 0.5609756097560976,
    "accuracy": 0.703125,
    "f1_score": 0.51,
    "precision": 0.63,
    "recall": 0.45,
    "sigui": 0.008466970468014378,
    "sse": 0.028833512195184572,
    "sc": 0.3162347647952363,
    "ch": 1268.0796629136787,
    "db": 0.11424122016561956,
    "bic": -250.08178630275182,
    "xb": 142.6879902784771
}