{
    "dataset": "blobs-P10-K32-N1024-dt0.30-S2",
    "algorithm": "kmeans",
    "k": 3,
    "n": 1024,
    "d": 10,
    "k_true": 32,
    "rand_score": 0.6887658082844574,
    "adjusted_rand_score": 0.09807839813699429,
    "accuracy": 0.09375,
    "f1_score": 0.016171578753406458,
    "precision": 0.008854858398847188,
    "recall": 0.09375,
    "sigui": 0.5466041705025718,
    "sse": 8194.539340640375,
    "sc": 0.1244148166411957,
    "ch": 127.4272565175683,
    "db": 2.4043661681382025,
    "bic": -14624.664615091242,
    "xb": 1454.354113092066
}