{
    "dataset": "blobs-P5-K16-N1024-dt1.00-S9",
    "algorithm": "kmeans",
    "k": 20,
    "n": 1024,
    "d": 5,
    "k_true": 16,
    "rand_score": 0.9074012554985337,
    "adjusted_rand_score": 0.13194973710247507,
    "accuracy": 0.306640625,
    "f1_score": 0.2740925034836123,
    "precision": 0.3173869334602871,
    "recall": 0.2453125,
    "sigui": 0.39534360490670867,
    "sse": 1785.6771352009487,
    "sc": 0.1440120125825972,
    "ch": 98.66993104732683,
    "db": 1.4192404891054708,
    "bic": -8028.875748628987,
    "xb": 672.0395849123663
}