{
    "dataset": "blobs-P2-K2-N1024-dt0.70-S6",
    "algorithm": "kmeans",
    "k": 8,
    "n": 1024,
    "d": 2,
    "k_true": 2,
    "rand_score": 0.5334436858504399,
    "adjusted_rand_score": 0.06622008038391727,
    "accuracy": 0.23828125,
    "f1_score": 0.08838638003722131,
    "precision": 0.17164245216158752,
    "recall": 0.0595703125,
    "sigui": 0.2809890493783873,
    "sse": 392.0288735846442,
    "sc": 0.30270588893547556,
    "ch": 613.0986690757222,
    "db": 0.9242435957043034,
    "bic": -3383.7224645435126,
    "xb": 324.97383898954985
}