{
    "dataset": "blobs-P10-K16-N1024-dt0.50-S4",
    "algorithm": "kmeans",
    "k": 50,
    "n": 1024,
    "d": 10,
    "k_true": 16,
    "rand_score": 0.9322859390273704,
    "adjusted_rand_score": 0.1462846103614254,
    "accuracy": 0.2421875,
    "f1_score": 0.11331208367485393,
    "precision": 0.21488858117050336,
    "recall": 0.0775,
    "sigui": 0.43364594007219903,
    "sse": 4370.398720963428,
    "sc": 0.08096802031098113,
    "ch": 26.69625961902684,
    "db": 1.9132539146558225,
    "bic": -16057.65086872155,
    "xb": 1384.304613006627
}