{
    "dataset": "blobs-P10-K8-N64-dt0.40-S3",
    "algorithm": "kmeans",
    "k": 8,
    "n": 64,
    "d": 10,
    "k_true": 8,
    "rand_score": 0.8754960317460317,
    "adjusted_rand_score": 0.41642986308447427,
    "accuracy": 0.609375,
    "f1_score": 0.6043732583206267,
    "precision": 0.6642940392940393,
    "recall": 0.609375,
    "sigui": 0.4568469410642706,
    "sse": 312.130982441458,
    "sc": 0.14430324092523666,
    "ch": 8.403370020982408,
    "db": 1.6381189329847614,
    "bic": -991.7870720648707,
    "xb": 77.70950074550167
}