{
    "dataset": "blobs-P5-K16-N64-dt0.90-S8",
    "algorithm": "kmeans",
    "k": 3,
    "n": 64,
    "d": 5,
    "k_true": 16,
    "rand_score": 0.6790674603174603,
    "adjusted_rand_score": 0.0797832712495767,
    "accuracy": 0.1875,
    "f1_score": 0.060476190476190475,
    "precision": 0.03622602887308769,
    "recall": 0.1875,
    "sigui": 0.5040657326404058,
    "sse": 224.49847586260125,
    "sc": 0.16250323788635612,
    "ch": 12.974682678796297,
    "db": 1.8139138240295907,
    "bic": -504.31783032442473,
    "xb": 57.122217808613385
}