{
    "dataset": "blobs-P10-K2-N64-dt1.00-S9",
    "algorithm": "kmeans",
    "k": 4,
    "n": 64,
    "d": 10,
    "k_true": 2,
    "rand_score": 0.5014880952380952,
    "adjusted_rand_score": -0.00476077124494168,
    "accuracy": 0.34375,
    "f1_score": 0.21639150943396226,
    "precision": 0.29538690476190477,
    "recall": 0.171875,
    "sigui": 0.5354362608474438,
    "sse": 492.4520342032186,
    "sc": 0.07420637554986628,
    "ch": 5.992379178025421,
    "db": 2.29362608420478,
    "bic": -1002.4760734488624,
    "xb": 94.13133638174726
}