{
    "dataset": "blobs-P5-K16-N64-dt0.20-S1",
    "algorithm": "kmeans",
    "k": 25,
    "n": 64,
    "d": 5,
    "k_true": 16,
    "rand_score": 0.9831349206349206,
    "adjusted_rand_score": 0.781651376146789,
    "accuracy": 0.796875,
    "f1_score": 0.5542857142857143,
    "precision": 0.6266666666666666,
    "recall": 0.51,
    "sigui": 0.12365481956910754,
    "sse": 9.352939078421075,
    "sc": 0.4073134392479227,
    "ch": 53.972496748346664,
    "db": 0.6152312195320754,
    "bic": -416.7666217832648,
    "xb": 47.9210566487438
}