{
    "dataset": "blobs-P10-K16-N64-dt0.60-S5",
    "algorithm": "kmeans",
    "k": 16,
    "n": 64,
    "d": 10,
    "k_true": 16,
    "rand_score": 0.9067460317460317,
    "adjusted_rand_score": 0.13459009206488382,
    "accuracy": 0.421875,
    "f1_score": 0.420603354978355,
    "precision": 0.49613095238095234,
    "recall": 0.421875,
    "sigui": 0.39767311757103285,
    "sse": 258.18659741756335,
    "sc": 0.09194052029337302,
    "ch": 4.732247531376637,
    "db": 1.3731162605365093,
    "bic": -1163.1359897306786,
    "xb": 69.75885351395078
}