{
    "dataset": "blobs-P2-K8-N1024-dt0.30-S2",
    "algorithm": "kmeans",
    "k": 2,
    "n": 1024,
    "d": 2,
    "k_true": 8,
    "rand_score": 0.4995112414467253,
    "adjusted_rand_score": 0.15698393077873918,
    "accuracy": 0.25,
    "f1_score": 0.11904761904761904,
    "precision": 0.08333333333333333,
    "recall": 0.25,
    "sigui": 0.441354761750429,
    "sse": 1005.8914035690138,
    "sc": 0.5665463884652328,
    "ch": 1058.7971840435341,
    "db": 0.8984683591216617,
    "bic": -2774.560334954773,
    "xb": 170.61048364856612
}