{
    "dataset": "blobs-P10-K4-N64-dt1.00-S9",
    "algorithm": "kmeans",
    "k": 4,
    "n": 64,
    "d": 10,
    "k_true": 4,
    "rand_score": 0.6235119047619048,
    "adjusted_rand_score": -0.02232056955936117,
    "accuracy": 0.3125,
    "f1_score": 0.30955170320089676,
    "precision": 0.31205357142857143,
    "recall": 0.3125,
    "sigui": 0.5301226449504659,
    "sse": 480.480766421343,
    "sc": 0.08251037790326674,
    "ch": 6.639984146161289,
    "db": 2.162423481145299,
    "bic": -995.9629969806622,
    "xb": 84.22839640787247
}