{
    "dataset": "blobs-P2-K8-N128-dt0.20-S1",
    "algorithm": "kmeans",
    "k": 10,
    "n": 128,
    "d": 2,
    "k_true": 8,
    "rand_score": 0.984375,
    "adjusted_rand_score": 0.9204374485129809,
    "accuracy": 0.8828125,
    "f1_score": 0.7386666666666667,
    "precision": 0.8,
    "recall": 0.70625,
    "sigui": 0.08757263837638173,
    "sse": 4.279158321020697,
    "sc": 0.619442034803312,
    "ch": 771.259130101147,
    "db": 0.631750371628011,
    "bic": -200.96295800113322,
    "xb": 55.51085315812086
}