{
    "dataset": "blobs-P10-K8-N128-dt0.10-S0",
    "algorithm": "kmeans",
    "k": 16,
    "n": 128,
    "d": 10,
    "k_true": 8,
    "rand_score": 0.9568159448818898,
    "adjusted_rand_score": 0.7537087069665678,
    "accuracy": 0.703125,
    "f1_score": 0.4013344988344988,
    "precision": 0.5,
    "recall": 0.3515625,
    "sigui": 0.1782885194241844,
    "sse": 64.20556666648255,
    "sc": 0.33014937508226244,
    "ch": 141.38854682251787,
    "db": 1.4317802848217163,
    "bic": -667.7549098280679,
    "xb": 193.11523896082764
}