{
    "dataset": "blobs-P10-K8-N128-dt0.30-S2",
    "algorithm": "kmeans",
    "k": 16,
    "n": 128,
    "d": 10,
    "k_true": 8,
    "rand_score": 0.921136811023622,
    "adjusted_rand_score": 0.5332087134526396,
    "accuracy": 0.6171875,
    "f1_score": 0.36863654225723186,
    "precision": 0.4729506604506605,
    "recall": 0.30859375,
    "sigui": 0.3979524953632557,
    "sse": 439.27426523288904,
    "sc": 0.12005884524060251,
    "ch": 14.290431551382468,
    "db": 1.7692032583769999,
    "bic": -1906.8859684000056,
    "xb": 144.78118604455398
}