{
    "dataset": "blobs-P2-K4-N128-dt0.10-S0",
    "algorithm": "kmeans",
    "k": 20,
    "n": 128,
    "d": 2,
    "k_true": 4,
    "rand_score": 0.8068405511811023,
    "adjusted_rand_score": 0.2850278616455941,
    "accuracy": 0.3046875,
    "f1_score": 0.09329335818275127,
    "precision": 0.2,
    "recall": 0.0609375,
    "sigui": 0.030549309288470147,
    "sse": 0.42161963570959676,
    "sc": 0.3860812465652111,
    "ch": 3445.6680783389156,
    "db": 0.7861780927573705,
    "bic": -62.43709221345449,
    "xb": 73.56305942916244
}