{
    "dataset": "blobs-P2-K2-N128-dt0.70-S6",
    "algorithm": "kmeans",
    "k": 4,
    "n": 128,
    "d": 2,
    "k_true": 2,
    "rand_score": 0.5645915354330708,
    "adjusted_rand_score": 0.1260963824967675,
    "accuracy": 0.515625,
    "f1_score": 0.3097153465346535,
    "precision": 0.3917511261261261,
    "recall": 0.2578125,
    "sigui": 0.35571242674913706,
    "sse": 85.70242771146901,
    "sc": 0.34359162966667633,
    "ch": 82.13263625339866,
    "db": 0.9067417927221851,
    "bic": -421.774984145291,
    "xb": 34.94102905758963
}