{
    "dataset": "blobs-P2-K4-N64-dt0.90-S8",
    "algorithm": "kmeans",
    "k": 10,
    "n": 64,
    "d": 2,
    "k_true": 4,
    "rand_score": 0.7609126984126984,
    "adjusted_rand_score": 0.21644217371110078,
    "accuracy": 0.421875,
    "f1_score": 0.2117922077922078,
    "precision": 0.29444444444444445,
    "recall": 0.16875,
    "sigui": 0.20338438770796105,
    "sse": 12.187731361381564,
    "sc": 0.4167045186147291,
    "ch": 57.01418838566703,
    "db": 0.6717865123739413,
    "bic": -228.57128423851654,
    "xb": 22.194051135652686
}