{
    "dataset": "blobs-P2-K4-N64-dt1.00-S9",
    "algorithm": "kmeans",
    "k": 32,
    "n": 64,
    "d": 2,
    "k_true": 4,
    "rand_score": 0.7663690476190477,
    "adjusted_rand_score": 0.07239988746131483,
    "accuracy": 0.1875,
    "f1_score": 0.03824143692564745,
    "precision": 0.1125,
    "recall": 0.0234375,
    "sigui": 0.06884193500556729,
    "sse": 1.4402889480659904,
    "sc": 0.2815498115905858,
    "ch": 90.70560636573339,
    "db": 0.4631080743267004,
    "bic": -318.70929335416037,
    "xb": 55.22161836235162
}