{
    "dataset": "blobs-P10-K32-N64-dt1.00-S9",
    "algorithm": "kmeans",
    "k": 50,
    "n": 64,
    "d": 10,
    "k_true": 32,
    "rand_score": 0.9756944444444444,
    "adjusted_rand_score": 0.027716535433070868,
    "accuracy": 0.515625,
    "f1_score": 0.4059999999999999,
    "precision": 0.5683333333333332,
    "recall": 0.33,
    "sigui": 0.10288966078599304,
    "sse": 32.86241219820161,
    "sc": 0.04214196645323605,
    "ch": 5.278610747831173,
    "db": 0.5246668601479324,
    "bic": -1582.360985413623,
    "xb": 15.641978724537648
}