{
    "dataset": "blobs-P2-K32-N64-dt0.30-S2",
    "algorithm": "kmeans",
    "k": 50,
    "n": 64,
    "d": 2,
    "k_true": 32,
    "rand_score": 0.9910714285714286,
    "adjusted_rand_score": 0.6048780487804878,
    "accuracy": 0.71875,
    "f1_score": 0.52,
    "precision": 0.64,
    "recall": 0.46,
    "sigui": 0.005744814996787868,
    "sse": 0.012759731462197018,
    "sc": 0.3670396850547758,
    "ch": 2865.8740226788095,
    "db": 0.07298154787931552,
    "bic": -197.90616414986488,
    "xb": 182.64624228584947
}