{
    "dataset": "blobs-P5-K32-N128-dt0.60-S5",
    "algorithm": "kmeans",
    "k": 4,
    "n": 128,
    "d": 5,
    "k_true": 32,
    "rand_score": 0.7695620078740157,
    "adjusted_rand_score": 0.1130802128270426,
    "accuracy": 0.125,
    "f1_score": 0.028104198668714796,
    "precision": 0.015857611378356284,
    "recall": 0.125,
    "sigui": 0.46914187417087405,
    "sse": 344.8149236767532,
    "sc": 0.23015449505929697,
    "ch": 35.38415050194292,
    "db": 1.4591945169082838,
    "bic": -945.0841459398381,
    "xb": 76.0246632477276
}