{
    "dataset": "blobs-P2-K8-N64-dt0.70-S6",
    "algorithm": "kmeans",
    "k": 8,
    "n": 64,
    "d": 2,
    "k_true": 8,
    "rand_score": 0.8978174603174603,
    "adjusted_rand_score": 0.5253456221198156,
    "accuracy": 0.734375,
    "f1_score": 0.7067105688429218,
    "precision": 0.7915064102564102,
    "recall": 0.734375,
    "sigui": 0.18418475631851416,
    "sse": 8.787648973749285,
    "sc": 0.44335522902103197,
    "ch": 108.5271852641044,
    "db": 0.6117053965241979,
    "bic": -186.32022132487324,
    "xb": 19.333012057402726
}