{
    "dataset": "blobs-P5-K8-N128-dt0.80-S7",
    "algorithm": "kmeans",
    "k": 50,
    "n": 128,
    "d": 5,
    "k_true": 8,
    "rand_score": 0.8765994094488189,
    "adjusted_rand_score": 0.06593680567267714,
    "accuracy": 0.1875,
    "f1_score": 0.04709090909090909,
    "precision": 0.11166666666666666,
    "recall": 0.03,
    "sigui": 0.21364555294556142,
    "sse": 63.49153503139807,
    "sc": 0.18294235047729232,
    "ch": 14.45401110471138,
    "db": 0.8225805171597423,
    "bic": -1412.1719152508647,
    "xb": 95.12636512808994
}