{
    "dataset": "blobs-P10-K2-N1024-dt0.60-S5",
    "algorithm": "kmeans",
    "k": 25,
    "n": 1024,
    "d": 10,
    "k_true": 2,
    "rand_score": 0.5116003787878788,
    "adjusted_rand_score": 0.02232196504502306,
    "accuracy": 0.08984375,
    "f1_score": 0.013105556965237249,
    "precision": 0.07426470588235294,
    "recall": 0.0071875,
    "sigui": 0.4742164733330644,
    "sse": 5638.151065747814,
    "sc": 0.07895754948706393,
    "ch": 33.97425142648976,
    "db": 1.9290303265967834,
    "bic": -15709.708033815428,
    "xb": 1215.9666827061271
}