{
    "dataset": "blobs-P2-K2-N1024-dt0.10-S0",
    "algorithm": "kmeans",
    "k": 8,
    "n": 1024,
    "d": 2,
    "k_true": 2,
    "rand_score": 0.6485272330156403,
    "adjusted_rand_score": 0.2965705382256148,
    "accuracy": 0.369140625,
    "f1_score": 0.13399631255200772,
    "precision": 0.25,
    "recall": 0.09228515625,
    "sigui": 0.2015397492978291,
    "sse": 175.6430352284579,
    "sc": 0.44415956187812644,
    "ch": 1547.2983722235128,
    "db": 0.6923148554943049,
    "bic": -2485.0373723227904,
    "xb": 237.84524987805025
}