{
    "dataset": "blobs-P5-K16-N64-dt0.30-S2",
    "algorithm": "kmeans",
    "k": 8,
    "n": 64,
    "d": 5,
    "k_true": 16,
    "rand_score": 0.9092261904761905,
    "adjusted_rand_score": 0.46647230320699706,
    "accuracy": 0.5,
    "f1_score": 0.364828431372549,
    "precision": 0.3127913752913753,
    "recall": 0.5,
    "sigui": 0.3412541968213643,
    "sse": 83.36480847931237,
    "sc": 0.3502538171758337,
    "ch": 22.708401383004247,
    "db": 0.9258659633453115,
    "bic": -466.7452405500378,
    "xb": 20.377855786126876
}