{
    "dataset": "blobs-P2-K8-N1024-dt0.10-S0",
    "algorithm": "kmeans",
    "k": 25,
    "n": 1024,
    "d": 2,
    "k_true": 8,
    "rand_score": 0.9188374419599218,
    "adjusted_rand_score": 0.48123953167362044,
    "accuracy": 0.408203125,
    "f1_score": 0.1827676738145785,
    "precision": 0.32,
    "recall": 0.130625,
    "sigui": 0.021381251272866657,
    "sse": 1.7006144223693171,
    "sc": 0.33741563253253787,
    "ch": 50141.63266894863,
    "db": 0.9898384636653091,
    "bic": 847.018439252673,
    "xb": 139.9545740105257
}