{
    "dataset": "blobs-P5-K2-N1024-dt0.50-S4",
    "algorithm": "kmeans",
    "k": 20,
    "n": 1024,
    "d": 5,
    "k_true": 2,
    "rand_score": 0.521505376344086,
    "adjusted_rand_score": 0.042170730408333544,
    "accuracy": 0.12109375,
    "f1_score": 0.021501415320429144,
    "precision": 0.09683716333086237,
    "recall": 0.012109375,
    "sigui": 0.3947554072787956,
    "sse": 1849.1108263174672,
    "sc": 0.13133263008651036,
    "ch": 93.47231521220976,
    "db": 1.4400597881370911,
    "bic": -8117.839562607743,
    "xb": 992.751418568929
}