{
    "dataset": "blobs-P5-K32-N128-dt0.90-S8",
    "algorithm": "kmeans",
    "k": 10,
    "n": 128,
    "d": 5,
    "k_true": 32,
    "rand_score": 0.9007135826771654,
    "adjusted_rand_score": 0.17647106089947048,
    "accuracy": 0.296875,
    "f1_score": 0.1473684500484036,
    "precision": 0.10045046864899806,
    "recall": 0.296875,
    "sigui": 0.3890223182736637,
    "sse": 217.05703483936725,
    "sc": 0.21258836892773164,
    "ch": 25.547442928940825,
    "db": 1.229394387428563,
    "bic": -997.8213860029412,
    "xb": 65.55362318220597
}