{
    "dataset": "blobs-P5-K8-N1024-dt0.90-S8",
    "algorithm": "kmeans",
    "k": 10,
    "n": 1024,
    "d": 5,
    "k_true": 8,
    "rand_score": 0.8314852150537635,
    "adjusted_rand_score": 0.154548082743098,
    "accuracy": 0.376953125,
    "f1_score": 0.3325055497096575,
    "precision": 0.3722154939264832,
    "recall": 0.3015625,
    "sigui": 0.4288767241093918,
    "sse": 2376.7122555848696,
    "sc": 0.14434096303484234,
    "ch": 130.04396520634467,
    "db": 1.5291601407583826,
    "bic": -7861.728933759418,
    "xb": 759.1203892686268
}