{
    "dataset": "blobs-P2-K16-N128-dt0.50-S4",
    "algorithm": "kmeans",
    "k": 8,
    "n": 128,
    "d": 2,
    "k_true": 16,
    "rand_score": 0.906619094488189,
    "adjusted_rand_score": 0.49718056388722254,
    "accuracy": 0.5,
    "f1_score": 0.3657145550527903,
    "precision": 0.31126792114695345,
    "recall": 0.5,
    "sigui": 0.15227017916388022,
    "sse": 12.766104977633669,
    "sc": 0.6530291757500433,
    "ch": 326.62459865201885,
    "db": 0.45157474190969005,
    "bic": -290.14306154620334,
    "xb": 26.48679668033853
}