{
    "dataset": "blobs-P5-K32-N128-dt0.70-S6",
    "algorithm": "kmeans",
    "k": 25,
    "n": 128,
    "d": 5,
    "k_true": 32,
    "rand_score": 0.9795767716535433,
    "adjusted_rand_score": 0.6633343979559246,
    "accuracy": 0.7734375,
    "f1_score": 0.7046942640692642,
    "precision": 0.6686011904761904,
    "recall": 0.7734375,
    "sigui": 0.20262119751866758,
    "sse": 51.35142622662743,
    "sc": 0.41355564010509105,
    "ch": 49.195974641383884,
    "db": 0.8317400642279277,
    "bic": -875.363908475286,
    "xb": 55.05158675207974
}