{
    "dataset": "blobs-P10-K4-N128-dt0.70-S6",
    "algorithm": "kmeans",
    "k": 16,
    "n": 128,
    "d": 10,
    "k_true": 4,
    "rand_score": 0.734498031496063,
    "adjusted_rand_score": 0.0555570871297228,
    "accuracy": 0.2109375,
    "f1_score": 0.07799549282018794,
    "precision": 0.15425347222222222,
    "recall": 0.052734375,
    "sigui": 0.45488647985266617,
    "sse": 662.4407993372624,
    "sc": 0.0645232146793016,
    "ch": 6.960786085179158,
    "db": 1.7524535627078506,
    "bic": -2163.0629044752636,
    "xb": 197.4280294404254
}