{
    "dataset": "blobs-P5-K4-N64-dt0.30-S2",
    "algorithm": "kmeans",
    "k": 32,
    "n": 64,
    "d": 5,
    "k_true": 4,
    "rand_score": 0.7901785714285714,
    "adjusted_rand_score": 0.17711903659101436,
    "accuracy": 0.28125,
    "f1_score": 0.05334713595583161,
    "precision": 0.125,
    "recall": 0.03515625,
    "sigui": 0.12847701027201697,
    "sse": 13.034555626845384,
    "sc": 0.18817298990725587,
    "ch": 24.309808830717614,
    "db": 0.6544726011985502,
    "bic": -580.3747824266766,
    "xb": 41.480095693489055
}