{
    "dataset": "blobs-P5-K2-N1024-dt0.20-S1",
    "algorithm": "kmeans",
    "k": 16,
    "n": 1024,
    "d": 5,
    "k_true": 2,
    "rand_score": 0.5648387860459433,
    "adjusted_rand_score": 0.12893724584068192,
    "accuracy": 0.1708984375,
    "f1_score": 0.03648740393658284,
    "precision": 0.125,
    "recall": 0.0213623046875,
    "sigui": 0.37208054726475875,
    "sse": 1537.349349945918,
    "sc": 0.149983637936089,
    "ch": 156.60339251589355,
    "db": 1.5031307047324725,
    "bic": -7326.32966763925,
    "xb": 983.9146607866626
}