{
    "dataset": "blobs-P5-K16-N1024-dt0.30-S2",
    "algorithm": "kmeans",
    "k": 32,
    "n": 1024,
    "d": 5,
    "k_true": 16,
    "rand_score": 0.9699298936950147,
    "adjusted_rand_score": 0.6745648503498212,
    "accuracy": 0.638671875,
    "f1_score": 0.3823290213015749,
    "precision": 0.49174367622848325,
    "recall": 0.3193359375,
    "sigui": 0.21546949981128316,
    "sse": 439.76155794968975,
    "sc": 0.19471184755472784,
    "ch": 340.5655347499561,
    "db": 1.7341254164807194,
    "bic": -5117.575701011108,
    "xb": 1136.0949888266923
}