{
    "dataset": "blobs-P10-K16-N64-dt0.60-S5",
    "algorithm": "kmeans",
    "k": 50,
    "n": 64,
    "d": 10,
    "k_true": 16,
    "rand_score": 0.9464285714285714,
    "adjusted_rand_score": 0.05342237061769616,
    "accuracy": 0.3125,
    "f1_score": 0.14152380952380952,
    "precision": 0.2766666666666666,
    "recall": 0.1,
    "sigui": 0.10059291726152969,
    "sse": 35.065691381093075,
    "sc": 0.04362070181427595,
    "ch": 4.92898805310048,
    "db": 0.5315921310015562,
    "bic": -1602.6037150820457,
    "xb": 22.486624344032506
}