{
    "dataset": "blobs-P2-K16-N1024-dt0.20-S1",
    "algorithm": "kmeans",
    "k": 32,
    "n": 1024,
    "d": 2,
    "k_true": 16,
    "rand_score": 0.9716539131231672,
    "adjusted_rand_score": 0.6888771596752585,
    "accuracy": 0.607421875,
    "f1_score": 0.3727494387235015,
    "precision": 0.5,
    "recall": 0.3037109375,
    "sigui": 0.03294884816676332,
    "sse": 4.936484953840984,
    "sc": 0.4614606721934388,
    "ch": 13243.84315819856,
    "db": 0.8067026346426678,
    "bic": -564.8847015158138,
    "xb": 227.4142566231508
}