{
    "dataset": "blobs-P5-K16-N1024-dt0.30-S2",
    "algorithm": "kmeans",
    "k": 8,
    "n": 1024,
    "d": 5,
    "k_true": 16,
    "rand_score": 0.8896322091886608,
    "adjusted_rand_score": 0.45528725007840815,
    "accuracy": 0.49609375,
    "f1_score": 0.3667889146522101,
    "precision": 0.3126000553009715,
    "recall": 0.49609375,
    "sigui": 0.34609367171315364,
    "sse": 1389.7799227438497,
    "sc": 0.3430381376776046,
    "ch": 389.56873021714756,
    "db": 1.0015792328350797,
    "bic": -6088.426304271645,
    "xb": 377.82453912227265
}