{
    "dataset": "blobs-P5-K8-N128-dt0.40-S3",
    "algorithm": "kmeans",
    "k": 20,
    "n": 128,
    "d": 5,
    "k_true": 8,
    "rand_score": 0.8992372047244095,
    "adjusted_rand_score": 0.3586372745490982,
    "accuracy": 0.4375,
    "f1_score": 0.23105694627433762,
    "precision": 0.3507142857142857,
    "recall": 0.175,
    "sigui": 0.30841316107153577,
    "sse": 128.55765305349274,
    "sc": 0.17066613237612077,
    "ch": 22.613558221285565,
    "db": 1.3328978521189907,
    "bic": -1062.0275568549137,
    "xb": 150.24240584506202
}