{
    "dataset": "blobs-P2-K32-N1024-dt0.80-S7",
    "algorithm": "kmeans",
    "k": 2,
    "n": 1024,
    "d": 2,
    "k_true": 32,
    "rand_score": 0.5159323833088955,
    "adjusted_rand_score": 0.05547583786267928,
    "accuracy": 0.0625,
    "f1_score": 0.007536948713419303,
    "precision": 0.004016962250754161,
    "recall": 0.0625,
    "sigui": 0.39005448907744134,
    "sse": 1243.0616208221318,
    "sc": 0.3771132250135598,
    "ch": 661.7990072717123,
    "db": 1.0953346906488046,
    "bic": -3111.1191323593594,
    "xb": 334.01919632628426
}