{
    "dataset": "blobs-P10-K16-N1024-dt0.20-S1",
    "algorithm": "kmeans",
    "k": 10,
    "n": 1024,
    "d": 10,
    "k_true": 16,
    "rand_score": 0.9451387616080157,
    "adjusted_rand_score": 0.6644065293530559,
    "accuracy": 0.625,
    "f1_score": 0.5101503206298956,
    "precision": 0.45761785786392084,
    "recall": 0.625,
    "sigui": 0.37886574379256605,
    "sse": 3213.170427960284,
    "sc": 0.37531962370438304,
    "ch": 246.3888806604753,
    "db": 1.0951094982249938,
    "bic": -11251.091957543904,
    "xb": 393.26803643230954
}