{
    "dataset": "blobs-P5-K32-N128-dt0.50-S4",
    "algorithm": "kmeans",
    "k": 16,
    "n": 128,
    "d": 5,
    "k_true": 32,
    "rand_score": 0.953986220472441,
    "adjusted_rand_score": 0.44830069458963456,
    "accuracy": 0.5,
    "f1_score": 0.35423534798534795,
    "precision": 0.2921717171717172,
    "recall": 0.5,
    "sigui": 0.28560235437921117,
    "sse": 109.19515927376015,
    "sc": 0.3111135123197256,
    "ch": 36.295957047139204,
    "db": 1.0189095641951935,
    "bic": -924.5012267286709,
    "xb": 60.349952248304895
}