{
    "dataset": "blobs-P2-K8-N128-dt0.40-S3",
    "algorithm": "kmeans",
    "k": 50,
    "n": 128,
    "d": 2,
    "k_true": 8,
    "rand_score": 0.8961614173228346,
    "adjusted_rand_score": 0.21344917667087382,
    "accuracy": 0.28125,
    "f1_score": 0.06979630895420369,
    "precision": 0.16,
    "recall": 0.045,
    "sigui": 0.03370664438094945,
    "sse": 0.6716180129569074,
    "sc": 0.3721335329189652,
    "ch": 605.1670592745165,
    "db": 0.522947323784605,
    "bic": -462.4120708566693,
    "xb": 161.0754957820572
}