{
    "dataset": "blobs-P5-K16-N1024-dt0.80-S7",
    "algorithm": "kmeans",
    "k": 3,
    "n": 1024,
    "d": 5,
    "k_true": 16,
    "rand_score": 0.6763673784213099,
    "adjusted_rand_score": 0.08533406966656526,
    "accuracy": 0.1689453125,
    "f1_score": 0.053480269804480896,
    "precision": 0.031776823120962756,
    "recall": 0.1689453125,
    "sigui": 0.5086698044733815,
    "sse": 3774.4339136509425,
    "sc": 0.14711201669436225,
    "ch": 181.99911407587567,
    "db": 1.910172110986857,
    "bic": -7670.854801780523,
    "xb": 1010.2084509854985
}