{
    "dataset": "blobs-P10-K4-N1024-dt0.50-S4",
    "algorithm": "kmeans",
    "k": 25,
    "n": 1024,
    "d": 10,
    "k_true": 4,
    "rand_score": 0.7526366232893451,
    "adjusted_rand_score": 0.08297264843084814,
    "accuracy": 0.181640625,
    "f1_score": 0.0483801685167602,
    "precision": 0.14599071185276355,
    "recall": 0.0290625,
    "sigui": 0.47330763710088686,
    "sse": 5507.168308634374,
    "sc": 0.07628438501492986,
    "ch": 35.7723076747487,
    "db": 2.0310706367760467,
    "bic": -15582.055255556848,
    "xb": 1292.4276318965747
}