{
    "dataset": "blobs-P2-K8-N1024-dt0.70-S6",
    "algorithm": "kmeans",
    "k": 32,
    "n": 1024,
    "d": 2,
    "k_true": 8,
    "rand_score": 0.8919423570381232,
    "adjusted_rand_score": 0.2753765342246248,
    "accuracy": 0.30078125,
    "f1_score": 0.111737357871411,
    "precision": 0.22378149134147585,
    "recall": 0.0751953125,
    "sigui": 0.11724245790186022,
    "sse": 48.190530352246924,
    "sc": 0.3411931130598236,
    "ch": 1327.935230448119,
    "db": 0.8513061147129334,
    "bic": -2900.9618547042655,
    "xb": 322.5257842747687
}