{
    "dataset": "blobs-P5-K16-N64-dt0.60-S5",
    "algorithm": "kmeans",
    "k": 2,
    "n": 64,
    "d": 5,
    "k_true": 16,
    "rand_score": 0.5243055555555556,
    "adjusted_rand_score": 0.07598072952512044,
    "accuracy": 0.125,
    "f1_score": 0.028869286287089013,
    "precision": 0.01641025641025641,
    "recall": 0.125,
    "sigui": 0.5201173289503516,
    "sse": 235.41385649919914,
    "sc": 0.23423083531332986,
    "ch": 22.27711221011958,
    "db": 1.5415486799084808,
    "bic": -472.79498811951913,
    "xb": 39.813844833587474
}