{
    "dataset": "blobs-P2-K8-N128-dt0.10-S0",
    "algorithm": "kmeans",
    "k": 8,
    "n": 128,
    "d": 2,
    "k_true": 8,
    "rand_score": 1.0,
    "adjusted_rand_score": 1.0,
    "accuracy": 1.0,
    "f1_score": 1.0,
    "precision": 1.0,
    "recall": 1.0,
    "sigui": 0.03501155267902345,
    "sse": 0.49778857969604595,
    "sc": 0.8616904793031639,
    "ch": 8798.992360846936,
    "db": 0.18414469225683977,
    "bic": 111.17085553572916,
    "xb": 18.294019007424694
}