{
    "dataset": "blobs-P5-K8-N64-dt0.60-S5",
    "algorithm": "kmeans",
    "k": 50,
    "n": 64,
    "d": 5,
    "k_true": 8,
    "rand_score": 0.8903769841269841,
    "adjusted_rand_score": 0.07445323406235459,
    "accuracy": 0.25,
    "f1_score": 0.061292929292929295,
    "precision": 0.1433333333333333,
    "recall": 0.04,
    "sigui": 0.05316287346079707,
    "sse": 4.938051849544574,
    "sc": 0.13089397988617757,
    "ch": 18.22939535960135,
    "db": 0.35303457820085243,
    "bic": -772.9765025887432,
    "xb": 18.229442170449904
}