{
    "dataset": "blobs-P5-K32-N64-dt0.40-S3",
    "algorithm": "kmeans",
    "k": 32,
    "n": 64,
    "d": 5,
    "k_true": 32,
    "rand_score": 0.9915674603174603,
    "adjusted_rand_score": 0.7563139931740614,
    "accuracy": 0.875,
    "f1_score": 0.8604166666666666,
    "precision": 0.8802083333333333,
    "recall": 0.875,
    "sigui": 0.14401160277288877,
    "sse": 12.56958596734063,
    "sc": 0.362307497576842,
    "ch": 25.247253568041504,
    "db": 0.586748282086079,
    "bic": -584.6179204577156,
    "xb": 35.24711904036168
}