{
    "dataset": "blobs-P5-K16-N64-dt0.80-S7",
    "algorithm": "kmeans",
    "k": 16,
    "n": 64,
    "d": 5,
    "k_true": 16,
    "rand_score": 0.9657738095238095,
    "adjusted_rand_score": 0.6550821233039752,
    "accuracy": 0.765625,
    "f1_score": 0.7383612914862915,
    "precision": 0.7430059523809524,
    "recall": 0.765625,
    "sigui": 0.21452249351063568,
    "sse": 28.07108791172344,
    "sc": 0.39065788522606937,
    "ch": 33.27881418847122,
    "db": 0.7831936951495764,
    "bic": -442.6592407826905,
    "xb": 46.463425135067055
}