{
    "dataset": "blobs-P10-K4-N1024-dt0.30-S2",
    "algorithm": "kmeans",
    "k": 10,
    "n": 1024,
    "d": 10,
    "k_true": 4,
    "rand_score": 0.8382132820136853,
    "adjusted_rand_score": 0.46303088442916407,
    "accuracy": 0.4384765625,
    "f1_score": 0.24047672350221877,
    "precision": 0.3885983827493261,
    "recall": 0.175390625,
    "sigui": 0.3957534466673487,
    "sse": 3421.7281277739926,
    "sc": 0.10602316753653787,
    "ch": 224.50409137868724,
    "db": 2.3040857936287025,
    "bic": -11633.247100762646,
    "xb": 1644.2530195906684
}