{
    "dataset": "blobs-P2-K8-N64-dt0.30-S2",
    "algorithm": "kmeans",
    "k": 3,
    "n": 64,
    "d": 2,
    "k_true": 8,
    "rand_score": 0.748015873015873,
    "adjusted_rand_score": 0.3442340791738382,
    "accuracy": 0.375,
    "f1_score": 0.21288798920377866,
    "precision": 0.15138888888888888,
    "recall": 0.375,
    "sigui": 0.3115290595502068,
    "sse": 27.553138193057954,
    "sc": 0.5632386613069662,
    "ch": 111.18984936110172,
    "db": 0.6417073821751463,
    "bic": -169.8576959889801,
    "xb": 7.832705855345349
}