{
    "dataset": "blobs-P2-K8-N64-dt0.50-S4",
    "algorithm": "kmeans",
    "k": 4,
    "n": 64,
    "d": 2,
    "k_true": 8,
    "rand_score": 0.8368055555555556,
    "adjusted_rand_score": 0.4625158831003812,
    "accuracy": 0.5,
    "f1_score": 0.33844603672189877,
    "precision": 0.25847069597069594,
    "recall": 0.5,
    "sigui": 0.253289583662205,
    "sse": 18.080193660698455,
    "sc": 0.5268014586547396,
    "ch": 121.59140372289043,
    "db": 0.5959825051228809,
    "bic": -169.02723377630502,
    "xb": 10.571138340367545
}