{
    "dataset": "blobs-P5-K16-N128-dt0.60-S5",
    "algorithm": "kmeans",
    "k": 20,
    "n": 128,
    "d": 5,
    "k_true": 16,
    "rand_score": 0.9240895669291339,
    "adjusted_rand_score": 0.24993060142243154,
    "accuracy": 0.453125,
    "f1_score": 0.39290309106098575,
    "precision": 0.45153679653679657,
    "recall": 0.3625,
    "sigui": 0.3261468854119789,
    "sse": 151.1167107068317,
    "sc": 0.17972178743176623,
    "ch": 18.38920081135994,
    "db": 1.1774427400220615,
    "bic": -1111.7798859551062,
    "xb": 107.03215813283528
}