{
    "dataset": "blobs-P10-K4-N1024-dt0.10-S0",
    "algorithm": "kmeans",
    "k": 25,
    "n": 1024,
    "d": 10,
    "k_true": 4,
    "rand_score": 0.7924418071847508,
    "adjusted_rand_score": 0.23178479158489032,
    "accuracy": 0.2158203125,
    "f1_score": 0.05671927913548398,
    "precision": 0.16,
    "recall": 0.03453125,
    "sigui": 0.27452262864328514,
    "sse": 1405.005807832057,
    "sc": 0.09538784577017802,
    "ch": 261.7474114334405,
    "db": 2.1282597003704025,
    "bic": -8576.68333792007,
    "xb": 1678.7636838765068
}