{
    "dataset": "blobs-P10-K8-N64-dt0.40-S3",
    "algorithm": "kmeans",
    "k": 4,
    "n": 64,
    "d": 10,
    "k_true": 8,
    "rand_score": 0.7415674603174603,
    "adjusted_rand_score": 0.258186995728524,
    "accuracy": 0.46875,
    "f1_score": 0.3389151651651652,
    "precision": 0.28705628803245437,
    "recall": 0.46875,
    "sigui": 0.5036171458865817,
    "sse": 423.09735895949916,
    "sc": 0.14667290006407363,
    "ch": 10.253084139968067,
    "db": 1.8118078857100606,
    "bic": -948.522268556862,
    "xb": 67.25629869253873
}