{
    "dataset": "blobs-P10-K8-N128-dt0.40-S3",
    "algorithm": "kmeans",
    "k": 8,
    "n": 128,
    "d": 10,
    "k_true": 8,
    "rand_score": 0.8784448818897638,
    "adjusted_rand_score": 0.4730688795007685,
    "accuracy": 0.59375,
    "f1_score": 0.5515709562033643,
    "precision": 0.5605815681902638,
    "recall": 0.59375,
    "sigui": 0.4793998408507,
    "sse": 709.1064212765681,
    "sc": 0.11028542901602947,
    "ch": 13.801520858056367,
    "db": 1.8777505322878028,
    "bic": -1904.0879048103814,
    "xb": 177.64090992653183
}