{
    "dataset": "blobs-P5-K4-N128-dt0.90-S8",
    "algorithm": "kmeans",
    "k": 4,
    "n": 128,
    "d": 5,
    "k_true": 4,
    "rand_score": 0.7370816929133859,
    "adjusted_rand_score": 0.2910402729269905,
    "accuracy": 0.5859375,
    "f1_score": 0.5914959973663946,
    "precision": 0.6016207383854443,
    "recall": 0.5859375,
    "sigui": 0.4862194775679679,
    "sse": 408.5237523435335,
    "sc": 0.15165636721687997,
    "ch": 23.42014350022012,
    "db": 1.66130755608373,
    "bic": -999.3869463125241,
    "xb": 109.23736383015815
}