{
    "dataset": "blobs-P2-K8-N128-dt0.10-S0",
    "algorithm": "kmeans",
    "k": 50,
    "n": 128,
    "d": 2,
    "k_true": 8,
    "rand_score": 0.9007135826771654,
    "adjusted_rand_score": 0.250597758132801,
    "accuracy": 0.3046875,
    "f1_score": 0.0743896103896104,
    "precision": 0.16,
    "recall": 0.04875,
    "sigui": 0.00918285472863706,
    "sse": 0.03895086796179927,
    "sc": 0.3792197983992255,
    "ch": 10460.567940585157,
    "db": 0.520655050990039,
    "bic": -95.88042806222234,
    "xb": 196.0474747453002
}