{
    "dataset": "blobs-P2-K2-N64-dt0.50-S4",
    "algorithm": "kmeans",
    "k": 8,
    "n": 64,
    "d": 2,
    "k_true": 2,
    "rand_score": 0.5649801587301587,
    "adjusted_rand_score": 0.11999681452576252,
    "accuracy": 0.28125,
    "f1_score": 0.10975609756097561,
    "precision": 0.25,
    "recall": 0.0703125,
    "sigui": 0.23958361559814384,
    "sse": 18.803703428259453,
    "sc": 0.35616835283458304,
    "ch": 46.457357504429936,
    "db": 0.7814003367073634,
    "bic": -234.1435672978524,
    "xb": 17.30102165253929
}