{
    "dataset": "blobs-P5-K8-N128-dt0.30-S2",
    "algorithm": "kmeans",
    "k": 3,
    "n": 128,
    "d": 5,
    "k_true": 8,
    "rand_score": 0.7480314960629921,
    "adjusted_rand_score": 0.3712871287128713,
    "accuracy": 0.375,
    "f1_score": 0.21666666666666667,
    "precision": 0.15625,
    "recall": 0.375,
    "sigui": 0.45708432827318457,
    "sse": 347.08530910083675,
    "sc": 0.34645770599889614,
    "ch": 52.745442406146395,
    "db": 1.1754211334045932,
    "bic": -889.1552555090548,
    "xb": 51.22074383651955
}