{
    "dataset": "blobs-P2-K4-N64-dt0.70-S6",
    "algorithm": "kmeans",
    "k": 25,
    "n": 64,
    "d": 2,
    "k_true": 4,
    "rand_score": 0.7584325396825397,
    "adjusted_rand_score": 0.06781514902925896,
    "accuracy": 0.21875,
    "f1_score": 0.05424196855775802,
    "precision": 0.12733333333333335,
    "recall": 0.035,
    "sigui": 0.08091572155508732,
    "sse": 1.937377185348889,
    "sc": 0.3765168833405448,
    "ch": 105.73664417180473,
    "db": 0.46570318862860693,
    "bic": -270.2645710144151,
    "xb": 57.72775063065709
}