{
    "dataset": "blobs-P10-K2-N128-dt0.80-S7",
    "algorithm": "kmeans",
    "k": 8,
    "n": 128,
    "d": 10,
    "k_true": 2,
    "rand_score": 0.5266978346456693,
    "adjusted_rand_score": 0.047948555560968484,
    "accuracy": 0.2421875,
    "f1_score": 0.09364560639070443,
    "precision": 0.20833333333333331,
    "recall": 0.060546875,
    "sigui": 0.5103898071087585,
    "sse": 851.0847406486557,
    "sc": 0.08225672763092845,
    "ch": 8.639366524005167,
    "db": 2.1242911118162686,
    "bic": -2025.8437415494518,
    "xb": 225.33558470827512
}