{
    "dataset": "blobs-P2-K4-N128-dt0.70-S6",
    "algorithm": "kmeans",
    "k": 32,
    "n": 128,
    "d": 2,
    "k_true": 4,
    "rand_score": 0.7614419291338582,
    "adjusted_rand_score": 0.09005147382151554,
    "accuracy": 0.203125,
    "f1_score": 0.04081387362637362,
    "precision": 0.10546875,
    "recall": 0.025390625,
    "sigui": 0.1112278999117142,
    "sse": 5.868696286970597,
    "sc": 0.3551541542938934,
    "ch": 131.98845679863416,
    "db": 0.6317500003740057,
    "bic": -538.0727706417435,
    "xb": 69.46523352029308
}