{
    "dataset": "blobs-P5-K4-N64-dt0.90-S8",
    "algorithm": "kmeans",
    "k": 50,
    "n": 64,
    "d": 5,
    "k_true": 4,
    "rand_score": 0.7574404761904762,
    "adjusted_rand_score": 0.001943823500826125,
    "accuracy": 0.125,
    "f1_score": 0.01709941520467836,
    "precision": 0.06333333333333332,
    "recall": 0.01,
    "sigui": 0.0582385278294774,
    "sse": 4.544235685571749,
    "sc": 0.13550952108678613,
    "ch": 19.833966504360763,
    "db": 0.3205369136428045,
    "bic": -759.6786876317829,
    "xb": 18.107838500257294
}