{
    "dataset": "blobs-P10-K32-N64-dt0.60-S5",
    "algorithm": "kmeans",
    "k": 25,
    "n": 64,
    "d": 10,
    "k_true": 32,
    "rand_score": 0.9543650793650794,
    "adjusted_rand_score": 0.14437555358724535,
    "accuracy": 0.46875,
    "f1_score": 0.4244047619047619,
    "precision": 0.4671875,
    "recall": 0.46875,
    "sigui": 0.3239983943174527,
    "sse": 174.01132805305173,
    "sc": 0.08547559752661599,
    "ch": 4.3516223937037575,
    "db": 1.0046669843518103,
    "bic": -1291.6987238697038,
    "xb": 33.11801741487398
}