{
    "dataset": "blobs-P2-K16-N128-dt0.70-S6",
    "algorithm": "kmeans",
    "k": 32,
    "n": 128,
    "d": 2,
    "k_true": 16,
    "rand_score": 0.9609990157480315,
    "adjusted_rand_score": 0.5470154711673699,
    "accuracy": 0.6171875,
    "f1_score": 0.3545450056479468,
    "precision": 0.4533234126984127,
    "recall": 0.30859375,
    "sigui": 0.06834772543222703,
    "sse": 2.3018415411994337,
    "sc": 0.3677790875200787,
    "ch": 341.3119000609321,
    "db": 0.6742268195625932,
    "bic": -419.63381395739793,
    "xb": 114.4748383978877
}