{
    "dataset": "blobs-P2-K16-N64-dt0.20-S1",
    "algorithm": "kmeans",
    "k": 50,
    "n": 64,
    "d": 2,
    "k_true": 16,
    "rand_score": 0.9598214285714286,
    "adjusted_rand_score": 0.2607561929595828,
    "accuracy": 0.421875,
    "f1_score": 0.18514285714285714,
    "precision": 0.32,
    "recall": 0.135,
    "sigui": 0.0033673005383356132,
    "sse": 0.005405971576285699,
    "sc": 0.2311823131447782,
    "ch": 6764.7199938197355,
    "db": 0.151895474545351,
    "bic": -142.42035329370503,
    "xb": 194.6731253803845
}