{
    "dataset": "blobs-P10-K2-N64-dt0.40-S3",
    "algorithm": "kmeans",
    "k": 50,
    "n": 64,
    "d": 10,
    "k_true": 2,
    "rand_score": 0.5119047619047619,
    "adjusted_rand_score": 0.008318402866649604,
    "accuracy": 0.078125,
    "f1_score": 0.005781512605042016,
    "precision": 0.04,
    "recall": 0.003125,
    "sigui": 0.11110223973132777,
    "sse": 35.065109165351785,
    "sc": 0.041726071449611976,
    "ch": 4.92907463722527,
    "db": 0.5380494894687273,
    "bic": -1604.5079443996924,
    "xb": 15.473092558610608
}