{
    "dataset": "blobs-P10-K16-N64-dt0.80-S7",
    "algorithm": "kmeans",
    "k": 2,
    "n": 64,
    "d": 10,
    "k_true": 16,
    "rand_score": 0.5143849206349206,
    "adjusted_rand_score": 0.01551501221088924,
    "accuracy": 0.125,
    "f1_score": 0.027799227799227798,
    "precision": 0.015640273704789834,
    "recall": 0.125,
    "sigui": 0.5558011587198226,
    "sse": 567.7421698820558,
    "sc": 0.09814141031840809,
    "ch": 7.8908802357295675,
    "db": 2.720903950629107,
    "bic": -960.021871271473,
    "xb": 113.98454291156544
}