{
    "dataset": "blobs-P5-K32-N1024-dt0.40-S3",
    "algorithm": "kmeans",
    "k": 20,
    "n": 1024,
    "d": 5,
    "k_true": 32,
    "rand_score": 0.9659300922531769,
    "adjusted_rand_score": 0.600607818628332,
    "accuracy": 0.6142578125,
    "f1_score": 0.5011249969027649,
    "precision": 0.44482444170313795,
    "recall": 0.6142578125,
    "sigui": 0.28050958557739825,
    "sse": 798.2447536665519,
    "sc": 0.3472550170027141,
    "ch": 286.0910072999407,
    "db": 0.9920471895594554,
    "bic": -5905.127369287184,
    "xb": 422.9457469633224
}