{
    "dataset": "blobs-P5-K16-N128-dt0.50-S4",
    "algorithm": "kmeans",
    "k": 50,
    "n": 128,
    "d": 5,
    "k_true": 16,
    "rand_score": 0.9499261811023622,
    "adjusted_rand_score": 0.30324189526184536,
    "accuracy": 0.4375,
    "f1_score": 0.18575474525474525,
    "precision": 0.29583333333333334,
    "recall": 0.14,
    "sigui": 0.17552649885201002,
    "sse": 40.292719029535,
    "sc": 0.18398989648840322,
    "ch": 23.692520706096058,
    "db": 0.8019862787009491,
    "bic": -1265.7934107830454,
    "xb": 114.25127185448723
}