{
    "dataset": "blobs-P2-K2-N64-dt0.30-S2",
    "algorithm": "kmeans",
    "k": 32,
    "n": 64,
    "d": 2,
    "k_true": 2,
    "rand_score": 0.5233134920634921,
    "adjusted_rand_score": 0.0318851240065881,
    "accuracy": 0.09375,
    "f1_score": 0.010714285714285714,
    "precision": 0.0625,
    "recall": 0.005859375,
    "sigui": 0.05603646582907313,
    "sse": 1.011095410579007,
    "sc": 0.38273629806346743,
    "ch": 129.64683599091077,
    "db": 0.4552678192679497,
    "bic": -300.88606311804824,
    "xb": 54.128693410830024
}