{
    "dataset": "blobs-P5-K32-N128-dt0.60-S5",
    "algorithm": "kmeans",
    "k": 2,
    "n": 128,
    "d": 5,
    "k_true": 32,
    "rand_score": 0.4645669291338583,
    "adjusted_rand_score": 0.03173679969167163,
    "accuracy": 0.0625,
    "f1_score": 0.00821256038647343,
    "precision": 0.004429678848283499,
    "recall": 0.0625,
    "sigui": 0.5322703063286172,
    "sse": 521.3522155989632,
    "sc": 0.18848950859918195,
    "ch": 28.674704714461683,
    "db": 1.8744034899183142,
    "bic": -952.6626552746013,
    "xb": 111.71190830871647
}