{
    "dataset": "blobs-P10-K32-N128-dt0.60-S5",
    "algorithm": "kmeans",
    "k": 25,
    "n": 128,
    "d": 10,
    "k_true": 32,
    "rand_score": 0.9463582677165354,
    "adjusted_rand_score": 0.16113198400193915,
    "accuracy": 0.4140625,
    "f1_score": 0.37352508602508605,
    "precision": 0.3943858225108225,
    "recall": 0.4140625,
    "sigui": 0.4044746939692955,
    "sse": 493.6247338077285,
    "sc": 0.08550877480438676,
    "ch": 6.8368950870339456,
    "db": 1.4881120763382993,
    "bic": -2283.3174811740237,
    "xb": 108.77018865668144
}