{
    "dataset": "blobs-P10-K32-N1024-dt0.20-S1",
    "algorithm": "kmeans",
    "k": 10,
    "n": 1024,
    "d": 10,
    "k_true": 32,
    "rand_score": 0.9072026973362659,
    "adjusted_rand_score": 0.33942565843690037,
    "accuracy": 0.3125,
    "f1_score": 0.16561642816594202,
    "precision": 0.12137175045576043,
    "recall": 0.3125,
    "sigui": 0.4641170737282869,
    "sse": 5170.400371556513,
    "sc": 0.1887571574188608,
    "ch": 110.47014745965443,
    "db": 1.5913828935119627,
    "bic": -13679.556187324088,
    "xb": 899.4521667120702
}