{
    "dataset": "blobs-P2-K16-N64-dt0.70-S6",
    "algorithm": "kmeans",
    "k": 10,
    "n": 64,
    "d": 2,
    "k_true": 16,
    "rand_score": 0.9305555555555556,
    "adjusted_rand_score": 0.5010183299389002,
    "accuracy": 0.609375,
    "f1_score": 0.4929438616938617,
    "precision": 0.43432539682539684,
    "recall": 0.609375,
    "sigui": 0.13723916198179864,
    "sse": 6.1215730905263355,
    "sc": 0.49272337097539665,
    "ch": 119.45794825002521,
    "db": 0.6311220386242961,
    "bic": -193.14464733976135,
    "xb": 16.208873724278124
}