{
    "dataset": "blobs-P2-K32-N128-dt0.10-S0",
    "algorithm": "kmeans",
    "k": 50,
    "n": 128,
    "d": 2,
    "k_true": 32,
    "rand_score": 0.9920029527559056,
    "adjusted_rand_score": 0.792332268370607,
    "accuracy": 0.765625,
    "f1_score": 0.5419047619047618,
    "precision": 0.64,
    "recall": 0.49,
    "sigui": 0.00754391637157354,
    "sse": 0.025260915830538633,
    "sc": 0.6430168767190064,
    "ch": 16130.45210084029,
    "db": 0.3721724981580978,
    "bic": -49.96286694931064,
    "xb": 193.89729075237537
}