{
    "dataset": "blobs-P2-K16-N64-dt0.60-S5",
    "algorithm": "kmeans",
    "k": 3,
    "n": 64,
    "d": 2,
    "k_true": 16,
    "rand_score": 0.7078373015873016,
    "adjusted_rand_score": 0.16227565187944462,
    "accuracy": 0.1875,
    "f1_score": 0.060476190476190475,
    "precision": 0.03622602887308769,
    "recall": 0.1875,
    "sigui": 0.3357376802127273,
    "sse": 36.08243364420301,
    "sc": 0.46616843528250285,
    "ch": 77.69669311931833,
    "db": 0.7362508507235567,
    "bic": -188.73176180006507,
    "xb": 11.8614192003658
}