{
    "dataset": "blobs-P5-K2-N64-dt0.70-S6",
    "algorithm": "kmeans",
    "k": 20,
    "n": 64,
    "d": 5,
    "k_true": 2,
    "rand_score": 0.5267857142857143,
    "adjusted_rand_score": 0.04002683363148479,
    "accuracy": 0.171875,
    "f1_score": 0.02930298719772404,
    "precision": 0.1,
    "recall": 0.0171875,
    "sigui": 0.2918261782732594,
    "sse": 68.04189954085781,
    "sc": 0.14241756467687677,
    "ch": 8.575332564053138,
    "db": 0.9191362473899934,
    "bic": -644.3045763711431,
    "xb": 36.71028474608611
}