{
    "dataset": "blobs-P5-K32-N1024-dt0.70-S6",
    "algorithm": "kmeans",
    "k": 3,
    "n": 1024,
    "d": 5,
    "k_true": 32,
    "rand_score": 0.6850161137585533,
    "adjusted_rand_score": 0.09100117757704965,
    "accuracy": 0.09375,
    "f1_score": 0.0162257982130809,
    "precision": 0.008889951071432721,
    "recall": 0.09375,
    "sigui": 0.48182894288068756,
    "sse": 3366.6630190389737,
    "sc": 0.21119586060509138,
    "ch": 265.88019037894753,
    "db": 1.5439212014645232,
    "bic": -7373.1369640176445,
    "xb": 677.7821091773527
}