{
    "dataset": "blobs-P2-K4-N128-dt0.40-S3",
    "algorithm": "kmeans",
    "k": 25,
    "n": 128,
    "d": 2,
    "k_true": 4,
    "rand_score": 0.7870324803149606,
    "adjusted_rand_score": 0.20260216980481913,
    "accuracy": 0.25,
    "f1_score": 0.06345566958541254,
    "precision": 0.16,
    "recall": 0.04,
    "sigui": 0.08278602526941478,
    "sse": 3.7973538212754967,
    "sc": 0.3840541980382106,
    "ch": 285.03261502421736,
    "db": 0.688983854787356,
    "bic": -399.26900891594795,
    "xb": 81.495854433241
}