{
    "dataset": "blobs-P10-K32-N128-dt1.00-S9",
    "algorithm": "kmeans",
    "k": 8,
    "n": 128,
    "d": 10,
    "k_true": 32,
    "rand_score": 0.8555610236220472,
    "adjusted_rand_score": 0.048865129690350735,
    "accuracy": 0.171875,
    "f1_score": 0.07232806312012596,
    "precision": 0.04895330774853801,
    "recall": 0.171875,
    "sigui": 0.5020942406328063,
    "sse": 829.6404223457636,
    "sc": 0.09499470197784687,
    "ch": 9.305778376630807,
    "db": 1.9526373119596643,
    "bic": -2010.1636903281649,
    "xb": 146.65505981398212
}