{
    "dataset": "blobs-P2-K32-N128-dt0.10-S0",
    "algorithm": "kmeans",
    "k": 20,
    "n": 128,
    "d": 2,
    "k_true": 32,
    "rand_score": 0.9724409448818898,
    "adjusted_rand_score": 0.6192719486081371,
    "accuracy": 0.625,
    "f1_score": 0.5104166666666666,
    "precision": 0.45833333333333326,
    "recall": 0.625,
    "sigui": 0.06424927758349687,
    "sse": 2.4373027037123,
    "sc": 0.703663519062216,
    "ch": 591.3519690669964,
    "db": 0.37156255466142835,
    "bic": -287.69379056293815,
    "xb": 44.117697650704514
}