{
    "dataset": "blobs-P5-K4-N64-dt0.70-S6",
    "algorithm": "kmeans",
    "k": 16,
    "n": 64,
    "d": 5,
    "k_true": 4,
    "rand_score": 0.7475198412698413,
    "adjusted_rand_score": 0.08099045653856074,
    "accuracy": 0.265625,
    "f1_score": 0.09756081780538302,
    "precision": 0.19308035714285715,
    "recall": 0.06640625,
    "sigui": 0.2895374312430419,
    "sse": 77.76408336988234,
    "sc": 0.16034884759790288,
    "ch": 9.968032793871913,
    "db": 0.9967532375935492,
    "bic": -598.0513946873264,
    "xb": 32.61341684267221
}