{
    "dataset": "blobs-P5-K4-N1024-dt0.60-S5",
    "algorithm": "kmeans",
    "k": 2,
    "n": 1024,
    "d": 5,
    "k_true": 4,
    "rand_score": 0.6045637829912024,
    "adjusted_rand_score": 0.2131353820892262,
    "accuracy": 0.4658203125,
    "f1_score": 0.3124118260442863,
    "precision": 0.23589465644143381,
    "recall": 0.4658203125,
    "sigui": 0.5252211337292387,
    "sse": 4041.4043186131125,
    "sc": 0.19171507443059999,
    "ch": 272.78330237800355,
    "db": 1.8269001639277804,
    "bic": -7405.036562482556,
    "xb": 850.1612561432188
}