{
    "dataset": "blobs-P5-K2-N64-dt0.50-S4",
    "algorithm": "kmeans",
    "k": 32,
    "n": 64,
    "d": 5,
    "k_true": 2,
    "rand_score": 0.5183531746031746,
    "adjusted_rand_score": 0.02206129202436334,
    "accuracy": 0.125,
    "f1_score": 0.013701201201201201,
    "precision": 0.05625,
    "recall": 0.0078125,
    "sigui": 0.17502660887295374,
    "sse": 26.360708434032027,
    "sc": 0.16370898327551375,
    "ch": 11.498610803131998,
    "db": 0.6750325869228959,
    "bic": -695.6070042190729,
    "xb": 46.50635723051592
}