{
    "dataset": "blobs-P5-K16-N64-dt1.00-S9",
    "algorithm": "kmeans",
    "k": 2,
    "n": 64,
    "d": 5,
    "k_true": 16,
    "rand_score": 0.5124007936507936,
    "adjusted_rand_score": 0.03261633628567412,
    "accuracy": 0.125,
    "f1_score": 0.02832415420928403,
    "precision": 0.016016016016016016,
    "recall": 0.125,
    "sigui": 0.5316907549274801,
    "sse": 260.30399391526885,
    "sc": 0.16054998384002894,
    "ch": 14.218576986022308,
    "db": 1.992959876648107,
    "bic": -489.6350455766617,
    "xb": 61.07905626081577
}