{
    "dataset": "blobs-P2-K2-N128-dt1.00-S9",
    "algorithm": "kmeans",
    "k": 20,
    "n": 128,
    "d": 2,
    "k_true": 2,
    "rand_score": 0.5095964566929134,
    "adjusted_rand_score": 0.012280592215657658,
    "accuracy": 0.1171875,
    "f1_score": 0.020248765319187855,
    "precision": 0.08076923076923077,
    "recall": 0.01171875,
    "sigui": 0.15419204605636572,
    "sse": 13.071791431361097,
    "sc": 0.3323826555312194,
    "ch": 105.63625403110593,
    "db": 0.7229345812286001,
    "bic": -495.2648629408489,
    "xb": 51.7382239085396
}