{
    "dataset": "blobs-P10-K2-N128-dt0.20-S1",
    "algorithm": "kmeans",
    "k": 2,
    "n": 128,
    "d": 10,
    "k_true": 2,
    "rand_score": 0.9389763779527559,
    "adjusted_rand_score": 0.8779489723160865,
    "accuracy": 0.96875,
    "f1_score": 0.9687194525904204,
    "precision": 0.9705882352941176,
    "recall": 0.96875,
    "sigui": 0.5250052079023799,
    "sse": 966.8390239981264,
    "sc": 0.22017252234075313,
    "ch": 40.81163668080541,
    "db": 1.7010528738617092,
    "bic": -1778.5919392806877,
    "xb": 94.59525684878881
}