{
    "dataset": "blobs-P2-K4-N128-dt0.50-S4",
    "algorithm": "kmeans",
    "k": 32,
    "n": 128,
    "d": 2,
    "k_true": 4,
    "rand_score": 0.7679625984251969,
    "adjusted_rand_score": 0.10957702287749352,
    "accuracy": 0.1875,
    "f1_score": 0.037521969055016785,
    "precision": 0.09862012987012987,
    "recall": 0.0234375,
    "sigui": 0.10044855449613485,
    "sse": 5.221981242818222,
    "sc": 0.4018883607020235,
    "ch": 148.71805559709628,
    "db": 0.6065722609692195,
    "bic": -528.9757699661266,
    "xb": 62.6660907954205
}