{
    "dataset": "blobs-P2-K4-N128-dt0.10-S0",
    "algorithm": "kmeans",
    "k": 8,
    "n": 128,
    "d": 2,
    "k_true": 4,
    "rand_score": 0.9020669291338582,
    "adjusted_rand_score": 0.6929049661591552,
    "accuracy": 0.6875,
    "f1_score": 0.39999768396998425,
    "precision": 0.5,
    "recall": 0.34375,
    "sigui": 0.055831672678447644,
    "sse": 1.3568771859761894,
    "sc": 0.4781926504514381,
    "ch": 3217.1744959152406,
    "db": 0.9067321350872173,
    "bic": -3.8576426242633914,
    "xb": 42.97717074670767
}