{
    "dataset": "blobs-P2-K2-N64-dt0.20-S1",
    "algorithm": "kmeans",
    "k": 8,
    "n": 64,
    "d": 2,
    "k_true": 2,
    "rand_score": 0.6175595238095238,
    "adjusted_rand_score": 0.22579256921532062,
    "accuracy": 0.3125,
    "f1_score": 0.1173780487804878,
    "precision": 0.23958333333333331,
    "recall": 0.078125,
    "sigui": 0.19637118441397666,
    "sse": 12.287540572990446,
    "sc": 0.3984916691681505,
    "ch": 75.33644913864052,
    "db": 0.7765802824103221,
    "bic": -212.76958333214506,
    "xb": 19.852196716292283
}