{
    "dataset": "blobs-P2-K4-N1024-dt0.80-S7",
    "algorithm": "kmeans",
    "k": 50,
    "n": 1024,
    "d": 2,
    "k_true": 4,
    "rand_score": 0.7529764632209188,
    "adjusted_rand_score": 0.05611828327508667,
    "accuracy": 0.1025390625,
    "f1_score": 0.014441996277812735,
    "precision": 0.06098243601691878,
    "recall": 0.008203125,
    "sigui": 0.1161838075271004,
    "sse": 55.947531475838595,
    "sc": 0.3310868219522852,
    "ch": 707.7546324902543,
    "db": 0.7969973343900775,
    "bic": -3585.2096570319404,
    "xb": 338.5094782432127
}