{
    "dataset": "blobs-P5-K16-N64-dt0.90-S8",
    "algorithm": "kmeans",
    "k": 32,
    "n": 64,
    "d": 5,
    "k_true": 16,
    "rand_score": 0.9345238095238095,
    "adjusted_rand_score": 0.08875739644970414,
    "accuracy": 0.375,
    "f1_score": 0.22137896825396824,
    "precision": 0.321875,
    "recall": 0.1875,
    "sigui": 0.1818445782294993,
    "sse": 27.669028849077403,
    "sc": 0.18753146339245078,
    "ch": 10.906093022792652,
    "db": 0.635294696147841,
    "bic": -704.2895296582924,
    "xb": 23.874992208180956
}