{
    "dataset": "blobs-P2-K2-N1024-dt0.20-S1",
    "algorithm": "kmeans",
    "k": 10,
    "n": 1024,
    "d": 2,
    "k_true": 2,
    "rand_score": 0.6068319281524927,
    "adjusted_rand_score": 0.21306320739529294,
    "accuracy": 0.265625,
    "f1_score": 0.0834794969459477,
    "precision": 0.2,
    "recall": 0.053125,
    "sigui": 0.21634838705192888,
    "sse": 217.45223312683484,
    "sc": 0.34090920217326837,
    "ch": 948.4460660719634,
    "db": 0.8930331486247349,
    "bic": -3018.572581758423,
    "xb": 330.46270977429623
}