{
    "dataset": "blobs-P2-K4-N128-dt0.10-S0",
    "algorithm": "kmeans",
    "k": 4,
    "n": 128,
    "d": 2,
    "k_true": 4,
    "rand_score": 1.0,
    "adjusted_rand_score": 1.0,
    "accuracy": 1.0,
    "f1_score": 1.0,
    "precision": 1.0,
    "recall": 1.0,
    "sigui": 0.0591384020805113,
    "sse": 2.2292986658733236,
    "sc": 0.8832519506219232,
    "ch": 4705.151960591208,
    "db": 0.1645000129050646,
    "bic": 37.29681454287813,
    "xb": 4.53421857937384
}