{
    "dataset": "blobs-P10-K32-N64-dt0.80-S7",
    "algorithm": "kmeans",
    "k": 25,
    "n": 64,
    "d": 10,
    "k_true": 32,
    "rand_score": 0.9508928571428571,
    "adjusted_rand_score": 0.0874908558888076,
    "accuracy": 0.46875,
    "f1_score": 0.42584325396825395,
    "precision": 0.459672619047619,
    "recall": 0.46875,
    "sigui": 0.33056599389021835,
    "sse": 175.2036792736272,
    "sc": 0.09473366784578649,
    "ch": 4.3109484019497275,
    "db": 1.0578283978069711,
    "bic": -1294.1768217543408,
    "xb": 46.063271918686226
}