{
    "dataset": "blobs-P5-K2-N128-dt0.90-S8",
    "algorithm": "kmeans",
    "k": 25,
    "n": 128,
    "d": 5,
    "k_true": 2,
    "rand_score": 0.5061515748031497,
    "adjusted_rand_score": 0.00517922377993568,
    "accuracy": 0.1015625,
    "f1_score": 0.014133333333333333,
    "precision": 0.05545454545454545,
    "recall": 0.008125,
    "sigui": 0.3246831943253641,
    "sse": 149.77613484387888,
    "sc": 0.17600598705383566,
    "ch": 14.046813422499017,
    "db": 1.1224590508184356,
    "bic": -1205.2151491237669,
    "xb": 68.14281296162466
}