{
    "dataset": "blobs-P10-K2-N128-dt0.20-S1",
    "algorithm": "kmeans",
    "k": 32,
    "n": 128,
    "d": 10,
    "k_true": 2,
    "rand_score": 0.5364173228346457,
    "adjusted_rand_score": 0.06598326898829297,
    "accuracy": 0.1328125,
    "f1_score": 0.014522334834834835,
    "precision": 0.05859375,
    "recall": 0.00830078125,
    "sigui": 0.3635979541139832,
    "sse": 379.41049570572574,
    "sc": 0.07355486397391095,
    "ch": 7.350672602484237,
    "db": 1.4125780290208119,
    "bic": -2338.711267549045,
    "xb": 145.75790476698847
}