{
    "dataset": "blobs-P2-K2-N128-dt1.00-S9",
    "algorithm": "kmeans",
    "k": 8,
    "n": 128,
    "d": 2,
    "k_true": 2,
    "rand_score": 0.5104576771653543,
    "adjusted_rand_score": 0.015196899037477759,
    "accuracy": 0.1875,
    "f1_score": 0.06913417052214144,
    "precision": 0.13238095238095238,
    "recall": 0.046875,
    "sigui": 0.24158248988330808,
    "sse": 36.63558886150296,
    "sc": 0.3645638935648044,
    "ch": 102.64698560163828,
    "db": 0.7756046174804627,
    "bic": -432.32496507829995,
    "xb": 30.988768252362583
}