{
    "dataset": "blobs-P5-K16-N1024-dt0.90-S8",
    "algorithm": "kmeans",
    "k": 32,
    "n": 1024,
    "d": 5,
    "k_true": 16,
    "rand_score": 0.9340615072091887,
    "adjusted_rand_score": 0.26541602133135334,
    "accuracy": 0.384765625,
    "f1_score": 0.249199219170963,
    "precision": 0.3636703588073549,
    "recall": 0.1923828125,
    "sigui": 0.33401429047401465,
    "sse": 1211.3526269081424,
    "sc": 0.15564674205755671,
    "ch": 103.25376208427878,
    "db": 1.4406495548201346,
    "bic": -7761.1334106586855,
    "xb": 918.1266821617103
}