{
    "dataset": "blobs-P2-K16-N64-dt0.60-S5",
    "algorithm": "kmeans",
    "k": 8,
    "n": 64,
    "d": 2,
    "k_true": 16,
    "rand_score": 0.902281746031746,
    "adjusted_rand_score": 0.42565597667638483,
    "accuracy": 0.5,
    "f1_score": 0.36241883116883117,
    "precision": 0.30565476190476193,
    "recall": 0.5,
    "sigui": 0.15322983264080153,
    "sse": 9.58942275144727,
    "sc": 0.5147960262360514,
    "ch": 98.78432128205571,
    "db": 0.581596474974069,
    "bic": -193.21162208950224,
    "xb": 15.891099567272555
}