{
    "dataset": "blobs-P10-K2-N128-dt0.50-S4",
    "algorithm": "kmeans",
    "k": 8,
    "n": 128,
    "d": 10,
    "k_true": 2,
    "rand_score": 0.5501968503937008,
    "adjusted_rand_score": 0.09526463263977927,
    "accuracy": 0.2890625,
    "f1_score": 0.10738482384823847,
    "precision": 0.21420940170940173,
    "recall": 0.072265625,
    "sigui": 0.49636517576225847,
    "sse": 821.0294708397759,
    "sc": 0.09327228143674217,
    "ch": 9.583171486070484,
    "db": 1.9568625180536685,
    "bic": -1998.651729558725,
    "xb": 157.0403469708215
}