{
    "dataset": "blobs-P5-K32-N64-dt0.60-S5",
    "algorithm": "kmeans",
    "k": 2,
    "n": 64,
    "d": 5,
    "k_true": 32,
    "rand_score": 0.4722222222222222,
    "adjusted_rand_score": 0.023255813953488372,
    "accuracy": 0.0625,
    "f1_score": 0.008049242424242424,
    "precision": 0.004329004329004329,
    "recall": 0.0625,
    "sigui": 0.5283856522499365,
    "sse": 263.2114658711907,
    "sc": 0.1652822631821475,
    "ch": 13.376655550823234,
    "db": 1.9305663366656232,
    "bic": -489.0187628170487,
    "xb": 60.25726798347551
}