{
    "dataset": "blobs-P2-K8-N1024-dt0.80-S7",
    "algorithm": "kmeans",
    "k": 4,
    "n": 1024,
    "d": 2,
    "k_true": 8,
    "rand_score": 0.7746689424486803,
    "adjusted_rand_score": 0.33686298719591556,
    "accuracy": 0.4697265625,
    "f1_score": 0.33319724289669467,
    "precision": 0.2694430698321609,
    "recall": 0.4697265625,
    "sigui": 0.31725926522099884,
    "sse": 558.4096642237844,
    "sc": 0.4028773282773038,
    "ch": 907.0764196750417,
    "db": 0.7849671902737044,
    "bic": -2963.5761653181667,
    "xb": 194.74129711889594
}