{
    "dataset": "blobs-P10-K32-N64-dt0.40-S3",
    "algorithm": "kmeans",
    "k": 20,
    "n": 64,
    "d": 10,
    "k_true": 32,
    "rand_score": 0.9489087301587301,
    "adjusted_rand_score": 0.21809856609230027,
    "accuracy": 0.5,
    "f1_score": 0.40327380952380953,
    "precision": 0.37968749999999996,
    "recall": 0.5,
    "sigui": 0.3724003506947698,
    "sse": 200.4562425886621,
    "sc": 0.11714852516005068,
    "ch": 5.077870329663431,
    "db": 1.2247842999492233,
    "bic": -1196.3918858690179,
    "xb": 44.44933896854118
}