{
    "dataset": "blobs-P10-K16-N64-dt0.20-S1",
    "algorithm": "kmeans",
    "k": 25,
    "n": 64,
    "d": 10,
    "k_true": 16,
    "rand_score": 0.9747023809523809,
    "adjusted_rand_score": 0.6887532693984307,
    "accuracy": 0.78125,
    "f1_score": 0.5356507936507936,
    "precision": 0.6086666666666666,
    "recall": 0.5,
    "sigui": 0.24233086571577814,
    "sse": 85.74466609945354,
    "sc": 0.22070030912932742,
    "ch": 10.504034344757079,
    "db": 0.7805466471926229,
    "bic": -1066.4739982734789,
    "xb": 30.205680865281508
}