{
    "dataset": "blobs-P2-K32-N128-dt0.50-S4",
    "algorithm": "kmeans",
    "k": 2,
    "n": 128,
    "d": 2,
    "k_true": 32,
    "rand_score": 0.4499261811023622,
    "adjusted_rand_score": 0.03412935611118577,
    "accuracy": 0.0625,
    "f1_score": 0.008502125531382847,
    "precision": 0.004609622587150677,
    "recall": 0.0625,
    "sigui": 0.4092516264078534,
    "sse": 159.28493635110044,
    "sc": 0.3973907967380426,
    "ch": 76.50502488760394,
    "db": 1.07940807275827,
    "bic": -395.7786800865527,
    "xb": 40.04650478429967
}