{
    "dataset": "blobs-P10-K8-N128-dt0.60-S5",
    "algorithm": "kmeans",
    "k": 10,
    "n": 128,
    "d": 10,
    "k_true": 8,
    "rand_score": 0.8160679133858267,
    "adjusted_rand_score": 0.0810063842866201,
    "accuracy": 0.3046875,
    "f1_score": 0.2678521738165506,
    "precision": 0.3618253968253969,
    "recall": 0.24375,
    "sigui": 0.4881057805017281,
    "sse": 757.0285741445186,
    "sc": 0.08200909998743341,
    "ch": 9.057434166307242,
    "db": 1.922394555655412,
    "bic": -2032.9738620383914,
    "xb": 138.6538198270237
}