{
    "dataset": "blobs-P10-K8-N1024-dt0.10-S0",
    "algorithm": "kmeans",
    "k": 20,
    "n": 1024,
    "d": 10,
    "k_true": 8,
    "rand_score": 0.936942509775171,
    "adjusted_rand_score": 0.6292143946045846,
    "accuracy": 0.560546875,
    "f1_score": 0.2813669235664001,
    "precision": 0.4,
    "recall": 0.22421875,
    "sigui": 0.22351706433649232,
    "sse": 854.1899502812805,
    "sc": 0.17105363058937978,
    "ch": 580.6272509573806,
    "db": 2.1768542144115353,
    "bic": -5520.570197231782,
    "xb": 1634.4613841870014
}