{
    "dataset": "blobs-P10-K8-N128-dt1.00-S9",
    "algorithm": "kmeans",
    "k": 10,
    "n": 128,
    "d": 10,
    "k_true": 8,
    "rand_score": 0.8069635826771654,
    "adjusted_rand_score": 0.06535739245861809,
    "accuracy": 0.296875,
    "f1_score": 0.2549845282898268,
    "precision": 0.3091488490869296,
    "recall": 0.2375,
    "sigui": 0.4932182855272136,
    "sse": 777.9399538107568,
    "sc": 0.07730177348616564,
    "ch": 8.461533589825148,
    "db": 1.902850614895965,
    "bic": -2046.2301853954243,
    "xb": 163.2811280823518
}