{
    "dataset": "blobs-P10-K2-N1024-dt0.60-S5",
    "algorithm": "kmeans",
    "k": 16,
    "n": 1024,
    "d": 10,
    "k_true": 2,
    "rand_score": 0.5175323038856305,
    "adjusted_rand_score": 0.03423861960653377,
    "accuracy": 0.12109375,
    "f1_score": 0.026359897380424185,
    "precision": 0.10196969696969697,
    "recall": 0.01513671875,
    "sigui": 0.4941387838041136,
    "sse": 6354.318931545148,
    "sc": 0.07336272851630074,
    "ch": 41.09295907447811,
    "db": 2.0996540314654752,
    "bic": -15528.861979308409,
    "xb": 1321.1742128958863
}