{
    "dataset": "blobs-P5-K32-N128-dt0.80-S7",
    "algorithm": "kmeans",
    "k": 16,
    "n": 128,
    "d": 5,
    "k_true": 32,
    "rand_score": 0.922613188976378,
    "adjusted_rand_score": 0.1519941401895946,
    "accuracy": 0.375,
    "f1_score": 0.279910193972694,
    "precision": 0.2452065295815296,
    "recall": 0.375,
    "sigui": 0.3617547727139049,
    "sse": 187.4464183835311,
    "sc": 0.1756373939227304,
    "ch": 18.02684080003303,
    "db": 1.250601953668562,
    "bic": -1090.1348911094335,
    "xb": 90.03531812387236
}