{
    "dataset": "blobs-P5-K4-N128-dt0.90-S8",
    "algorithm": "kmeans",
    "k": 20,
    "n": 128,
    "d": 5,
    "k_true": 4,
    "rand_score": 0.7572588582677166,
    "adjusted_rand_score": 0.09283415335266625,
    "accuracy": 0.2109375,
    "f1_score": 0.06747108155002893,
    "precision": 0.17327380952380952,
    "recall": 0.0421875,
    "sigui": 0.3281190402569451,
    "sse": 168.82839813085462,
    "sc": 0.16739550687693155,
    "ch": 15.863673461912692,
    "db": 1.2306952913356413,
    "bic": -1156.2092052828584,
    "xb": 97.64847128772217
}