{
    "dataset": "blobs-P5-K16-N1024-dt0.40-S3",
    "algorithm": "kmeans",
    "k": 16,
    "n": 1024,
    "d": 5,
    "k_true": 16,
    "rand_score": 0.9958799181329423,
    "adjusted_rand_score": 0.9643546605628112,
    "accuracy": 0.982421875,
    "f1_score": 0.9824212789171702,
    "precision": 0.9824500152625153,
    "recall": 0.982421875,
    "sigui": 0.18432984125024238,
    "sse": 317.14617430905366,
    "sc": 0.5210993527928229,
    "ch": 1017.6751391991107,
    "db": 0.7605144299094957,
    "bic": -3316.331182991854,
    "xb": 567.6855518045036
}