{
    "dataset": "blobs-P5-K2-N128-dt0.80-S7",
    "algorithm": "kmeans",
    "k": 50,
    "n": 128,
    "d": 5,
    "k_true": 2,
    "rand_score": 0.5076279527559056,
    "adjusted_rand_score": 0.007789256682362312,
    "accuracy": 0.1015625,
    "f1_score": 0.007186905215074229,
    "precision": 0.032,
    "recall": 0.0040625,
    "sigui": 0.21000763039229262,
    "sse": 69.04800701307425,
    "sc": 0.16523351322945315,
    "ch": 13.162760164984572,
    "db": 0.7904000463254809,
    "bic": -1431.3449682637956,
    "xb": 61.82615680094517
}