{
    "dataset": "blobs-P5-K16-N64-dt0.90-S8",
    "algorithm": "kmeans",
    "k": 8,
    "n": 64,
    "d": 5,
    "k_true": 16,
    "rand_score": 0.8621031746031746,
    "adjusted_rand_score": 0.13228299643281807,
    "accuracy": 0.34375,
    "f1_score": 0.23228420884670886,
    "precision": 0.18251488095238094,
    "recall": 0.34375,
    "sigui": 0.40447756377108707,
    "sse": 129.0490189586748,
    "sc": 0.18343592760130517,
    "ch": 11.837423179635218,
    "db": 1.275398220976781,
    "bic": -539.8624338088598,
    "xb": 39.73097789021719
}