{
    "dataset": "blobs-P5-K16-N1024-dt0.80-S7",
    "algorithm": "kmeans",
    "k": 16,
    "n": 1024,
    "d": 5,
    "k_true": 16,
    "rand_score": 0.9062996395405669,
    "adjusted_rand_score": 0.20171225767454568,
    "accuracy": 0.3828125,
    "f1_score": 0.38051079661481774,
    "precision": 0.3840446451747547,
    "recall": 0.3828125,
    "sigui": 0.39923626817769375,
    "sse": 1916.82479780787,
    "sc": 0.1487123043322407,
    "ch": 112.29684310922963,
    "db": 1.4627890452741381,
    "bic": -7905.67142999774,
    "xb": 723.3315011459839
}