{
    "dataset": "blobs-P10-K8-N1024-dt0.70-S6",
    "algorithm": "kmeans",
    "k": 32,
    "n": 1024,
    "d": 10,
    "k_true": 8,
    "rand_score": 0.8629738666911045,
    "adjusted_rand_score": 0.07580675401651739,
    "accuracy": 0.173828125,
    "f1_score": 0.06683967388530394,
    "precision": 0.14827480201258997,
    "recall": 0.04345703125,
    "sigui": 0.463219619027002,
    "sse": 5278.900172038393,
    "sc": 0.07957279134283837,
    "ch": 30.073536024734057,
    "db": 1.9858214832190566,
    "bic": -15879.63139400982,
    "xb": 1363.3954906372069
}