{
    "dataset": "blobs-P2-K32-N64-dt0.90-S8",
    "algorithm": "kmeans",
    "k": 4,
    "n": 64,
    "d": 2,
    "k_true": 32,
    "rand_score": 0.7638888888888888,
    "adjusted_rand_score": 0.09138286268331111,
    "accuracy": 0.125,
    "f1_score": 0.028893849206349204,
    "precision": 0.016419778138528136,
    "recall": 0.125,
    "sigui": 0.3304087110382667,
    "sse": 36.99563711686521,
    "sc": 0.40269901096478555,
    "ch": 49.19734864717258,
    "db": 0.9719456415347408,
    "bic": -214.30763996113285,
    "xb": 24.252077072938473
}