{
    "dataset": "blobs-P5-K32-N64-dt0.70-S6",
    "algorithm": "kmeans",
    "k": 2,
    "n": 64,
    "d": 5,
    "k_true": 32,
    "rand_score": 0.503968253968254,
    "adjusted_rand_score": 0.02663617823373092,
    "accuracy": 0.0625,
    "f1_score": 0.007589285714285714,
    "precision": 0.004048582995951417,
    "recall": 0.0625,
    "sigui": 0.5303126882334529,
    "sse": 255.60551463954138,
    "sc": 0.18061643682702916,
    "ch": 15.61960859091268,
    "db": 1.8608391875711086,
    "bic": -486.3734424126737,
    "xb": 55.61121474529375
}