{
    "dataset": "blobs-P5-K32-N64-dt0.30-S2",
    "algorithm": "kmeans",
    "k": 3,
    "n": 64,
    "d": 5,
    "k_true": 32,
    "rand_score": 0.6746031746031746,
    "adjusted_rand_score": 0.06038559476173154,
    "accuracy": 0.09375,
    "f1_score": 0.01679292929292929,
    "precision": 0.009263392857142857,
    "recall": 0.09375,
    "sigui": 0.516205737472869,
    "sse": 219.49612650329306,
    "sc": 0.19176914251851762,
    "ch": 13.965477161181575,
    "db": 1.7087358389925722,
    "bic": -499.94465381369395,
    "xb": 45.28769958937176
}