{
    "dataset": "blobs-P10-K16-N128-dt0.60-S5",
    "algorithm": "kmeans",
    "k": 3,
    "n": 128,
    "d": 10,
    "k_true": 16,
    "rand_score": 0.6669537401574803,
    "adjusted_rand_score": 0.058233597317605676,
    "accuracy": 0.171875,
    "f1_score": 0.055052135054617674,
    "precision": 0.03290732959850607,
    "recall": 0.171875,
    "sigui": 0.5412301228505989,
    "sse": 1041.2881252048358,
    "sc": 0.09737689539882972,
    "ch": 14.327919250748094,
    "db": 2.4446961897978685,
    "bic": -1903.546016662797,
    "xb": 200.3923594122107
}