{
    "dataset": "blobs-P5-K4-N1024-dt0.70-S6",
    "algorithm": "kmeans",
    "k": 25,
    "n": 1024,
    "d": 5,
    "k_true": 4,
    "rand_score": 0.7455324413489736,
    "adjusted_rand_score": 0.05710115428641419,
    "accuracy": 0.1298828125,
    "f1_score": 0.03476777282254353,
    "precision": 0.10934188034188035,
    "recall": 0.02078125,
    "sigui": 0.3832215522819817,
    "sse": 1663.4402232532618,
    "sc": 0.14152825972868502,
    "ch": 86.49502320299322,
    "db": 1.417162000408723,
    "bic": -8178.107428568557,
    "xb": 787.2165695523576
}