{
    "dataset": "blobs-P10-K4-N128-dt0.80-S7",
    "algorithm": "kmeans",
    "k": 10,
    "n": 128,
    "d": 10,
    "k_true": 4,
    "rand_score": 0.7125984251968503,
    "adjusted_rand_score": 0.04563498446235902,
    "accuracy": 0.265625,
    "f1_score": 0.14074598930481283,
    "precision": 0.2130482456140351,
    "recall": 0.10625,
    "sigui": 0.4852774079998738,
    "sse": 753.0111195794468,
    "sc": 0.08830588077375136,
    "ch": 9.175707484071141,
    "db": 1.6932428339170857,
    "bic": -2025.2328882695592,
    "xb": 132.92172995375242
}