{
    "dataset": "blobs-P2-K4-N1024-dt0.70-S6",
    "algorithm": "kmeans",
    "k": 10,
    "n": 1024,
    "d": 2,
    "k_true": 4,
    "rand_score": 0.780728784824047,
    "adjusted_rand_score": 0.27388531311919206,
    "accuracy": 0.3681640625,
    "f1_score": 0.20371879850648583,
    "precision": 0.3332326562862536,
    "recall": 0.147265625,
    "sigui": 0.22682280205449123,
    "sse": 236.93299732727613,
    "sc": 0.3167837094254876,
    "ch": 861.2007808236035,
    "db": 0.9881051733739726,
    "bic": -3126.1309991081503,
    "xb": 400.92218040257126
}