{
    "dataset": "blobs-P5-K4-N128-dt0.80-S7",
    "algorithm": "kmeans",
    "k": 16,
    "n": 128,
    "d": 5,
    "k_true": 4,
    "rand_score": 0.749138779527559,
    "adjusted_rand_score": 0.0948642574267808,
    "accuracy": 0.2265625,
    "f1_score": 0.08540808946255701,
    "precision": 0.1846590909090909,
    "recall": 0.056640625,
    "sigui": 0.3589674532863051,
    "sse": 187.9295744513152,
    "sc": 0.1696590699094587,
    "ch": 17.961298466647794,
    "db": 1.255924873470983,
    "bic": -1095.518228938885,
    "xb": 78.11179560352457
}