{
    "dataset": "blobs-P2-K8-N64-dt0.60-S5",
    "algorithm": "kmeans",
    "k": 2,
    "n": 64,
    "d": 2,
    "k_true": 8,
    "rand_score": 0.5873015873015873,
    "adjusted_rand_score": 0.20408163265306123,
    "accuracy": 0.25,
    "f1_score": 0.10416666666666666,
    "precision": 0.06666666666666667,
    "recall": 0.25,
    "sigui": 0.40630965034770716,
    "sse": 65.63458661483789,
    "sc": 0.5187964723237972,
    "ch": 58.91186079331416,
    "db": 0.7642151240892058,
    "bic": -193.7253872312047,
    "xb": 14.984298551793378
}