{
    "dataset": "blobs-P10-K2-N1024-dt0.10-S0",
    "algorithm": "kmeans",
    "k": 8,
    "n": 1024,
    "d": 10,
    "k_true": 2,
    "rand_score": 0.6341222201857283,
    "adjusted_rand_score": 0.2677199381008924,
    "accuracy": 0.2919921875,
    "f1_score": 0.11175305381313966,
    "precision": 0.25,
    "recall": 0.072998046875,
    "sigui": 0.47865273697427396,
    "sse": 5827.897215116565,
    "sc": 0.09145079896236753,
    "ch": 109.88272108589851,
    "db": 2.2471988383983215,
    "bic": -14040.848648793833,
    "xb": 1662.3625054267607
}