{
    "dataset": "blobs-P5-K2-N64-dt0.60-S5",
    "algorithm": "kmeans",
    "k": 32,
    "n": 64,
    "d": 5,
    "k_true": 2,
    "rand_score": 0.5188492063492064,
    "adjusted_rand_score": 0.023115288701323615,
    "accuracy": 0.15625,
    "f1_score": 0.01655982905982906,
    "precision": 0.05803571428571429,
    "recall": 0.009765625,
    "sigui": 0.18076764414732654,
    "sse": 26.53165349396118,
    "sc": 0.16515669328301197,
    "ch": 11.417873651562005,
    "db": 0.6835113012908353,
    "bic": -696.0710720985371,
    "xb": 36.191883013330106
}