{
    "dataset": "blobs-P10-K16-N64-dt0.90-S8",
    "algorithm": "kmeans",
    "k": 20,
    "n": 64,
    "d": 10,
    "k_true": 16,
    "rand_score": 0.9052579365079365,
    "adjusted_rand_score": 0.04522732682694597,
    "accuracy": 0.375,
    "f1_score": 0.31731240981240977,
    "precision": 0.4085119047619047,
    "recall": 0.3,
    "sigui": 0.36761133055524553,
    "sse": 219.992857421067,
    "sc": 0.08988122043752238,
    "ch": 4.421271358800641,
    "db": 1.204210809518417,
    "bic": -1222.2342867397124,
    "xb": 47.00707186414924
}