{
    "dataset": "blobs-P5-K8-N1024-dt0.30-S2",
    "algorithm": "kmeans",
    "k": 25,
    "n": 1024,
    "d": 5,
    "k_true": 8,
    "rand_score": 0.913541284824047,
    "adjusted_rand_score": 0.4478342186620621,
    "accuracy": 0.3837890625,
    "f1_score": 0.1753742224767388,
    "precision": 0.3187878787878788,
    "recall": 0.1228125,
    "sigui": 0.25903546280489126,
    "sse": 683.7438638623248,
    "sc": 0.1604958486594727,
    "ch": 270.0706674333136,
    "db": 1.672327776750376,
    "bic": -5874.842028716979,
    "xb": 1012.7102601193596
}