{
    "dataset": "blobs-P10-K8-N1024-dt0.60-S5",
    "algorithm": "kmeans",
    "k": 3,
    "n": 1024,
    "d": 10,
    "k_true": 8,
    "rand_score": 0.7023250397116324,
    "adjusted_rand_score": 0.2082616035041685,
    "accuracy": 0.33984375,
    "f1_score": 0.18587815193862522,
    "precision": 0.12819192766941395,
    "recall": 0.33984375,
    "sigui": 0.5427011014412317,
    "sse": 8379.025046930587,
    "sc": 0.0993290158724684,
    "ch": 113.38165338101555,
    "db": 2.542272825263575,
    "bic": -14738.729991841075,
    "xb": 1806.3618516113331
}