{
    "dataset": "blobs-P5-K2-N1024-dt0.80-S7",
    "algorithm": "kmeans",
    "k": 10,
    "n": 1024,
    "d": 5,
    "k_true": 2,
    "rand_score": 0.5199780058651027,
    "adjusted_rand_score": 0.0392067038122814,
    "accuracy": 0.197265625,
    "f1_score": 0.06326832977653493,
    "precision": 0.159718574108818,
    "recall": 0.039453125,
    "sigui": 0.43714606601222217,
    "sse": 2492.133764185315,
    "sc": 0.13677273317778504,
    "ch": 118.80298461102399,
    "db": 1.5091769298352307,
    "bic": -7977.759722873353,
    "xb": 670.262717971857
}