{
    "dataset": "blobs-P5-K4-N1024-dt0.60-S5",
    "algorithm": "kmeans",
    "k": 32,
    "n": 1024,
    "d": 5,
    "k_true": 4,
    "rand_score": 0.7485852730938416,
    "adjusted_rand_score": 0.052989267372609006,
    "accuracy": 0.1044921875,
    "f1_score": 0.02283744673825932,
    "precision": 0.09392093125666343,
    "recall": 0.0130615234375,
    "sigui": 0.35325418067013764,
    "sse": 1448.6323314779029,
    "sc": 0.14123296238408184,
    "ch": 81.09978138679918,
    "db": 1.3653532199838405,
    "bic": -8216.629815829161,
    "xb": 713.6614442643404
}