{
    "dataset": "blobs-P10-K32-N1024-dt0.70-S6",
    "algorithm": "kmeans",
    "k": 32,
    "n": 1024,
    "d": 10,
    "k_true": 32,
    "rand_score": 0.9518190982404692,
    "adjusted_rand_score": 0.20651792792243429,
    "accuracy": 0.3916015625,
    "f1_score": 0.38709626405659964,
    "precision": 0.3958180629387096,
    "recall": 0.3916015625,
    "sigui": 0.4583578861053622,
    "sse": 4943.971283865917,
    "sc": 0.0896462803270529,
    "ch": 34.2787021173335,
    "db": 1.9180748350768153,
    "bic": -15539.891590551933,
    "xb": 1415.6556515956609
}