{
    "dataset": "blobs-P5-K16-N128-dt1.00-S9",
    "algorithm": "kmeans",
    "k": 2,
    "n": 128,
    "d": 5,
    "k_true": 16,
    "rand_score": 0.5201771653543307,
    "adjusted_rand_score": 0.0633226421374323,
    "accuracy": 0.125,
    "f1_score": 0.02857142857142857,
    "precision": 0.016194331983805668,
    "recall": 0.125,
    "sigui": 0.5196761951245622,
    "sse": 493.83397402165934,
    "sc": 0.206042797990912,
    "ch": 37.29374697185813,
    "db": 1.7125508964771192,
    "bic": -940.7657674159784,
    "xb": 95.25342891317979
}