{
    "dataset": "blobs-P10-K8-N1024-dt1.00-S9",
    "algorithm": "kmeans",
    "k": 50,
    "n": 1024,
    "d": 10,
    "k_true": 8,
    "rand_score": 0.8629872311827957,
    "adjusted_rand_score": 0.018180464283854395,
    "accuracy": 0.0791015625,
    "f1_score": 0.02148799284515258,
    "precision": 0.07164596273291926,
    "recall": 0.01265625,
    "sigui": 0.44423049387341956,
    "sse": 4764.501428643521,
    "sc": 0.07594629050723907,
    "ch": 22.84383871940563,
    "db": 1.8353035346375859,
    "bic": -16487.608301429842,
    "xb": 1360.3289716366705
}