{
    "dataset": "blobs-P5-K32-N64-dt0.30-S2",
    "algorithm": "kmeans",
    "k": 8,
    "n": 64,
    "d": 5,
    "k_true": 32,
    "rand_score": 0.8878968253968254,
    "adjusted_rand_score": 0.18686464877213022,
    "accuracy": 0.25,
    "f1_score": 0.11383304195804196,
    "precision": 0.08254419191919192,
    "recall": 0.25,
    "sigui": 0.3522036727551756,
    "sse": 92.67456426126529,
    "sc": 0.32898104969742725,
    "ch": 19.623545040718252,
    "db": 0.9869424926072483,
    "bic": -485.41909877420534,
    "xb": 29.98097702642689
}