{
    "dataset": "blobs-P10-K32-N64-dt0.70-S6",
    "algorithm": "kmeans",
    "k": 4,
    "n": 64,
    "d": 10,
    "k_true": 32,
    "rand_score": 0.6701388888888888,
    "adjusted_rand_score": 0.013283402812124638,
    "accuracy": 0.125,
    "f1_score": 0.04320363562091503,
    "precision": 0.03098958333333333,
    "recall": 0.125,
    "sigui": 0.5359221086888899,
    "sse": 516.5565073897512,
    "sc": 0.042969143562343846,
    "ch": 4.779476817900525,
    "db": 2.2943523069663163,
    "bic": -1007.5522857052915,
    "xb": 102.6958972083866
}