{
    "dataset": "blobs-P2-K8-N1024-dt0.70-S6",
    "algorithm": "kmeans",
    "k": 50,
    "n": 1024,
    "d": 2,
    "k_true": 8,
    "rand_score": 0.8870223148826979,
    "adjusted_rand_score": 0.19964054969715697,
    "accuracy": 0.2197265625,
    "f1_score": 0.05604119810967479,
    "precision": 0.14540028872686073,
    "recall": 0.03515625,
    "sigui": 0.0950380632101353,
    "sse": 30.28473113211312,
    "sc": 0.3427452192326653,
    "ch": 1324.33859249453,
    "db": 0.8331058203123518,
    "bic": -3026.917337286745,
    "xb": 322.835754389795
}