{
    "dataset": "blobs-P5-K16-N128-dt0.80-S7",
    "algorithm": "kmeans",
    "k": 25,
    "n": 128,
    "d": 5,
    "k_true": 16,
    "rand_score": 0.9798228346456693,
    "adjusted_rand_score": 0.7750853094898709,
    "accuracy": 0.7734375,
    "f1_score": 0.5482197802197802,
    "precision": 0.6333333333333333,
    "recall": 0.495,
    "sigui": 0.21642796762714933,
    "sse": 57.50660642346517,
    "sc": 0.28322036038607634,
    "ch": 43.47096162060971,
    "db": 0.9990830364465042,
    "bic": -908.8065007553591,
    "xb": 105.06031586355031
}