{
    "dataset": "blobs-P10-K16-N1024-dt0.90-S8",
    "algorithm": "kmeans",
    "k": 32,
    "n": 1024,
    "d": 10,
    "k_true": 16,
    "rand_score": 0.9186159732404692,
    "adjusted_rand_score": 0.08865493877399014,
    "accuracy": 0.21484375,
    "f1_score": 0.14051421886078302,
    "precision": 0.2085803390269698,
    "recall": 0.107421875,
    "sigui": 0.46586562255807595,
    "sse": 5311.784228018014,
    "sc": 0.07525230631098616,
    "ch": 29.689252788467872,
    "db": 1.9782269277408484,
    "bic": -15919.383803604609,
    "xb": 1586.2519644511058
}