{
    "dataset": "blobs-P5-K16-N128-dt0.80-S7",
    "algorithm": "kmeans",
    "k": 10,
    "n": 128,
    "d": 5,
    "k_true": 16,
    "rand_score": 0.937623031496063,
    "adjusted_rand_score": 0.5749255662575836,
    "accuracy": 0.6171875,
    "f1_score": 0.4885782321366062,
    "precision": 0.4149480048936571,
    "recall": 0.6171875,
    "sigui": 0.30779751041062664,
    "sse": 130.05302866553757,
    "sc": 0.33886218723700245,
    "ch": 51.409578619928205,
    "db": 0.9698765644321096,
    "bic": -833.7659316965432,
    "xb": 52.85366968126672
}