{
    "dataset": "blobs-P10-K16-N64-dt0.50-S4",
    "algorithm": "kmeans",
    "k": 16,
    "n": 64,
    "d": 10,
    "k_true": 16,
    "rand_score": 0.9280753968253969,
    "adjusted_rand_score": 0.2751725779576291,
    "accuracy": 0.53125,
    "f1_score": 0.5146960678210678,
    "precision": 0.5382440476190476,
    "recall": 0.53125,
    "sigui": 0.416294060817443,
    "sse": 254.83528238270318,
    "sc": 0.09425479152275852,
    "ch": 4.836563778968338,
    "db": 1.448587716879513,
    "bic": -1164.0752855584883,
    "xb": 53.85913979977974
}