{
    "dataset": "blobs-P10-K2-N64-dt0.80-S7",
    "algorithm": "kmeans",
    "k": 8,
    "n": 64,
    "d": 10,
    "k_true": 2,
    "rand_score": 0.5069444444444444,
    "adjusted_rand_score": 0.003912960488642871,
    "accuracy": 0.265625,
    "f1_score": 0.08846153846153847,
    "precision": 0.1669254658385093,
    "recall": 0.06640625,
    "sigui": 0.49157944997961617,
    "sse": 404.47858311120956,
    "sc": 0.056125086783555336,
    "ch": 4.658272189883239,
    "db": 1.8881124315054234,
    "bic": -1064.9255639554194,
    "xb": 98.20954884733055
}