{
    "dataset": "blobs-P5-K16-N128-dt1.00-S9",
    "algorithm": "kmeans",
    "k": 8,
    "n": 128,
    "d": 5,
    "k_true": 16,
    "rand_score": 0.8780757874015748,
    "adjusted_rand_score": 0.25073969340675695,
    "accuracy": 0.40625,
    "f1_score": 0.27079441391941395,
    "precision": 0.20461483471593767,
    "recall": 0.40625,
    "sigui": 0.4064640846777112,
    "sse": 260.21285923898745,
    "sc": 0.17412909104854693,
    "ch": 25.020426422433825,
    "db": 1.4214537458762662,
    "bic": -1001.9383229683998,
    "xb": 79.87813858354083
}