{
    "dataset": "blobs-P10-K8-N128-dt0.40-S3",
    "algorithm": "kmeans",
    "k": 20,
    "n": 128,
    "d": 10,
    "k_true": 8,
    "rand_score": 0.9044045275590551,
    "adjusted_rand_score": 0.3994303416124497,
    "accuracy": 0.5,
    "f1_score": 0.24973807191198497,
    "precision": 0.3513636363636364,
    "recall": 0.2,
    "sigui": 0.39901951333642643,
    "sse": 449.4840570316958,
    "sc": 0.1235147640167653,
    "ch": 10.502769545306975,
    "db": 1.510570574058597,
    "bic": -2058.790440143366,
    "xb": 117.59088170690784
}