{
    "dataset": "blobs-P2-K4-N1024-dt1.00-S9",
    "algorithm": "kmeans",
    "k": 3,
    "n": 1024,
    "d": 2,
    "k_true": 4,
    "rand_score": 0.6877501069159335,
    "adjusted_rand_score": 0.25627003550940547,
    "accuracy": 0.5380859375,
    "f1_score": 0.46038126882372105,
    "precision": 0.4059662989408753,
    "recall": 0.5380859375,
    "sigui": 0.3762389582870832,
    "sse": 832.1415138304749,
    "sc": 0.3709844218845863,
    "ch": 745.9016848376958,
    "db": 0.8843401384341111,
    "bic": -3128.7298486644563,
    "xb": 245.9119199826424
}