{
    "dataset": "blobs-P5-K2-N64-dt0.40-S3",
    "algorithm": "kmeans",
    "k": 25,
    "n": 64,
    "d": 5,
    "k_true": 2,
    "rand_score": 0.5322420634920635,
    "adjusted_rand_score": 0.05068631054153817,
    "accuracy": 0.171875,
    "f1_score": 0.02311850311850312,
    "precision": 0.07428571428571429,
    "recall": 0.01375,
    "sigui": 0.2421459642199624,
    "sse": 46.84059475518482,
    "sc": 0.155718468813749,
    "ch": 9.47648158275554,
    "db": 0.7892539514796718,
    "bic": -668.3181906689167,
    "xb": 33.221434350898456
}