{
    "dataset": "blobs-P2-K8-N1024-dt0.40-S3",
    "algorithm": "kmeans",
    "k": 32,
    "n": 1024,
    "d": 2,
    "k_true": 8,
    "rand_score": 0.8934009958455523,
    "adjusted_rand_score": 0.28587279399309884,
    "accuracy": 0.2880859375,
    "f1_score": 0.10910257582895913,
    "precision": 0.22945608799994466,
    "recall": 0.072021484375,
    "sigui": 0.08584701653230709,
    "sse": 32.632382009452094,
    "sc": 0.33020708752055805,
    "ch": 1976.4163402299732,
    "db": 0.8881907966048664,
    "bic": -2494.8537889045633,
    "xb": 335.51106768046475
}