{
    "dataset": "blobs-P5-K8-N64-dt0.30-S2",
    "algorithm": "kmeans",
    "k": 8,
    "n": 64,
    "d": 5,
    "k_true": 8,
    "rand_score": 0.9608134920634921,
    "adjusted_rand_score": 0.8115557911476279,
    "accuracy": 0.875,
    "f1_score": 0.865909090909091,
    "precision": 0.8839285714285714,
    "recall": 0.875,
    "sigui": 0.24603278577462992,
    "sse": 36.93884116112309,
    "sc": 0.47197983524866133,
    "ch": 61.30374423045831,
    "db": 0.7779416147280831,
    "bic": -339.68103052448214,
    "xb": 23.346706374199854
}