{
    "dataset": "blobs-P10-K8-N1024-dt0.40-S3",
    "algorithm": "kmeans",
    "k": 50,
    "n": 1024,
    "d": 10,
    "k_true": 8,
    "rand_score": 0.8825203903958945,
    "adjusted_rand_score": 0.1604067355675028,
    "accuracy": 0.1962890625,
    "f1_score": 0.05147287843678533,
    "precision": 0.1444136095373122,
    "recall": 0.03140625,
    "sigui": 0.4193089516962186,
    "sse": 3914.2391719242073,
    "sc": 0.07440480739930722,
    "ch": 32.12390149914188,
    "db": 2.003937050412562,
    "bic": -15471.558806593373,
    "xb": 1567.1678832223483
}