{
    "dataset": "blobs-P2-K8-N64-dt0.80-S7",
    "algorithm": "kmeans",
    "k": 20,
    "n": 64,
    "d": 2,
    "k_true": 8,
    "rand_score": 0.8888888888888888,
    "adjusted_rand_score": 0.26903553299492383,
    "accuracy": 0.4375,
    "f1_score": 0.21309132044426163,
    "precision": 0.2891666666666667,
    "recall": 0.175,
    "sigui": 0.0928648722435017,
    "sse": 2.181510169582259,
    "sc": 0.37797720997582474,
    "ch": 133.56304197285502,
    "db": 0.5840533858519248,
    "bic": -231.10487341022758,
    "xb": 31.352454172149482
}