{
    "dataset": "blobs-P2-K16-N64-dt0.70-S6",
    "algorithm": "kmeans",
    "k": 25,
    "n": 64,
    "d": 2,
    "k_true": 16,
    "rand_score": 0.9692460317460317,
    "adjusted_rand_score": 0.5971534653465347,
    "accuracy": 0.703125,
    "f1_score": 0.4971428571428571,
    "precision": 0.5733333333333333,
    "recall": 0.45,
    "sigui": 0.06314444587798666,
    "sse": 1.0493612109981871,
    "sc": 0.41376778375965606,
    "ch": 196.59082675249022,
    "db": 0.4853893890151356,
    "bic": -236.95903999410677,
    "xb": 60.38578696278332
}