{
    "dataset": "blobs-P5-K2-N128-dt0.10-S0",
    "algorithm": "kmeans",
    "k": 3,
    "n": 128,
    "d": 5,
    "k_true": 2,
    "rand_score": 0.8770915354330708,
    "adjusted_rand_score": 0.7536910523648944,
    "accuracy": 0.7890625,
    "f1_score": 0.5775577557755776,
    "precision": 0.6666666666666666,
    "recall": 0.5260416666666666,
    "sigui": 0.3703119860852664,
    "sse": 240.51870771289546,
    "sc": 0.37873365908454576,
    "ch": 103.8072298215886,
    "db": 1.0839324192460664,
    "bic": -771.0035234533061,
    "xb": 74.01371201827556
}