{
    "dataset": "blobs-P5-K4-N128-dt1.00-S9",
    "algorithm": "kmeans",
    "k": 2,
    "n": 128,
    "d": 5,
    "k_true": 4,
    "rand_score": 0.5478592519685039,
    "adjusted_rand_score": 0.09765038193618737,
    "accuracy": 0.390625,
    "f1_score": 0.25875422711901386,
    "precision": 0.19421793921423275,
    "recall": 0.390625,
    "sigui": 0.5287769814527871,
    "sse": 543.8102936835919,
    "sc": 0.1456115133668952,
    "ch": 22.2870054808474,
    "db": 2.2564525133050743,
    "bic": -973.1103284574369,
    "xb": 154.37682282578123
}