{
    "dataset": "blobs-P10-K16-N128-dt0.80-S7",
    "algorithm": "kmeans",
    "k": 3,
    "n": 128,
    "d": 10,
    "k_true": 16,
    "rand_score": 0.6519438976377953,
    "adjusted_rand_score": 0.035494825572811105,
    "accuracy": 0.15625,
    "f1_score": 0.05147539198606272,
    "precision": 0.031013257575757572,
    "recall": 0.15625,
    "sigui": 0.5481828236836452,
    "sse": 1062.3744010428302,
    "sc": 0.08685132964511919,
    "ch": 12.803019275946177,
    "db": 2.5065834920701042,
    "bic": -1914.9286685058278,
    "xb": 211.52000773666205
}