{
    "dataset": "blobs-P5-K8-N1024-dt0.40-S3",
    "algorithm": "kmeans",
    "k": 16,
    "n": 1024,
    "d": 5,
    "k_true": 8,
    "rand_score": 0.9371658877077224,
    "adjusted_rand_score": 0.6429452287418462,
    "accuracy": 0.595703125,
    "f1_score": 0.3661925034343,
    "precision": 0.491171074475941,
    "recall": 0.2978515625,
    "sigui": 0.24520626850470828,
    "sse": 624.0694348218257,
    "sc": 0.2563633749180362,
    "ch": 484.12326757555707,
    "db": 1.403275436149007,
    "bic": -4988.835664888318,
    "xb": 721.8775828171076
}