{
    "dataset": "blobs-P5-K8-N128-dt0.80-S7",
    "algorithm": "kmeans",
    "k": 10,
    "n": 128,
    "d": 5,
    "k_true": 8,
    "rand_score": 0.8478100393700787,
    "adjusted_rand_score": 0.2068310908035241,
    "accuracy": 0.4453125,
    "f1_score": 0.39854511080317534,
    "precision": 0.4656302521008403,
    "recall": 0.35625,
    "sigui": 0.40505352812978257,
    "sse": 234.0593474775216,
    "sc": 0.18363930146684887,
    "ch": 22.73924565328588,
    "db": 1.3936510031063003,
    "bic": -1025.1423263452775,
    "xb": 96.65594007227017
}