{
    "dataset": "blobs-P10-K16-N1024-dt0.50-S4",
    "algorithm": "kmeans",
    "k": 20,
    "n": 1024,
    "d": 10,
    "k_true": 16,
    "rand_score": 0.9193720216275659,
    "adjusted_rand_score": 0.24295572532182252,
    "accuracy": 0.4072265625,
    "f1_score": 0.34886340446178665,
    "precision": 0.3827986133905229,
    "recall": 0.32578125,
    "sigui": 0.4785340059833265,
    "sse": 5567.211926853594,
    "sc": 0.0835909278927871,
    "ch": 44.35253453216075,
    "db": 2.1051633974668293,
    "bic": -15219.976107719858,
    "xb": 1582.6914085628039
}