{
    "dataset": "blobs-P5-K2-N64-dt0.50-S4",
    "algorithm": "kmeans",
    "k": 25,
    "n": 64,
    "d": 5,
    "k_true": 2,
    "rand_score": 0.5257936507936508,
    "adjusted_rand_score": 0.037553133689155936,
    "accuracy": 0.15625,
    "f1_score": 0.021621621621621623,
    "precision": 0.08,
    "recall": 0.0125,
    "sigui": 0.22186599927737832,
    "sse": 42.57100542471855,
    "sc": 0.1582903231533353,
    "ch": 10.58988651282983,
    "db": 0.787013922335553,
    "bic": -653.7344966884343,
    "xb": 65.39236106714571
}