{
    "dataset": "blobs-P5-K16-N64-dt0.50-S4",
    "algorithm": "kmeans",
    "k": 25,
    "n": 64,
    "d": 5,
    "k_true": 16,
    "rand_score": 0.9816468253968254,
    "adjusted_rand_score": 0.7609966164257151,
    "accuracy": 0.765625,
    "f1_score": 0.537142857142857,
    "precision": 0.6266666666666666,
    "recall": 0.49,
    "sigui": 0.11281925640718012,
    "sse": 7.071576383159111,
    "sc": 0.43556443443110715,
    "ch": 71.90881648232987,
    "db": 0.6136547780095827,
    "bic": -372.7361662573004,
    "xb": 71.4470444097736
}