{
    "dataset": "blobs-P5-K2-N1024-dt0.60-S5",
    "algorithm": "kmeans",
    "k": 10,
    "n": 1024,
    "d": 5,
    "k_true": 2,
    "rand_score": 0.5257285557184751,
    "adjusted_rand_score": 0.05071543255409005,
    "accuracy": 0.173828125,
    "f1_score": 0.057139323671497586,
    "precision": 0.16034748721279532,
    "recall": 0.034765625,
    "sigui": 0.4304988728097296,
    "sse": 2436.8727143109663,
    "sc": 0.13891906227406553,
    "ch": 124.05203018838873,
    "db": 1.490272286754029,
    "bic": -7923.751785181997,
    "xb": 685.9199055508191
}