{
    "dataset": "blobs-P2-K4-N128-dt0.90-S8",
    "algorithm": "kmeans",
    "k": 32,
    "n": 128,
    "d": 2,
    "k_true": 4,
    "rand_score": 0.7522145669291339,
    "adjusted_rand_score": 0.048225409134547405,
    "accuracy": 0.140625,
    "f1_score": 0.028875625915099595,
    "precision": 0.08556547619047619,
    "recall": 0.017578125,
    "sigui": 0.09510182132150394,
    "sse": 5.516880766632324,
    "sc": 0.38156058677159466,
    "ch": 140.60294075104719,
    "db": 0.6195022565432771,
    "bic": -537.6837662055138,
    "xb": 82.78075086714607
}