{
    "dataset": "blobs-P5-K2-N1024-dt0.70-S6",
    "algorithm": "kmeans",
    "k": 32,
    "n": 1024,
    "d": 5,
    "k_true": 2,
    "rand_score": 0.5090649437927663,
    "adjusted_rand_score": 0.017231097726922072,
    "accuracy": 0.0693359375,
    "f1_score": 0.007991071428571427,
    "precision": 0.05187774122807018,
    "recall": 0.00433349609375,
    "sigui": 0.35844671738916845,
    "sse": 1507.7270332131307,
    "sc": 0.14043736488658126,
    "ch": 76.66688491406772,
    "db": 1.3912330500548387,
    "bic": -8319.706109241048,
    "xb": 679.7041415839863
}