{
    "dataset": "blobs-P2-K16-N128-dt0.10-S0",
    "algorithm": "kmeans",
    "k": 20,
    "n": 128,
    "d": 2,
    "k_true": 16,
    "rand_score": 0.9923720472440944,
    "adjusted_rand_score": 0.9216626539586525,
    "accuracy": 0.890625,
    "f1_score": 0.7435897435897436,
    "precision": 0.8,
    "recall": 0.7125,
    "sigui": 0.011399601179014443,
    "sse": 0.07171530161016043,
    "sc": 0.7587284473453928,
    "ch": 20285.07469399566,
    "db": 0.4082510341882565,
    "bic": 159.94628686802713,
    "xb": 84.34378561621475
}