{
    "dataset": "blobs-P5-K16-N128-dt0.20-S1",
    "algorithm": "kmeans",
    "k": 50,
    "n": 128,
    "d": 5,
    "k_true": 16,
    "rand_score": 0.9627214566929134,
    "adjusted_rand_score": 0.4796982111710542,
    "accuracy": 0.4921875,
    "f1_score": 0.20554911754911753,
    "precision": 0.32,
    "recall": 0.1575,
    "sigui": 0.06457134489057335,
    "sse": 5.042954857297969,
    "sc": 0.25049080046319727,
    "ch": 200.42772105090663,
    "db": 0.7522572300948824,
    "bic": -601.7245321599414,
    "xb": 158.45800109389444
}