{
    "dataset": "blobs-P10-K4-N1024-dt0.30-S2",
    "algorithm": "kmeans",
    "k": 3,
    "n": 1024,
    "d": 10,
    "k_true": 4,
    "rand_score": 0.8625213831867058,
    "adjusted_rand_score": 0.6843738558345196,
    "accuracy": 0.7431640625,
    "f1_score": 0.6589446589446589,
    "precision": 0.6149978879401381,
    "recall": 0.7431640625,
    "sigui": 0.4431666670903198,
    "sse": 4780.947027601795,
    "sc": 0.2942501882394526,
    "ch": 582.9068020038732,
    "db": 1.356693809702317,
    "bic": -11813.335363587723,
    "xb": 668.9650362098365
}