{
    "dataset": "blobs-P2-K4-N128-dt1.00-S9",
    "algorithm": "kmeans",
    "k": 4,
    "n": 128,
    "d": 2,
    "k_true": 4,
    "rand_score": 0.6950049212598425,
    "adjusted_rand_score": 0.1753397961615934,
    "accuracy": 0.453125,
    "f1_score": 0.4486419639698723,
    "precision": 0.4454216169226311,
    "recall": 0.453125,
    "sigui": 0.3562445857213511,
    "sse": 86.47116710036445,
    "sc": 0.32246741150685565,
    "ch": 81.03500848691642,
    "db": 0.9643385108954852,
    "bic": -430.53631169462653,
    "xb": 44.487857305198176
}