{
    "dataset": "blobs-P5-K2-N128-dt0.90-S8",
    "algorithm": "kmeans",
    "k": 8,
    "n": 128,
    "d": 5,
    "k_true": 2,
    "rand_score": 0.5129183070866141,
    "adjusted_rand_score": 0.020078153168516553,
    "accuracy": 0.234375,
    "f1_score": 0.08787626577888749,
    "precision": 0.18058823529411766,
    "recall": 0.05859375,
    "sigui": 0.4347026899225753,
    "sse": 302.38758733421264,
    "sc": 0.14363338968832867,
    "ch": 19.139811296513837,
    "db": 1.4162899893561252,
    "bic": -1047.2557374172377,
    "xb": 92.67804180909323
}