{
    "dataset": "blobs-P5-K8-N64-dt0.10-S0",
    "algorithm": "kmeans",
    "k": 8,
    "n": 64,
    "d": 5,
    "k_true": 8,
    "rand_score": 1.0,
    "adjusted_rand_score": 1.0,
    "accuracy": 1.0,
    "f1_score": 1.0,
    "precision": 1.0,
    "recall": 1.0,
    "sigui": 0.09555370019129694,
    "sse": 4.281162475790412,
    "sc": 0.8169031686583222,
    "ch": 589.9684290135143,
    "db": 0.2483095494419143,
    "bic": 1.9326205400948595,
    "xb": 10.874224519123365
}