{
    "dataset": "blobs-P2-K32-N64-dt0.10-S0",
    "algorithm": "kmeans",
    "k": 50,
    "n": 64,
    "d": 2,
    "k_true": 32,
    "rand_score": 0.9910714285714286,
    "adjusted_rand_score": 0.6048780487804878,
    "accuracy": 0.71875,
    "f1_score": 0.52,
    "precision": 0.64,
    "recall": 0.46,
    "sigui": 0.0011157711820108836,
    "sse": 0.0005082056171484447,
    "sc": 0.4263036291149226,
    "ch": 71961.58825442765,
    "db": 0.012079856686544876,
    "bic": 8.376292652870347,
    "xb": 190.25166441156955
}