{
    "dataset": "blobs-P5-K2-N1024-dt0.40-S3",
    "algorithm": "kmeans",
    "k": 10,
    "n": 1024,
    "d": 5,
    "k_true": 2,
    "rand_score": 0.5566501710654936,
    "adjusted_rand_score": 0.11260955850043744,
    "accuracy": 0.2060546875,
    "f1_score": 0.06754270831990304,
    "precision": 0.19117279319829955,
    "recall": 0.0412109375,
    "sigui": 0.4221919464558688,
    "sse": 2245.220771989869,
    "sc": 0.13781662199377592,
    "ch": 144.25832731603472,
    "db": 1.5741673280892508,
    "bic": -7706.8740943570265,
    "xb": 799.5828911253418
}