{
    "dataset": "blobs-P2-K8-N64-dt0.40-S3",
    "algorithm": "kmeans",
    "k": 4,
    "n": 64,
    "d": 2,
    "k_true": 8,
    "rand_score": 0.8412698412698413,
    "adjusted_rand_score": 0.5054945054945055,
    "accuracy": 0.5,
    "f1_score": 0.35416666666666663,
    "precision": 0.29166666666666663,
    "recall": 0.5,
    "sigui": 0.20921869150605923,
    "sse": 12.131669765319653,
    "sc": 0.6037609287498252,
    "ch": 191.01794307970496,
    "db": 0.5513619454097549,
    "bic": -140.44725281038347,
    "xb": 11.763524683300133
}