{
    "dataset": "blobs-P10-K4-N128-dt0.70-S6",
    "algorithm": "kmeans",
    "k": 4,
    "n": 128,
    "d": 10,
    "k_true": 4,
    "rand_score": 0.6610482283464567,
    "adjusted_rand_score": 0.10545773432566416,
    "accuracy": 0.421875,
    "f1_score": 0.41786539602594863,
    "precision": 0.4342874887082204,
    "recall": 0.421875,
    "sigui": 0.5326694553392108,
    "sse": 993.6356747246588,
    "sc": 0.08030307389282143,
    "ch": 11.912205260404622,
    "db": 2.3966696479279923,
    "bic": -1933.574520464733,
    "xb": 216.22906881308452
}