{
    "dataset": "blobs-P10-K32-N1024-dt1.00-S9",
    "algorithm": "kmeans",
    "k": 20,
    "n": 1024,
    "d": 10,
    "k_true": 32,
    "rand_score": 0.9265048417644184,
    "adjusted_rand_score": 0.054377561160799025,
    "accuracy": 0.166015625,
    "f1_score": 0.12673946520576393,
    "precision": 0.10374510273698703,
    "recall": 0.166015625,
    "sigui": 0.4904587775199865,
    "sse": 6091.62350619858,
    "sc": 0.07289953231093987,
    "ch": 35.985307879517926,
    "db": 2.0504056121366183,
    "bic": -15686.938500734763,
    "xb": 1311.9450680723555
}