{
    "dataset": "blobs-P10-K16-N128-dt0.70-S6",
    "algorithm": "kmeans",
    "k": 25,
    "n": 128,
    "d": 10,
    "k_true": 16,
    "rand_score": 0.9169537401574803,
    "adjusted_rand_score": 0.13250488266426497,
    "accuracy": 0.3515625,
    "f1_score": 0.2531678321678321,
    "precision": 0.3373003663003663,
    "recall": 0.225,
    "sigui": 0.41181932771185653,
    "sse": 524.4200638331417,
    "sc": 0.07124991296528939,
    "ch": 6.183396574012821,
    "db": 1.5024601163322506,
    "bic": -2318.672757167101,
    "xb": 144.19630147300208
}