{
    "dataset": "blobs-P5-K8-N1024-dt0.70-S6",
    "algorithm": "kmeans",
    "k": 32,
    "n": 1024,
    "d": 5,
    "k_true": 8,
    "rand_score": 0.8711262066226784,
    "adjusted_rand_score": 0.12999981895344281,
    "accuracy": 0.2080078125,
    "f1_score": 0.08206529594430534,
    "precision": 0.19647154446134524,
    "recall": 0.052001953125,
    "sigui": 0.3468333354130826,
    "sse": 1395.7721565853997,
    "sc": 0.13628561996277302,
    "ch": 85.38305512614336,
    "db": 1.4834674127460092,
    "bic": -8126.234077674091,
    "xb": 950.9003987304171
}