{
    "dataset": "blobs-P10-K2-N64-dt0.90-S8",
    "algorithm": "kmeans",
    "k": 16,
    "n": 64,
    "d": 10,
    "k_true": 2,
    "rand_score": 0.5034722222222222,
    "adjusted_rand_score": -0.006865390449124264,
    "accuracy": 0.15625,
    "f1_score": 0.03218157181571815,
    "precision": 0.10416666666666666,
    "recall": 0.01953125,
    "sigui": 0.40909476012287654,
    "sse": 269.47042192180226,
    "sc": 0.06786130927141522,
    "ch": 4.400092007850533,
    "db": 1.3671235334684262,
    "bic": -1176.032407219339,
    "xb": 57.521388529375656
}