{
    "dataset": "blobs-P10-K8-N128-dt0.90-S8",
    "algorithm": "kmeans",
    "k": 3,
    "n": 128,
    "d": 10,
    "k_true": 8,
    "rand_score": 0.656373031496063,
    "adjusted_rand_score": 0.06854282810723374,
    "accuracy": 0.2734375,
    "f1_score": 0.14895182872435325,
    "precision": 0.10237908008044139,
    "recall": 0.2734375,
    "sigui": 0.5486444454204696,
    "sse": 1069.5547280751448,
    "sc": 0.08154051399746198,
    "ch": 12.297481512679893,
    "db": 2.6053797474511087,
    "bic": -1922.0905679163607,
    "xb": 217.35062652694225
}