{
    "dataset": "blobs-P5-K32-N1024-dt0.10-S0",
    "algorithm": "kmeans",
    "k": 25,
    "n": 1024,
    "d": 5,
    "k_true": 32,
    "rand_score": 0.9843597262952102,
    "adjusted_rand_score": 0.7870967741935484,
    "accuracy": 0.78125,
    "f1_score": 0.7135416666666666,
    "precision": 0.6822916666666666,
    "recall": 0.78125,
    "sigui": 0.10699301701378304,
    "sse": 138.74217689507748,
    "sc": 0.7834326616591891,
    "ch": 1494.4616087690863,
    "db": 0.40679643955032546,
    "bic": -1770.0125360768097,
    "xb": 90.54216926883934
}