{
    "dataset": "blobs-P2-K4-N1024-dt0.60-S5",
    "algorithm": "kmeans",
    "k": 20,
    "n": 1024,
    "d": 2,
    "k_true": 4,
    "rand_score": 0.7762784090909091,
    "adjusted_rand_score": 0.19005941264521753,
    "accuracy": 0.2353515625,
    "f1_score": 0.07329946743025857,
    "precision": 0.16880748051205036,
    "recall": 0.0470703125,
    "sigui": 0.15289951738443042,
    "sse": 110.8505712118059,
    "sc": 0.32357835654326006,
    "ch": 923.4328060511604,
    "db": 0.9103029034337184,
    "bic": -3146.349406906729,
    "xb": 369.37911262361007
}