{
    "dataset": "blobs-P10-K16-N1024-dt0.70-S6",
    "algorithm": "kmeans",
    "k": 20,
    "n": 1024,
    "d": 10,
    "k_true": 16,
    "rand_score": 0.9361635508308895,
    "adjusted_rand_score": 0.4005701527396121,
    "accuracy": 0.560546875,
    "f1_score": 0.48191474207379503,
    "precision": 0.5272657209309972,
    "recall": 0.4484375,
    "sigui": 0.46051516230409484,
    "sse": 5170.342005604338,
    "sc": 0.09767160313843135,
    "ch": 51.81309110648535,
    "db": 2.111520159540354,
    "bic": -14839.295958438544,
    "xb": 1660.2971091675734
}