{
    "dataset": "blobs-P2-K8-N128-dt0.40-S3",
    "algorithm": "kmeans",
    "k": 32,
    "n": 128,
    "d": 2,
    "k_true": 8,
    "rand_score": 0.906619094488189,
    "adjusted_rand_score": 0.3418520971453151,
    "accuracy": 0.3828125,
    "f1_score": 0.13673124882364013,
    "precision": 0.2421875,
    "recall": 0.095703125,
    "sigui": 0.05096285487396295,
    "sse": 1.474099597555711,
    "sc": 0.39869747625782526,
    "ch": 534.705552639002,
    "db": 0.6356714484155722,
    "bic": -368.2305646534363,
    "xb": 92.35025941182255
}