{
    "dataset": "blobs-P2-K4-N128-dt0.50-S4",
    "algorithm": "kmeans",
    "k": 16,
    "n": 128,
    "d": 2,
    "k_true": 4,
    "rand_score": 0.7728838582677166,
    "adjusted_rand_score": 0.17998027268466377,
    "accuracy": 0.296875,
    "f1_score": 0.10996259175607001,
    "precision": 0.21919642857142857,
    "recall": 0.07421875,
    "sigui": 0.17304363595686556,
    "sse": 16.476832941022458,
    "sc": 0.3785760383977289,
    "ch": 108.54268255163353,
    "db": 0.7006005254794456,
    "bic": -473.925293433687,
    "xb": 45.636707101072794
}