{
    "dataset": "blobs-P5-K2-N1024-dt0.10-S0",
    "algorithm": "kmeans",
    "k": 25,
    "n": 1024,
    "d": 5,
    "k_true": 2,
    "rand_score": 0.5455156402737048,
    "adjusted_rand_score": 0.09022204396167983,
    "accuracy": 0.1376953125,
    "f1_score": 0.019289227539189203,
    "precision": 0.08,
    "recall": 0.011015625,
    "sigui": 0.25010144379894766,
    "sse": 576.2062199559979,
    "sc": 0.1746474586674781,
    "ch": 328.2425797291377,
    "db": 1.3935675813459159,
    "bic": -5414.627002604537,
    "xb": 1128.8041463468455
}