{
    "dataset": "blobs-P2-K4-N128-dt0.40-S3",
    "algorithm": "kmeans",
    "k": 32,
    "n": 128,
    "d": 2,
    "k_true": 4,
    "rand_score": 0.7789124015748031,
    "adjusted_rand_score": 0.154659910435488,
    "accuracy": 0.203125,
    "f1_score": 0.042105263157894736,
    "precision": 0.125,
    "recall": 0.025390625,
    "sigui": 0.06864937989261559,
    "sse": 2.473487173059766,
    "sc": 0.3422753256280637,
    "ch": 317.4119400552931,
    "db": 0.6431146987318054,
    "bic": -427.8424272422438,
    "xb": 110.84277836831737
}