{
    "dataset": "blobs-P2-K16-N64-dt0.30-S2",
    "algorithm": "kmeans",
    "k": 8,
    "n": 64,
    "d": 2,
    "k_true": 16,
    "rand_score": 0.9250992063492064,
    "adjusted_rand_score": 0.5191811978771796,
    "accuracy": 0.5,
    "f1_score": 0.3443327505827506,
    "precision": 0.2718253968253968,
    "recall": 0.5,
    "sigui": 0.1499010496642737,
    "sse": 5.304764054684428,
    "sc": 0.6395329508503012,
    "ch": 185.03403307744583,
    "db": 0.542569860267361,
    "bic": -159.203478890827,
    "xb": 14.495140065107547
}