{
    "dataset": "blobs-P5-K8-N64-dt0.40-S3",
    "algorithm": "kmeans",
    "k": 50,
    "n": 64,
    "d": 5,
    "k_true": 8,
    "rand_score": 0.8933531746031746,
    "adjusted_rand_score": 0.0936768149882904,
    "accuracy": 0.265625,
    "f1_score": 0.06509090909090909,
    "precision": 0.1433333333333333,
    "recall": 0.0425,
    "sigui": 0.05315183161055265,
    "sse": 3.4942950440321576,
    "sc": 0.14802668640345862,
    "ch": 25.879383474052904,
    "db": 0.3152160156926192,
    "bic": -718.5052704417834,
    "xb": 29.1643059268139
}