{
    "dataset": "blobs-P10-K32-N128-dt0.50-S4",
    "algorithm": "kmeans",
    "k": 20,
    "n": 128,
    "d": 10,
    "k_true": 32,
    "rand_score": 0.9421751968503937,
    "adjusted_rand_score": 0.21886041824796504,
    "accuracy": 0.4140625,
    "f1_score": 0.32041985791985794,
    "precision": 0.2986111111111111,
    "recall": 0.4140625,
    "sigui": 0.42989969374006565,
    "sse": 540.8865680237604,
    "sc": 0.0974696881452603,
    "ch": 7.767388947244433,
    "db": 1.553292922894111,
    "bic": -2176.706519375586,
    "xb": 115.37332823197208
}