{
    "dataset": "blobs-P10-K32-N128-dt0.20-S1",
    "algorithm": "kmeans",
    "k": 3,
    "n": 128,
    "d": 10,
    "k_true": 32,
    "rand_score": 0.6813484251968503,
    "adjusted_rand_score": 0.0783486320791724,
    "accuracy": 0.09375,
    "f1_score": 0.01647801569140242,
    "precision": 0.009056507218271923,
    "recall": 0.09375,
    "sigui": 0.5406970560997568,
    "sse": 988.3475449757796,
    "sc": 0.13398617174855887,
    "ch": 18.44318684421932,
    "db": 2.209903675736538,
    "bic": -1869.7034063976002,
    "xb": 166.307613757823
}