{
    "dataset": "blobs-P10-K4-N64-dt0.10-S0",
    "algorithm": "kmeans",
    "k": 32,
    "n": 64,
    "d": 10,
    "k_true": 4,
    "rand_score": 0.7862103174603174,
    "adjusted_rand_score": 0.14765985497692816,
    "accuracy": 0.25,
    "f1_score": 0.049282296650717705,
    "precision": 0.125,
    "recall": 0.03125,
    "sigui": 0.14320413758386327,
    "sse": 24.53437698862915,
    "sc": 0.14292364830509724,
    "ch": 25.895067687285483,
    "db": 0.8273121430140189,
    "bic": -872.7541795684946,
    "xb": 45.7337526464242
}