{
    "dataset": "blobs-P5-K8-N64-dt1.00-S9",
    "algorithm": "kmeans",
    "k": 4,
    "n": 64,
    "d": 5,
    "k_true": 8,
    "rand_score": 0.7137896825396826,
    "adjusted_rand_score": 0.1157840967137749,
    "accuracy": 0.34375,
    "f1_score": 0.23458128078817733,
    "precision": 0.1984593837535014,
    "recall": 0.34375,
    "sigui": 0.468553164474456,
    "sse": 191.31516379104693,
    "sc": 0.1755655186322291,
    "ch": 13.452654108432478,
    "db": 1.569617927998709,
    "bic": -505.3929911486656,
    "xb": 45.816863996111906
}