{
    "dataset": "blobs-P5-K4-N1024-dt0.50-S4",
    "algorithm": "kmeans",
    "k": 20,
    "n": 1024,
    "d": 5,
    "k_true": 4,
    "rand_score": 0.7611268939393939,
    "adjusted_rand_score": 0.13189042314500052,
    "accuracy": 0.19921875,
    "f1_score": 0.06457322519670168,
    "precision": 0.1721033653846154,
    "recall": 0.03984375,
    "sigui": 0.38245545729404534,
    "sse": 1660.5286063921637,
    "sc": 0.15249052079758957,
    "ch": 110.08889026795599,
    "db": 1.4542467807039725,
    "bic": -7840.5929002923285,
    "xb": 671.4132114687201
}