{
    "dataset": "blobs-P5-K16-N64-dt0.60-S5",
    "algorithm": "kmeans",
    "k": 4,
    "n": 64,
    "d": 5,
    "k_true": 16,
    "rand_score": 0.7648809523809523,
    "adjusted_rand_score": 0.17380478087649404,
    "accuracy": 0.25,
    "f1_score": 0.10535714285714286,
    "precision": 0.06770833333333333,
    "recall": 0.25,
    "sigui": 0.46209486996036486,
    "sse": 172.48263743818012,
    "sc": 0.22085638480990605,
    "ch": 17.105184006093584,
    "db": 1.4382231877944238,
    "bic": -491.30523055647006,
    "xb": 39.329027970459904
}