{
    "dataset": "blobs-P5-K8-N64-dt0.10-S0",
    "algorithm": "kmeans",
    "k": 16,
    "n": 64,
    "d": 5,
    "k_true": 8,
    "rand_score": 0.9464285714285714,
    "adjusted_rand_score": 0.6562942008486563,
    "accuracy": 0.640625,
    "f1_score": 0.38530219780219777,
    "precision": 0.5,
    "recall": 0.3203125,
    "sigui": 0.07280065477001657,
    "sse": 2.7219834075975884,
    "sc": 0.30738839400771945,
    "ch": 372.9962681851094,
    "db": 1.0389530613549036,
    "bic": -69.34755071138346,
    "xb": 90.05440750213775
}