{
    "dataset": "blobs-P5-K2-N64-dt0.50-S4",
    "algorithm": "kmeans",
    "k": 10,
    "n": 64,
    "d": 5,
    "k_true": 2,
    "rand_score": 0.5515873015873016,
    "adjusted_rand_score": 0.09181948652527508,
    "accuracy": 0.28125,
    "f1_score": 0.08576290414066931,
    "precision": 0.18181818181818182,
    "recall": 0.05625,
    "sigui": 0.3703306140025261,
    "sse": 103.25728868706484,
    "sc": 0.17023823500763055,
    "ch": 12.594329024257252,
    "db": 1.1574939536811255,
    "bic": -539.8790719598546,
    "xb": 43.91577181940079
}