{
    "dataset": "blobs-P2-K8-N128-dt0.80-S7",
    "algorithm": "kmeans",
    "k": 16,
    "n": 128,
    "d": 2,
    "k_true": 8,
    "rand_score": 0.8944389763779528,
    "adjusted_rand_score": 0.3769170068960785,
    "accuracy": 0.4921875,
    "f1_score": 0.29211717487488875,
    "precision": 0.3684659090909091,
    "recall": 0.24609375,
    "sigui": 0.13715390050533358,
    "sse": 9.285369885509324,
    "sc": 0.3952322882462752,
    "ch": 198.391224858978,
    "db": 0.7351420446726933,
    "bic": -398.42568725137687,
    "xb": 49.9412582303015
}