{
    "dataset": "blobs-P10-K8-N64-dt0.20-S1",
    "algorithm": "kmeans",
    "k": 50,
    "n": 64,
    "d": 10,
    "k_true": 8,
    "rand_score": 0.8963293650793651,
    "adjusted_rand_score": 0.11315417256011315,
    "accuracy": 0.265625,
    "f1_score": 0.06690909090909092,
    "precision": 0.16,
    "recall": 0.0425,
    "sigui": 0.09074745857112027,
    "sse": 19.072470260717765,
    "sc": 0.0846920489906357,
    "ch": 9.301777022832196,
    "db": 0.4803108775038573,
    "bic": -1410.1637853412647,
    "xb": 14.092523534087634
}