{
    "dataset": "blobs-P5-K2-N1024-dt0.80-S7",
    "algorithm": "kmeans",
    "k": 50,
    "n": 1024,
    "d": 5,
    "k_true": 2,
    "rand_score": 0.5053152492668622,
    "adjusted_rand_score": 0.009703318741868713,
    "accuracy": 0.0517578125,
    "f1_score": 0.003853897037676157,
    "precision": 0.027844767844767845,
    "recall": 0.0020703125,
    "sigui": 0.337822140953594,
    "sse": 1247.478127242666,
    "sc": 0.13868892207669287,
    "ch": 61.705491601302164,
    "db": 1.3368199063357862,
    "bic": -8647.168953379842,
    "xb": 835.1778281645113
}