{
    "dataset": "blobs-P10-K8-N128-dt0.80-S7",
    "algorithm": "kmeans",
    "k": 50,
    "n": 128,
    "d": 10,
    "k_true": 8,
    "rand_score": 0.8671259842519685,
    "adjusted_rand_score": 0.015927679724494187,
    "accuracy": 0.1484375,
    "f1_score": 0.036733216440310267,
    "precision": 0.0877142857142857,
    "recall": 0.02375,
    "sigui": 0.3036414241096165,
    "sse": 316.22151085514645,
    "sc": 0.05024922418025574,
    "ch": 4.85159279322814,
    "db": 1.0217605975637836,
    "bic": -2794.304290031523,
    "xb": 78.43117802926211
}