{
    "dataset": "blobs-P5-K4-N128-dt0.90-S8",
    "algorithm": "kmeans",
    "k": 32,
    "n": 128,
    "d": 5,
    "k_true": 4,
    "rand_score": 0.7560285433070866,
    "adjusted_rand_score": 0.0676112445992825,
    "accuracy": 0.171875,
    "f1_score": 0.03472770810704059,
    "precision": 0.09275793650793651,
    "recall": 0.021484375,
    "sigui": 0.2897851036887957,
    "sse": 118.60751038459759,
    "sc": 0.16525722836915757,
    "ch": 13.61325940756447,
    "db": 1.0162148806952165,
    "bic": -1268.5227119151264,
    "xb": 91.71829899104911
}