{
    "dataset": "blobs-P5-K32-N128-dt0.50-S4",
    "algorithm": "kmeans",
    "k": 10,
    "n": 128,
    "d": 5,
    "k_true": 32,
    "rand_score": 0.8927165354330708,
    "adjusted_rand_score": 0.24079304576740615,
    "accuracy": 0.3125,
    "f1_score": 0.17775426854277473,
    "precision": 0.1397245115995116,
    "recall": 0.3125,
    "sigui": 0.3497955395847513,
    "sse": 178.2384073929326,
    "sc": 0.28691813684342493,
    "ch": 33.9669077841802,
    "db": 1.1288467017209682,
    "bic": -921.2328950562724,
    "xb": 76.65122077778919
}