{
    "dataset": "blobs-P5-K32-N1024-dt1.00-S9",
    "algorithm": "kmeans",
    "k": 3,
    "n": 1024,
    "d": 5,
    "k_true": 32,
    "rand_score": 0.6666342100439883,
    "adjusted_rand_score": 0.07058769257519815,
    "accuracy": 0.09375,
    "f1_score": 0.01690605856642436,
    "precision": 0.009350101770020557,
    "recall": 0.09375,
    "sigui": 0.5019870903875121,
    "sse": 3428.2922576267074,
    "sc": 0.1901063900838536,
    "ch": 251.92966527303113,
    "db": 1.6599797866586357,
    "bic": -7397.892613063903,
    "xb": 733.1591432779344
}