{
    "dataset": "blobs-P5-K2-N1024-dt0.50-S4",
    "algorithm": "kmeans",
    "k": 16,
    "n": 1024,
    "d": 5,
    "k_true": 2,
    "rand_score": 0.5286649254643206,
    "adjusted_rand_score": 0.05652590723179444,
    "accuracy": 0.14453125,
    "f1_score": 0.03120433789954338,
    "precision": 0.11537247474747475,
    "recall": 0.01806640625,
    "sigui": 0.40487516837060716,
    "sse": 1999.232645051577,
    "sc": 0.13968978943679544,
    "ch": 104.89803013751995,
    "db": 1.4136633867511452,
    "bic": -8008.810503517413,
    "xb": 625.515151017078
}