{
    "dataset": "blobs-P2-K2-N1024-dt0.70-S6",
    "algorithm": "kmeans",
    "k": 4,
    "n": 1024,
    "d": 2,
    "k_true": 2,
    "rand_score": 0.5554072733382209,
    "adjusted_rand_score": 0.110382923142033,
    "accuracy": 0.3896484375,
    "f1_score": 0.2672888952891833,
    "precision": 0.4268726281271876,
    "recall": 0.19482421875,
    "sigui": 0.340117971816568,
    "sse": 705.1811665216098,
    "sc": 0.31913684092517625,
    "ch": 647.4765411701762,
    "db": 0.9319629279826593,
    "bic": -3270.0820499842744,
    "xb": 262.12147039744536
}