{
    "dataset": "blobs-P10-K8-N64-dt0.30-S2",
    "algorithm": "kmeans",
    "k": 32,
    "n": 64,
    "d": 10,
    "k_true": 8,
    "rand_score": 0.9017857142857143,
    "adjusted_rand_score": 0.24683009298393913,
    "accuracy": 0.359375,
    "f1_score": 0.1287004662004662,
    "precision": 0.24375,
    "recall": 0.08984375,
    "sigui": 0.23374880024809291,
    "sse": 83.65148921353831,
    "sc": 0.10154178199012534,
    "ch": 6.865331894747891,
    "db": 0.9054157316342051,
    "bic": -1264.145327004393,
    "xb": 39.72870771097966
}