{
    "dataset": "blobs-P2-K16-N64-dt0.80-S7",
    "algorithm": "kmeans",
    "k": 3,
    "n": 64,
    "d": 2,
    "k_true": 16,
    "rand_score": 0.6686507936507936,
    "adjusted_rand_score": 0.13959764474975467,
    "accuracy": 0.1875,
    "f1_score": 0.06597222222222222,
    "precision": 0.04114583333333333,
    "recall": 0.1875,
    "sigui": 0.38265501635387955,
    "sse": 51.55019930623981,
    "sc": 0.3956361920843945,
    "ch": 45.23200593867435,
    "db": 0.8758820191156006,
    "bic": -207.73679134973824,
    "xb": 17.30272857470727
}