{
    "dataset": "blobs-P10-K2-N64-dt0.60-S5",
    "algorithm": "kmeans",
    "k": 4,
    "n": 64,
    "d": 10,
    "k_true": 2,
    "rand_score": 0.5803571428571429,
    "adjusted_rand_score": 0.15590256881315132,
    "accuracy": 0.5,
    "f1_score": 0.29261833829857664,
    "precision": 0.3542857142857143,
    "recall": 0.25,
    "sigui": 0.5377696265426011,
    "sse": 510.73369909165984,
    "sc": 0.06919348142626994,
    "ch": 5.061984401586986,
    "db": 2.0768234704337987,
    "bic": -1001.6670847063973,
    "xb": 108.66231994859645
}