{
    "dataset": "blobs-P10-K8-N128-dt0.40-S3",
    "algorithm": "kmeans",
    "k": 32,
    "n": 128,
    "d": 10,
    "k_true": 8,
    "rand_score": 0.8882874015748031,
    "adjusted_rand_score": 0.23739865356382345,
    "accuracy": 0.3671875,
    "f1_score": 0.12412530856824336,
    "precision": 0.20360863095238096,
    "recall": 0.091796875,
    "sigui": 0.35811847598626584,
    "sse": 362.43328713852287,
    "sc": 0.088290248537872,
    "ch": 7.84005503380383,
    "db": 1.3083232184734062,
    "bic": -2305.3463036371304,
    "xb": 123.74823827313335
}