{
    "dataset": "blobs-P10-K4-N64-dt0.40-S3",
    "algorithm": "kmeans",
    "k": 25,
    "n": 64,
    "d": 10,
    "k_true": 4,
    "rand_score": 0.7708333333333334,
    "adjusted_rand_score": 0.12357723577235773,
    "accuracy": 0.25,
    "f1_score": 0.057940669856459334,
    "precision": 0.12111111111111111,
    "recall": 0.04,
    "sigui": 0.30055659815202596,
    "sse": 138.48033836545744,
    "sc": 0.13980544207686876,
    "ch": 5.885091412799564,
    "db": 1.0235784657571536,
    "bic": -1216.980612342159,
    "xb": 45.95157736714397
}