{
    "dataset": "blobs-P10-K16-N128-dt0.40-S3",
    "algorithm": "kmeans",
    "k": 3,
    "n": 128,
    "d": 10,
    "k_true": 16,
    "rand_score": 0.6922982283464567,
    "adjusted_rand_score": 0.1389632111556593,
    "accuracy": 0.1875,
    "f1_score": 0.06081707707067477,
    "precision": 0.036540032679738564,
    "recall": 0.1875,
    "sigui": 0.5290257734863243,
    "sse": 953.4459188095751,
    "sc": 0.14801494647834157,
    "ch": 21.40617487763124,
    "db": 1.9631095922656214,
    "bic": -1846.3109071393578,
    "xb": 132.93295082388497
}