{
    "dataset": "blobs-P2-K8-N1024-dt0.90-S8",
    "algorithm": "kmeans",
    "k": 32,
    "n": 1024,
    "d": 2,
    "k_true": 8,
    "rand_score": 0.8761798936950147,
    "adjusted_rand_score": 0.17656965751164624,
    "accuracy": 0.2236328125,
    "f1_score": 0.0844657993760426,
    "precision": 0.17617741453948352,
    "recall": 0.055908203125,
    "sigui": 0.12472095445344467,
    "sse": 64.54706762117257,
    "sc": 0.3457215412388655,
    "ch": 983.3211046647621,
    "db": 0.8208689412288499,
    "bic": -3169.406764454864,
    "xb": 322.751421415549
}