{
    "dataset": "blobs-P5-K16-N64-dt1.00-S9",
    "algorithm": "kmeans",
    "k": 3,
    "n": 64,
    "d": 5,
    "k_true": 16,
    "rand_score": 0.6765873015873016,
    "adjusted_rand_score": 0.07860026917900403,
    "accuracy": 0.171875,
    "f1_score": 0.0546474358974359,
    "precision": 0.032697770979020976,
    "recall": 0.171875,
    "sigui": 0.506396813759426,
    "sse": 216.44519116772852,
    "sc": 0.1736163863434384,
    "ch": 14.592246897907497,
    "db": 1.6099368045575178,
    "bic": -498.2080250255084,
    "xb": 43.89780970052774
}