{
    "dataset": "blobs-P10-K8-N1024-dt0.90-S8",
    "algorithm": "kmeans",
    "k": 3,
    "n": 1024,
    "d": 10,
    "k_true": 8,
    "rand_score": 0.649728128054741,
    "adjusted_rand_score": 0.0710234418846546,
    "accuracy": 0.2548828125,
    "f1_score": 0.1403216973993389,
    "precision": 0.09713416644867011,
    "recall": 0.2548828125,
    "sigui": 0.5552975795330343,
    "sse": 8852.190920960373,
    "sc": 0.07255052977167498,
    "ch": 80.03403238538229,
    "db": 2.9595973790970267,
    "bic": -15017.799879119535,
    "xb": 2289.4686269003964
}