{
    "dataset": "blobs-P5-K4-N1024-dt0.90-S8",
    "algorithm": "kmeans",
    "k": 16,
    "n": 1024,
    "d": 5,
    "k_true": 4,
    "rand_score": 0.7373991935483871,
    "adjusted_rand_score": 0.06598382378313948,
    "accuracy": 0.1796875,
    "f1_score": 0.06986612037921973,
    "precision": 0.15954649588670206,
    "recall": 0.044921875,
    "sigui": 0.4030450211671627,
    "sse": 2043.7451040050769,
    "sc": 0.13240774336553496,
    "ch": 101.1497610958169,
    "db": 1.5236492831998931,
    "bic": -8070.178970305401,
    "xb": 774.4885458297575
}