{
    "dataset": "blobs-P10-K2-N1024-dt0.40-S3",
    "algorithm": "kmeans",
    "k": 20,
    "n": 1024,
    "d": 10,
    "k_true": 2,
    "rand_score": 0.5301235642717498,
    "adjusted_rand_score": 0.05941931942897724,
    "accuracy": 0.1181640625,
    "f1_score": 0.021071115279662225,
    "precision": 0.09776119402985076,
    "recall": 0.01181640625,
    "sigui": 0.48169373419640765,
    "sse": 5830.625541460105,
    "sc": 0.06808287960873213,
    "ch": 39.96151487109509,
    "db": 2.1177204421358065,
    "bic": -15469.963639386777,
    "xb": 1301.9575489658503
}