{
    "dataset": "blobs-P10-K2-N128-dt1.00-S9",
    "algorithm": "kmeans",
    "k": 8,
    "n": 128,
    "d": 10,
    "k_true": 2,
    "rand_score": 0.5078740157480315,
    "adjusted_rand_score": 0.01010935563575142,
    "accuracy": 0.2578125,
    "f1_score": 0.09206418581418581,
    "precision": 0.16145833333333331,
    "recall": 0.064453125,
    "sigui": 0.5050436339345228,
    "sse": 837.5539887560906,
    "sc": 0.07990466921569338,
    "ch": 9.055880416074436,
    "db": 2.0888824754287425,
    "bic": -2015.7833787942343,
    "xb": 202.7394319272986
}