{
    "dataset": "blobs-P10-K16-N128-dt1.00-S9",
    "algorithm": "kmeans",
    "k": 2,
    "n": 128,
    "d": 10,
    "k_true": 16,
    "rand_score": 0.5188238188976378,
    "adjusted_rand_score": 0.031071445988783225,
    "accuracy": 0.1171875,
    "f1_score": 0.026070808412116536,
    "precision": 0.014667277167277167,
    "recall": 0.1171875,
    "sigui": 0.5634616944818884,
    "sse": 1154.730931178406,
    "sc": 0.08834409337261828,
    "ch": 13.668900906129988,
    "db": 2.9676105124191,
    "bic": -1892.4844758263803,
    "xb": 262.39758519617084
}