{
    "dataset": "blobs-P2-K4-N1024-dt0.30-S2",
    "algorithm": "kmeans",
    "k": 20,
    "n": 1024,
    "d": 2,
    "k_true": 4,
    "rand_score": 0.7984901942815249,
    "adjusted_rand_score": 0.2694955154916446,
    "accuracy": 0.271484375,
    "f1_score": 0.08519155243829196,
    "precision": 0.19929577464788734,
    "recall": 0.054296875,
    "sigui": 0.09871174751190227,
    "sse": 36.07338034584156,
    "sc": 0.31873057917817177,
    "ch": 2947.1714931692036,
    "db": 0.9168058592377084,
    "bic": -2005.074967577992,
    "xb": 287.56051268153794
}