{
    "dataset": "blobs-P10-K16-N64-dt0.60-S5",
    "algorithm": "kmeans",
    "k": 4,
    "n": 64,
    "d": 10,
    "k_true": 16,
    "rand_score": 0.7261904761904762,
    "adjusted_rand_score": 0.016126294347309455,
    "accuracy": 0.171875,
    "f1_score": 0.0702142060837713,
    "precision": 0.045042139662882695,
    "recall": 0.171875,
    "sigui": 0.5221381558662317,
    "sse": 475.064358623094,
    "sc": 0.08418011731084515,
    "ch": 6.943717767207304,
    "db": 2.218535782874019,
    "bic": -991.2428792397031,
    "xb": 87.89422499661218
}