{
    "dataset": "blobs-P5-K16-N128-dt0.40-S3",
    "algorithm": "kmeans",
    "k": 32,
    "n": 128,
    "d": 5,
    "k_true": 16,
    "rand_score": 0.9644438976377953,
    "adjusted_rand_score": 0.5625543782701453,
    "accuracy": 0.625,
    "f1_score": 0.37401556776556777,
    "precision": 0.47812499999999997,
    "recall": 0.3125,
    "sigui": 0.2063365190833666,
    "sse": 54.27672330094544,
    "sc": 0.2094099130555664,
    "ch": 33.418611469691236,
    "db": 1.0550059145383612,
    "bic": -1027.1877220172582,
    "xb": 113.72027446024305
}