{
    "dataset": "blobs-P5-K4-N64-dt0.70-S6",
    "algorithm": "kmeans",
    "k": 10,
    "n": 64,
    "d": 5,
    "k_true": 4,
    "rand_score": 0.751984126984127,
    "adjusted_rand_score": 0.168777707409753,
    "accuracy": 0.390625,
    "f1_score": 0.19679487179487182,
    "precision": 0.26931818181818185,
    "recall": 0.15625,
    "sigui": 0.3508879024635911,
    "sse": 111.33431968954507,
    "sc": 0.16784509391778263,
    "ch": 11.245356197028071,
    "db": 1.0794165321416442,
    "bic": -548.21129887301,
    "xb": 45.262258773062904
}