{
    "dataset": "blobs-P5-K8-N128-dt0.50-S4",
    "algorithm": "kmeans",
    "k": 4,
    "n": 128,
    "d": 5,
    "k_true": 8,
    "rand_score": 0.7675935039370079,
    "adjusted_rand_score": 0.2839336296260921,
    "accuracy": 0.4296875,
    "f1_score": 0.29128145865433996,
    "precision": 0.23075532538596832,
    "recall": 0.4296875,
    "sigui": 0.456613703606638,
    "sse": 347.77024449732147,
    "sc": 0.20800457327938654,
    "ch": 34.73221210046263,
    "db": 1.3540359466367702,
    "bic": -941.6349832815109,
    "xb": 72.051367847083
}