{
    "dataset": "blobs-P10-K4-N1024-dt0.10-S0",
    "algorithm": "kmeans",
    "k": 50,
    "n": 1024,
    "d": 10,
    "k_true": 4,
    "rand_score": 0.770709234481916,
    "adjusted_rand_score": 0.11567783664106514,
    "accuracy": 0.1103515625,
    "f1_score": 0.015886109298444986,
    "precision": 0.08,
    "recall": 0.008828125,
    "sigui": 0.257375909767323,
    "sse": 1166.5915018580188,
    "sc": 0.08556860990666079,
    "ch": 154.6017951130017,
    "db": 1.964815349956213,
    "bic": -9302.257992138635,
    "xb": 1706.1259502331525
}