{
    "dataset": "blobs-P10-K2-N128-dt0.30-S2",
    "algorithm": "kmeans",
    "k": 32,
    "n": 128,
    "d": 10,
    "k_true": 2,
    "rand_score": 0.5333415354330708,
    "adjusted_rand_score": 0.059832112528714766,
    "accuracy": 0.140625,
    "f1_score": 0.015410958904109588,
    "precision": 0.0625,
    "recall": 0.0087890625,
    "sigui": 0.3677080308924275,
    "sse": 411.0457683616379,
    "sc": 0.06407031903667254,
    "ch": 6.546606842926666,
    "db": 1.2814828271055085,
    "bic": -2383.883796548572,
    "xb": 112.84732637134448
}