{
    "dataset": "blobs-P2-K8-N1024-dt0.10-S0",
    "algorithm": "kmeans",
    "k": 2,
    "n": 1024,
    "d": 2,
    "k_true": 8,
    "rand_score": 0.4995112414467253,
    "adjusted_rand_score": 0.15698393077873918,
    "accuracy": 0.25,
    "f1_score": 0.11904761904761904,
    "precision": 0.08333333333333333,
    "recall": 0.25,
    "sigui": 0.40556756374405495,
    "sse": 1126.044870255845,
    "sc": 0.5276795541302213,
    "ch": 836.767847789619,
    "db": 0.6339452041252084,
    "bic": -2890.1056902819914,
    "xb": 213.29286908101398
}