{
    "dataset": "blobs-P2-K32-N64-dt0.90-S8",
    "algorithm": "kmeans",
    "k": 16,
    "n": 64,
    "d": 2,
    "k_true": 32,
    "rand_score": 0.9499007936507936,
    "adjusted_rand_score": 0.3641450984310982,
    "accuracy": 0.5,
    "f1_score": 0.3732142857142857,
    "precision": 0.3270833333333333,
    "recall": 0.5,
    "sigui": 0.10654609938349423,
    "sse": 2.9180056603860596,
    "sc": 0.5044578975061453,
    "ch": 137.16984422635045,
    "db": 0.512499945178295,
    "bic": -210.81903400328147,
    "xb": 30.528647365706956
}