{
    "dataset": "blobs-P5-K32-N1024-dt0.30-S2",
    "algorithm": "kmeans",
    "k": 50,
    "n": 1024,
    "d": 5,
    "k_true": 32,
    "rand_score": 0.9921206775415444,
    "adjusted_rand_score": 0.8477576302278086,
    "accuracy": 0.7939453125,
    "f1_score": 0.555638449647772,
    "precision": 0.6382857142857143,
    "recall": 0.508125,
    "sigui": 0.12055354626876474,
    "sse": 119.06808223825576,
    "sc": 0.35668104228091635,
    "ch": 834.8692401544208,
    "db": 1.4144160896302034,
    "bic": -2581.3325092571076,
    "xb": 1175.4502439270714
}