{
    "dataset": "blobs-P10-K32-N64-dt1.00-S9",
    "algorithm": "kmeans",
    "k": 32,
    "n": 64,
    "d": 10,
    "k_true": 32,
    "rand_score": 0.9533730158730159,
    "adjusted_rand_score": 0.019860973187686197,
    "accuracy": 0.484375,
    "f1_score": 0.5084821428571428,
    "precision": 0.6479166666666667,
    "recall": 0.484375,
    "sigui": 0.2509927425180113,
    "sse": 128.49583356489293,
    "sc": 0.058495894029009884,
    "ch": 4.109116118302677,
    "db": 0.8409155866979136,
    "bic": -1395.3635999484984,
    "xb": 41.15136562493566
}