{
    "dataset": "blobs-P2-K2-N64-dt0.20-S1",
    "algorithm": "kmeans",
    "k": 25,
    "n": 64,
    "d": 2,
    "k_true": 2,
    "rand_score": 0.5496031746031746,
    "adjusted_rand_score": 0.08596446376070561,
    "accuracy": 0.203125,
    "f1_score": 0.026990553306342778,
    "precision": 0.08,
    "recall": 0.01625,
    "sigui": 0.08065978994688705,
    "sse": 1.9478572829967176,
    "sc": 0.3518434962595639,
    "ch": 105.1590040518772,
    "db": 0.43995291175540013,
    "bic": -268.6712946909389,
    "xb": 42.867798168721706
}