{
    "dataset": "blobs-P2-K4-N1024-dt0.30-S2",
    "algorithm": "kmeans",
    "k": 25,
    "n": 1024,
    "d": 2,
    "k_true": 4,
    "rand_score": 0.7894653439638318,
    "adjusted_rand_score": 0.22287493980101158,
    "accuracy": 0.2470703125,
    "f1_score": 0.0632470981128835,
    "precision": 0.15888888888888889,
    "recall": 0.03953125,
    "sigui": 0.08722469147517668,
    "sse": 28.252991207739363,
    "sc": 0.33403120804940656,
    "ch": 2975.683835485283,
    "db": 0.8762643019241152,
    "bic": -2025.8478803392225,
    "xb": 295.91419449665773
}