{
    "dataset": "blobs-P10-K2-N64-dt0.60-S5",
    "algorithm": "kmeans",
    "k": 25,
    "n": 64,
    "d": 10,
    "k_true": 2,
    "rand_score": 0.5198412698412699,
    "adjusted_rand_score": 0.025503355704697986,
    "accuracy": 0.15625,
    "f1_score": 0.021280227596017068,
    "precision": 0.07200000000000001,
    "recall": 0.0125,
    "sigui": 0.3390921488917512,
    "sse": 188.79097511031588,
    "sc": 0.07153901448595175,
    "ch": 3.8837379012280575,
    "db": 1.0931436036007136,
    "bic": -1316.7788611417943,
    "xb": 34.412426355124666
}