{
    "dataset": "blobs-P2-K4-N128-dt0.70-S6",
    "algorithm": "kmeans",
    "k": 2,
    "n": 128,
    "d": 2,
    "k_true": 4,
    "rand_score": 0.6019931102362205,
    "adjusted_rand_score": 0.2174872817518137,
    "accuracy": 0.4609375,
    "f1_score": 0.3151873549242843,
    "precision": 0.2428698752228164,
    "recall": 0.4609375,
    "sigui": 0.4126995548918265,
    "sse": 150.05336253589826,
    "sc": 0.37256670407874437,
    "ch": 88.96352667394038,
    "db": 1.0524682693586154,
    "bic": -395.508026697877,
    "xb": 38.82985854026159
}