{
    "dataset": "blobs-P10-K4-N64-dt0.60-S5",
    "algorithm": "kmeans",
    "k": 2,
    "n": 64,
    "d": 10,
    "k_true": 4,
    "rand_score": 0.5634920634920635,
    "adjusted_rand_score": 0.13596409201421358,
    "accuracy": 0.4375,
    "f1_score": 0.2962962962962963,
    "precision": 0.22672064777327933,
    "recall": 0.4375,
    "sigui": 0.5573674505057938,
    "sse": 559.6036707882303,
    "sc": 0.10575144384164957,
    "ch": 8.907326151218243,
    "db": 2.496715816036259,
    "bic": -954.3010922512469,
    "xb": 98.95330146670759
}