{
    "dataset": "blobs-P5-K4-N128-dt0.20-S1",
    "algorithm": "kmeans",
    "k": 32,
    "n": 128,
    "d": 5,
    "k_true": 4,
    "rand_score": 0.7918307086614174,
    "adjusted_rand_score": 0.2084370901911091,
    "accuracy": 0.265625,
    "f1_score": 0.05151190985594066,
    "precision": 0.125,
    "recall": 0.033203125,
    "sigui": 0.19590991537044702,
    "sse": 47.26349404329053,
    "sc": 0.18661527596643301,
    "ch": 38.83697454825292,
    "db": 1.0696327770655638,
    "bic": -971.6577346388375,
    "xb": 120.23523730487466
}