{
    "dataset": "blobs-P10-K4-N1024-dt0.60-S5",
    "algorithm": "kmeans",
    "k": 2,
    "n": 1024,
    "d": 10,
    "k_true": 4,
    "rand_score": 0.5719544232649071,
    "adjusted_rand_score": 0.14585185982640275,
    "accuracy": 0.435546875,
    "f1_score": 0.29094802678541076,
    "precision": 0.21883390870732644,
    "recall": 0.435546875,
    "sigui": 0.5663042258661983,
    "sse": 9290.904980980296,
    "sc": 0.08765090524555466,
    "ch": 104.40527967785056,
    "db": 3.0455370129842128,
    "bic": -14815.146189820149,
    "xb": 2198.943084800446
}