{
    "dataset": "blobs-P2-K8-N128-dt0.70-S6",
    "algorithm": "kmeans",
    "k": 8,
    "n": 128,
    "d": 2,
    "k_true": 8,
    "rand_score": 0.8806594488188977,
    "adjusted_rand_score": 0.46434006731078625,
    "accuracy": 0.6328125,
    "f1_score": 0.625396185062087,
    "precision": 0.6378825729009553,
    "recall": 0.6328125,
    "sigui": 0.20316732246103253,
    "sse": 25.720854185757496,
    "sc": 0.3939718908276546,
    "ch": 153.48022546850996,
    "db": 0.8158323322218934,
    "bic": -384.67138431111533,
    "xb": 33.03135764158715
}