{
    "dataset": "blobs-P2-K8-N1024-dt1.00-S9",
    "algorithm": "kmeans",
    "k": 20,
    "n": 1024,
    "d": 2,
    "k_true": 8,
    "rand_score": 0.8775984390273704,
    "adjusted_rand_score": 0.26046154500678526,
    "accuracy": 0.32421875,
    "f1_score": 0.17016317452343394,
    "precision": 0.2547150088060565,
    "recall": 0.1296875,
    "sigui": 0.13991981567816497,
    "sse": 88.90123538820457,
    "sc": 0.32243045383941515,
    "ch": 1164.4709175129697,
    "db": 0.9209914294712664,
    "bic": -2907.688248085801,
    "xb": 319.50402615783497
}