{
    "dataset": "blobs-P2-K32-N64-dt0.80-S7",
    "algorithm": "kmeans",
    "k": 4,
    "n": 64,
    "d": 2,
    "k_true": 32,
    "rand_score": 0.7400793650793651,
    "adjusted_rand_score": 0.08126461093175999,
    "accuracy": 0.125,
    "f1_score": 0.03075396825396825,
    "precision": 0.017768429487179487,
    "recall": 0.125,
    "sigui": 0.2855457314415561,
    "sse": 26.618825099551056,
    "sc": 0.4646198469553256,
    "ch": 76.17253918705731,
    "db": 0.6521934028334395,
    "bic": -190.45341153877104,
    "xb": 8.766273078945275
}