{
    "dataset": "blobs-P5-K2-N1024-dt1.00-S9",
    "algorithm": "kmeans",
    "k": 25,
    "n": 1024,
    "d": 5,
    "k_true": 2,
    "rand_score": 0.5061858504398827,
    "adjusted_rand_score": 0.011486482154835845,
    "accuracy": 0.08203125,
    "f1_score": 0.011893798644238012,
    "precision": 0.06381578947368421,
    "recall": 0.0065625,
    "sigui": 0.38465213035669427,
    "sse": 1716.725541305891,
    "sc": 0.14701564318227603,
    "ch": 82.51831520802241,
    "db": 1.376039681513441,
    "bic": -8248.222916534469,
    "xb": 647.8839747328567
}