{
    "dataset": "blobs-P2-K4-N64-dt0.40-S3",
    "algorithm": "kmeans",
    "k": 50,
    "n": 64,
    "d": 2,
    "k_true": 4,
    "rand_score": 0.7658730158730159,
    "adjusted_rand_score": 0.033541341653666144,
    "accuracy": 0.125,
    "f1_score": 0.017543859649122806,
    "precision": 0.07333333333333333,
    "recall": 0.01,
    "sigui": 0.017452666298201268,
    "sse": 0.14299000185851374,
    "sc": 0.21749598447686008,
    "ch": 255.47642359869113,
    "db": 0.19059287730537988,
    "bic": -351.51441847542003,
    "xb": 99.8168956760448
}