{
    "dataset": "blobs-P2-K4-N64-dt0.90-S8",
    "algorithm": "kmeans",
    "k": 50,
    "n": 64,
    "d": 2,
    "k_true": 4,
    "rand_score": 0.7624007936507936,
    "adjusted_rand_score": 0.01815519765739385,
    "accuracy": 0.125,
    "f1_score": 0.017543859649122806,
    "precision": 0.07333333333333333,
    "recall": 0.01,
    "sigui": 0.015821913430881667,
    "sse": 0.11616814342615664,
    "sc": 0.2623110906290072,
    "ch": 314.5288940296501,
    "db": 0.18226093999939427,
    "bic": -338.74255897948467,
    "xb": 74.04270427589961
}