{
    "dataset": "blobs-P5-K4-N64-dt0.30-S2",
    "algorithm": "kmeans",
    "k": 25,
    "n": 64,
    "d": 5,
    "k_true": 4,
    "rand_score": 0.7936507936507936,
    "adjusted_rand_score": 0.2045164815152067,
    "accuracy": 0.3125,
    "f1_score": 0.07507464312956304,
    "precision": 0.16,
    "recall": 0.05,
    "sigui": 0.16656578998967295,
    "sse": 20.341788160771852,
    "sc": 0.19759602848760116,
    "ch": 23.938141051817396,
    "db": 0.820281243556434,
    "bic": -536.2528152740059,
    "xb": 40.99321381590308
}