{
    "dataset": "blobs-P10-K8-N64-dt0.50-S4",
    "algorithm": "kmeans",
    "k": 20,
    "n": 64,
    "d": 10,
    "k_true": 8,
    "rand_score": 0.8819444444444444,
    "adjusted_rand_score": 0.211340206185567,
    "accuracy": 0.390625,
    "f1_score": 0.19523809523809524,
    "precision": 0.2666666666666667,
    "recall": 0.15625,
    "sigui": 0.35167113513933707,
    "sse": 211.88915346751,
    "sc": 0.10272074785936557,
    "ch": 4.678930354601635,
    "db": 1.1751610738658518,
    "bic": -1213.347595666236,
    "xb": 42.294152475216414
}