{
    "dataset": "blobs-P2-K16-N128-dt0.50-S4",
    "algorithm": "kmeans",
    "k": 2,
    "n": 128,
    "d": 2,
    "k_true": 16,
    "rand_score": 0.5511811023622047,
    "adjusted_rand_score": 0.10860731437015146,
    "accuracy": 0.125,
    "f1_score": 0.028125,
    "precision": 0.015873015873015872,
    "recall": 0.125,
    "sigui": 0.43599613379583446,
    "sse": 142.0139979488714,
    "sc": 0.44410331750086784,
    "ch": 101.13253950933039,
    "db": 0.9939797732797018,
    "bic": -390.11613124257036,
    "xb": 35.359706364565525
}