{
    "dataset": "blobs-P2-K16-N1024-dt0.90-S8",
    "algorithm": "kmeans",
    "k": 2,
    "n": 1024,
    "d": 2,
    "k_true": 16,
    "rand_score": 0.5500442937438905,
    "adjusted_rand_score": 0.11469570359455582,
    "accuracy": 0.125,
    "f1_score": 0.02821869488536155,
    "precision": 0.01594022415940224,
    "recall": 0.125,
    "sigui": 0.38203410139394217,
    "sse": 813.6918292182161,
    "sc": 0.5462098459174232,
    "ch": 1550.295708082728,
    "db": 0.7388562039443692,
    "bic": -2681.216387468541,
    "xb": 151.06897199514506
}