{
    "dataset": "blobs-P10-K16-N128-dt0.20-S1",
    "algorithm": "kmeans",
    "k": 8,
    "n": 128,
    "d": 10,
    "k_true": 16,
    "rand_score": 0.9029281496062992,
    "adjusted_rand_score": 0.4821898270400438,
    "accuracy": 0.5,
    "f1_score": 0.3680913978494623,
    "precision": 0.31677589514066495,
    "recall": 0.5,
    "sigui": 0.4047313891342301,
    "sse": 462.89847147444567,
    "sc": 0.351873099715618,
    "ch": 30.260317624524866,
    "db": 1.145226941493064,
    "bic": -1631.3323316017468,
    "xb": 55.13930306765821
}