{
    "dataset": "blobs-P5-K2-N64-dt0.30-S2",
    "algorithm": "kmeans",
    "k": 2,
    "n": 64,
    "d": 5,
    "k_true": 2,
    "rand_score": 0.8809523809523809,
    "adjusted_rand_score": 0.7619047619047619,
    "accuracy": 0.9375,
    "f1_score": 0.9372549019607843,
    "precision": 0.9444444444444444,
    "recall": 0.9375,
    "sigui": 0.4880020895650635,
    "sse": 219.52110168427828,
    "sc": 0.2815190937523001,
    "ch": 28.378555172042073,
    "db": 1.3936811340522763,
    "bic": -462.65390889554345,
    "xb": 32.83625513385761
}