{
    "dataset": "blobs-P2-K16-N1024-dt0.10-S0",
    "algorithm": "kmeans",
    "k": 3,
    "n": 1024,
    "d": 2,
    "k_true": 16,
    "rand_score": 0.718475073313783,
    "adjusted_rand_score": 0.22323462414578588,
    "accuracy": 0.1875,
    "f1_score": 0.060714285714285714,
    "precision": 0.03645833333333333,
    "recall": 0.1875,
    "sigui": 0.3204825372226548,
    "sse": 487.9831302739947,
    "sc": 0.5621609731832878,
    "ch": 1632.0002938379555,
    "db": 0.7029539642312499,
    "bic": -2576.5880994064973,
    "xb": 141.2204697617233
}