{
    "dataset": "blobs-P2-K8-N1024-dt0.80-S7",
    "algorithm": "kmeans",
    "k": 10,
    "n": 1024,
    "d": 2,
    "k_true": 8,
    "rand_score": 0.8640315707478006,
    "adjusted_rand_score": 0.3345344718904467,
    "accuracy": 0.5087890625,
    "f1_score": 0.44846753701094766,
    "precision": 0.51796641009393,
    "recall": 0.40703125,
    "sigui": 0.23891585677624647,
    "sse": 252.3191924815122,
    "sc": 0.3406562131091208,
    "ch": 801.8360416832803,
    "db": 0.8543553121521926,
    "bic": -3188.302970123497,
    "xb": 264.03493692040837
}