{
    "dataset": "blobs-P5-K4-N1024-dt0.30-S2",
    "algorithm": "kmeans",
    "k": 2,
    "n": 1024,
    "d": 5,
    "k_true": 4,
    "rand_score": 0.6666380284701857,
    "adjusted_rand_score": 0.3336244005642901,
    "accuracy": 0.4892578125,
    "f1_score": 0.3264451590459787,
    "precision": 0.24510158056686354,
    "recall": 0.4892578125,
    "sigui": 0.5060958942147338,
    "sse": 3706.2402563453006,
    "sc": 0.2465826161211574,
    "ch": 389.8458702296512,
    "db": 1.5520298326292379,
    "bic": -7188.078772280424,
    "xb": 615.1772482891383
}