{
    "dataset": "blobs-P2-K32-N1024-dt0.70-S6",
    "algorithm": "kmeans",
    "k": 4,
    "n": 1024,
    "d": 2,
    "k_true": 32,
    "rand_score": 0.7262952101661779,
    "adjusted_rand_score": 0.13353338334583645,
    "accuracy": 0.125,
    "f1_score": 0.032539682539682535,
    "precision": 0.01915922619047619,
    "recall": 0.125,
    "sigui": 0.30179079293389877,
    "sse": 479.1308528828248,
    "sc": 0.4922894068008658,
    "ch": 1113.29818735403,
    "db": 0.7483238334125727,
    "bic": -2772.8893968744383,
    "xb": 194.9360755349612
}