{
    "dataset": "blobs-P5-K4-N1024-dt0.40-S3",
    "algorithm": "kmeans",
    "k": 50,
    "n": 1024,
    "d": 5,
    "k_true": 4,
    "rand_score": 0.7650159610215054,
    "adjusted_rand_score": 0.09531695757646852,
    "accuracy": 0.111328125,
    "f1_score": 0.01595919347133372,
    "precision": 0.07793447293447293,
    "recall": 0.00890625,
    "sigui": 0.28823164273995255,
    "sse": 840.2568844500156,
    "sc": 0.14518011241551904,
    "ch": 101.24381449045539,
    "db": 1.444967987100148,
    "bic": -7636.003854499382,
    "xb": 1052.1371695343398
}