{
    "dataset": "blobs-P2-K32-N1024-dt0.50-S4",
    "algorithm": "kmeans",
    "k": 4,
    "n": 1024,
    "d": 2,
    "k_true": 32,
    "rand_score": 0.7395489674975562,
    "adjusted_rand_score": 0.13778655735858727,
    "accuracy": 0.125,
    "f1_score": 0.03292980422736212,
    "precision": 0.01969514788591672,
    "recall": 0.125,
    "sigui": 0.30571347181603375,
    "sse": 524.4961982667642,
    "sc": 0.4549601506341027,
    "ch": 987.5978020451616,
    "db": 0.7149037286788505,
    "bic": -2881.5735763858015,
    "xb": 238.9270924676018
}