{
    "dataset": "blobs-P10-K2-N64-dt0.50-S4",
    "algorithm": "kmeans",
    "k": 3,
    "n": 64,
    "d": 10,
    "k_true": 2,
    "rand_score": 0.5907738095238095,
    "adjusted_rand_score": 0.1800369160868948,
    "accuracy": 0.640625,
    "f1_score": 0.4521026870442513,
    "precision": 0.5418803418803418,
    "recall": 0.4270833333333333,
    "sigui": 0.5490205194831703,
    "sse": 523.1787766379804,
    "sc": 0.10141275352275589,
    "ch": 6.810381979632729,
    "db": 2.2091020392577234,
    "bic": -972.2538101552791,
    "xb": 79.4788304135435
}