{
    "dataset": "blobs-P2-K4-N64-dt0.70-S6",
    "algorithm": "kmeans",
    "k": 2,
    "n": 64,
    "d": 2,
    "k_true": 4,
    "rand_score": 0.5877976190476191,
    "adjusted_rand_score": 0.27801911381407474,
    "accuracy": 0.484375,
    "f1_score": 0.36501240694789083,
    "precision": 0.33163265306122447,
    "recall": 0.484375,
    "sigui": 0.37271984365389116,
    "sse": 68.3852659232716,
    "sc": 0.46791043069516275,
    "ch": 54.04838985205099,
    "db": 0.759725014901408,
    "bic": -188.8614040331543,
    "xb": 12.928650126556319
}