{
    "dataset": "blobs-P10-K32-N64-dt0.20-S1",
    "algorithm": "kmeans",
    "k": 2,
    "n": 64,
    "d": 10,
    "k_true": 32,
    "rand_score": 0.5119047619047619,
    "adjusted_rand_score": 0.023809523809523808,
    "accuracy": 0.0625,
    "f1_score": 0.007456140350877193,
    "precision": 0.003968253968253968,
    "recall": 0.0625,
    "sigui": 0.5609571171486202,
    "sse": 546.0848911813348,
    "sc": 0.12700048946026088,
    "ch": 10.662695197739371,
    "db": 2.3487700415392703,
    "bic": -947.1060729054336,
    "xb": 85.41843844979103
}