{
    "dataset": "blobs-P5-K4-N1024-dt0.60-S5",
    "algorithm": "kmeans",
    "k": 16,
    "n": 1024,
    "d": 5,
    "k_true": 4,
    "rand_score": 0.7409656036168133,
    "adjusted_rand_score": 0.07975932270086801,
    "accuracy": 0.166015625,
    "f1_score": 0.06566004606334142,
    "precision": 0.15992708736611175,
    "recall": 0.04150390625,
    "sigui": 0.400836204371102,
    "sse": 1984.117774005294,
    "sc": 0.13299968345568067,
    "ch": 106.20906094775107,
    "db": 1.5719091994101326,
    "bic": -7987.944953228712,
    "xb": 839.2414608655473
}