{
    "dataset": "blobs-P2-K8-N1024-dt0.20-S1",
    "algorithm": "kmeans",
    "k": 2,
    "n": 1024,
    "d": 2,
    "k_true": 8,
    "rand_score": 0.5933528836754643,
    "adjusted_rand_score": 0.2226898123794494,
    "accuracy": 0.25,
    "f1_score": 0.10416666666666666,
    "precision": 0.06666666666666667,
    "recall": 0.25,
    "sigui": 0.385605413917702,
    "sse": 790.1540829147048,
    "sc": 0.5721049586629267,
    "ch": 1626.921324660095,
    "db": 0.7272861291057144,
    "bic": -2628.974840480049,
    "xb": 138.5458442410125
}