{
    "dataset": "blobs-P5-K16-N64-dt0.70-S6",
    "algorithm": "kmeans",
    "k": 20,
    "n": 64,
    "d": 5,
    "k_true": 16,
    "rand_score": 0.9330357142857143,
    "adjusted_rand_score": 0.25804763151007587,
    "accuracy": 0.5,
    "f1_score": 0.4074999999999999,
    "precision": 0.4425,
    "recall": 0.4,
    "sigui": 0.26787457151452476,
    "sse": 53.17791106114917,
    "sc": 0.21212472720846354,
    "ch": 11.619557304545053,
    "db": 0.9075398183341619,
    "bic": -609.9007117422054,
    "xb": 32.6704789268921
}