{
    "dataset": "blobs-P5-K4-N1024-dt1.00-S9",
    "algorithm": "kmeans",
    "k": 50,
    "n": 1024,
    "d": 5,
    "k_true": 4,
    "rand_score": 0.7445797440127078,
    "adjusted_rand_score": 0.016572752819845948,
    "accuracy": 0.064453125,
    "f1_score": 0.009381297491855043,
    "precision": 0.053768969398260015,
    "recall": 0.00515625,
    "sigui": 0.3332614932577613,
    "sse": 1205.1250911596444,
    "sc": 0.14321438211377485,
    "ch": 64.57265416663816,
    "db": 1.4100671018205937,
    "bic": -8563.309397222929,
    "xb": 933.9138173218216
}