{
    "dataset": "blobs-P5-K32-N128-dt0.50-S4",
    "algorithm": "kmeans",
    "k": 32,
    "n": 128,
    "d": 5,
    "k_true": 32,
    "rand_score": 0.9779773622047244,
    "adjusted_rand_score": 0.6040719647491161,
    "accuracy": 0.7421875,
    "f1_score": 0.7155686327561327,
    "precision": 0.7465570887445887,
    "recall": 0.7421875,
    "sigui": 0.2176265607873074,
    "sse": 60.373481164205685,
    "sc": 0.25814338664451364,
    "ch": 29.73114040823576,
    "db": 0.9138167711655809,
    "bic": -1055.3241215573912,
    "xb": 91.21682367509929
}