{
    "dataset": "blobs-P5-K2-N64-dt0.70-S6",
    "algorithm": "kmeans",
    "k": 25,
    "n": 64,
    "d": 5,
    "k_true": 2,
    "rand_score": 0.5277777777777778,
    "adjusted_rand_score": 0.041457567524372706,
    "accuracy": 0.140625,
    "f1_score": 0.0196996996996997,
    "precision": 0.08,
    "recall": 0.01125,
    "sigui": 0.24530802062677565,
    "sse": 51.90865886616612,
    "sc": 0.1688258865093356,
    "ch": 8.392596511994151,
    "db": 0.8657621462480093,
    "bic": -688.1499134429432,
    "xb": 29.67830953718819
}