{
    "dataset": "blobs-P10-K16-N1024-dt0.40-S3",
    "algorithm": "kmeans",
    "k": 4,
    "n": 1024,
    "d": 10,
    "k_true": 16,
    "rand_score": 0.7695885263929618,
    "adjusted_rand_score": 0.1865706462160095,
    "accuracy": 0.23828125,
    "f1_score": 0.0963461266586762,
    "precision": 0.06055226060981053,
    "recall": 0.23828125,
    "sigui": 0.5387346254699488,
    "sse": 7899.475343841213,
    "sc": 0.10314427282982239,
    "ch": 100.73813113606485,
    "db": 2.302421439388325,
    "bic": -14766.101942256662,
    "xb": 1439.3658381360874
}