{
    "dataset": "blobs-P10-K32-N128-dt0.20-S1",
    "algorithm": "kmeans",
    "k": 20,
    "n": 128,
    "d": 10,
    "k_true": 32,
    "rand_score": 0.9666584645669292,
    "adjusted_rand_score": 0.5545359236872419,
    "accuracy": 0.625,
    "f1_score": 0.5120896464646465,
    "precision": 0.4573660714285714,
    "recall": 0.625,
    "sigui": 0.3433255550510558,
    "sse": 312.27827015727894,
    "sc": 0.3166175107545489,
    "ch": 17.614847298039898,
    "db": 1.0696904246070562,
    "bic": -1827.1199407942522,
    "xb": 60.7826377525005
}