{
    "dataset": "blobs-P10-K32-N64-dt0.80-S7",
    "algorithm": "kmeans",
    "k": 32,
    "n": 64,
    "d": 10,
    "k_true": 32,
    "rand_score": 0.9618055555555556,
    "adjusted_rand_score": 0.0968162353379259,
    "accuracy": 0.53125,
    "f1_score": 0.5382440476190475,
    "precision": 0.6333333333333333,
    "recall": 0.53125,
    "sigui": 0.2636611459550473,
    "sse": 127.76942554920319,
    "sc": 0.06702780998479699,
    "ch": 4.138346393088733,
    "db": 0.8878052062758834,
    "bic": -1397.7083378886455,
    "xb": 35.11495614034721
}