{
    "dataset": "blobs-P5-K2-N64-dt0.50-S4",
    "algorithm": "kmeans",
    "k": 3,
    "n": 64,
    "d": 5,
    "k_true": 2,
    "rand_score": 0.6622023809523809,
    "adjusted_rand_score": 0.322109687307431,
    "accuracy": 0.671875,
    "f1_score": 0.4869402985074627,
    "precision": 0.5791666666666667,
    "recall": 0.4479166666666667,
    "sigui": 0.48083757739711774,
    "sse": 209.16746362769624,
    "sc": 0.20583644171190968,
    "ch": 16.161176794552198,
    "db": 1.6175800482981462,
    "bic": -487.66759889905126,
    "xb": 46.36727040901626
}