{
    "dataset": "blobs-P2-K8-N1024-dt0.90-S8",
    "algorithm": "kmeans",
    "k": 50,
    "n": 1024,
    "d": 2,
    "k_true": 8,
    "rand_score": 0.8755689455034213,
    "adjusted_rand_score": 0.12167246162848426,
    "accuracy": 0.1640625,
    "f1_score": 0.04322865245249616,
    "precision": 0.12850928641251222,
    "recall": 0.02625,
    "sigui": 0.09842251834502162,
    "sse": 39.806649128150454,
    "sc": 0.3515834185341191,
    "ch": 1002.796433889495,
    "db": 0.7939239284476435,
    "bic": -3284.2417163414298,
    "xb": 348.59402756896003
}