{
    "dataset": "blobs-P5-K2-N64-dt0.30-S2",
    "algorithm": "kmeans",
    "k": 20,
    "n": 64,
    "d": 5,
    "k_true": 2,
    "rand_score": 0.5525793650793651,
    "adjusted_rand_score": 0.09226542282994153,
    "accuracy": 0.25,
    "f1_score": 0.04,
    "precision": 0.1,
    "recall": 0.025,
    "sigui": 0.2613392079647215,
    "sse": 52.16163345210266,
    "sc": 0.19746863747884,
    "ch": 11.891063006490084,
    "db": 0.9388853773966014,
    "bic": -605.3399514551302,
    "xb": 41.316341155237815
}