{
    "dataset": "blobs-P5-K2-N128-dt0.90-S8",
    "algorithm": "kmeans",
    "k": 2,
    "n": 128,
    "d": 5,
    "k_true": 2,
    "rand_score": 0.531619094488189,
    "adjusted_rand_score": 0.06318192122798622,
    "accuracy": 0.6328125,
    "f1_score": 0.6327900872856009,
    "precision": 0.6328449328449328,
    "recall": 0.6328125,
    "sigui": 0.5238713573470561,
    "sse": 522.683537881112,
    "sc": 0.16464458701314671,
    "ch": 28.280734241035425,
    "db": 2.0046490304734075,
    "bic": -961.1820951727286,
    "xb": 126.3129800446997
}