{
    "dataset": "blobs-P10-K2-N1024-dt1.00-S9",
    "algorithm": "kmeans",
    "k": 4,
    "n": 1024,
    "d": 10,
    "k_true": 2,
    "rand_score": 0.5211483534946236,
    "adjusted_rand_score": 0.0418282099323995,
    "accuracy": 0.33203125,
    "f1_score": 0.22413445459949732,
    "precision": 0.3449425438740904,
    "recall": 0.166015625,
    "sigui": 0.5458251050783939,
    "sse": 8484.775383928027,
    "sc": 0.06976013862775887,
    "ch": 70.3349637982041,
    "db": 2.7301236157076665,
    "bic": -15138.037532442482,
    "xb": 1929.207211062472
}