{
    "dataset": "blobs-P5-K4-N64-dt1.00-S9",
    "algorithm": "kmeans",
    "k": 8,
    "n": 64,
    "d": 5,
    "k_true": 4,
    "rand_score": 0.7217261904761905,
    "adjusted_rand_score": 0.11441028339472299,
    "accuracy": 0.390625,
    "f1_score": 0.2441555183946488,
    "precision": 0.33303571428571427,
    "recall": 0.1953125,
    "sigui": 0.4166762386108209,
    "sse": 140.37719604408565,
    "sc": 0.1657210621384813,
    "ch": 10.23658024338959,
    "db": 1.2548706006455217,
    "bic": -546.6127394762251,
    "xb": 38.78262915639915
}