{
    "dataset": "blobs-P5-K4-N128-dt0.10-S0",
    "algorithm": "kmeans",
    "k": 2,
    "n": 128,
    "d": 5,
    "k_true": 4,
    "rand_score": 0.6220472440944882,
    "adjusted_rand_score": 0.328042328042328,
    "accuracy": 0.5,
    "f1_score": 0.375,
    "precision": 0.3333333333333333,
    "recall": 0.5,
    "sigui": 0.40834726926804504,
    "sse": 278.0252859476347,
    "sc": 0.5819771124229729,
    "ch": 164.04556087459014,
    "db": 0.5462644163810303,
    "bic": -742.4492603264906,
    "xb": 18.81031340480038
}