{
    "dataset": "blobs-P2-K2-N128-dt0.60-S5",
    "algorithm": "kmeans",
    "k": 16,
    "n": 128,
    "d": 2,
    "k_true": 2,
    "rand_score": 0.5365403543307087,
    "adjusted_rand_score": 0.06677213399682817,
    "accuracy": 0.1875,
    "f1_score": 0.03848684210526315,
    "precision": 0.109375,
    "recall": 0.0234375,
    "sigui": 0.18623327333699602,
    "sse": 19.081112914805722,
    "sc": 0.340513861316033,
    "ch": 92.7091813145845,
    "db": 0.7501488543146264,
    "bic": -485.83692054616165,
    "xb": 46.534174535716716
}