{
    "dataset": "blobs-P2-K16-N1024-dt0.90-S8",
    "algorithm": "kmeans",
    "k": 8,
    "n": 1024,
    "d": 2,
    "k_true": 16,
    "rand_score": 0.8994532013685239,
    "adjusted_rand_score": 0.4658480376818388,
    "accuracy": 0.4921875,
    "f1_score": 0.3516450400374531,
    "precision": 0.2914262050966323,
    "recall": 0.4921875,
    "sigui": 0.18041929705495457,
    "sse": 121.87909680988244,
    "sc": 0.5021625327516009,
    "ch": 2293.770617021229,
    "db": 0.6302219539276166,
    "bic": -2147.771040084379,
    "xb": 174.06332657203671
}