{
    "dataset": "blobs-P10-K4-N128-dt0.30-S2",
    "algorithm": "kmeans",
    "k": 10,
    "n": 128,
    "d": 10,
    "k_true": 4,
    "rand_score": 0.7992125984251969,
    "adjusted_rand_score": 0.34744252529768466,
    "accuracy": 0.4609375,
    "f1_score": 0.22522803167073763,
    "precision": 0.3190476190476191,
    "recall": 0.184375,
    "sigui": 0.45198280868195967,
    "sse": 617.9682818623623,
    "sc": 0.09317355250451433,
    "ch": 14.04598208410252,
    "db": 1.9749108549079122,
    "bic": -1895.6133217851573,
    "xb": 227.37785011785422
}