{
    "dataset": "blobs-P10-K4-N128-dt0.30-S2",
    "algorithm": "kmeans",
    "k": 4,
    "n": 128,
    "d": 10,
    "k_true": 4,
    "rand_score": 0.8710629921259843,
    "adjusted_rand_score": 0.6544917423381047,
    "accuracy": 0.84375,
    "f1_score": 0.843490003547682,
    "precision": 0.8564437450826121,
    "recall": 0.84375,
    "sigui": 0.49184420980494536,
    "sse": 769.8963028805276,
    "sc": 0.1798466994368827,
    "ch": 27.385877901633087,
    "db": 1.7070684303000325,
    "bic": -1773.379377436629,
    "xb": 111.52922962389604
}