{
    "dataset": "blobs-P5-K4-N1024-dt0.50-S4",
    "algorithm": "kmeans",
    "k": 50,
    "n": 1024,
    "d": 5,
    "k_true": 4,
    "rand_score": 0.7562984940127078,
    "adjusted_rand_score": 0.061775663632301296,
    "accuracy": 0.09765625,
    "f1_score": 0.014010755320082889,
    "precision": 0.0683135144425467,
    "recall": 0.0078125,
    "sigui": 0.3200080539599468,
    "sse": 1073.2113940626252,
    "sc": 0.15360854524540296,
    "ch": 74.95284473156893,
    "db": 1.369530061774546,
    "bic": -8263.846965947903,
    "xb": 820.648270379117
}