{
    "dataset": "blobs-P5-K8-N1024-dt0.80-S7",
    "algorithm": "kmeans",
    "k": 2,
    "n": 1024,
    "d": 5,
    "k_true": 8,
    "rand_score": 0.554863147605083,
    "adjusted_rand_score": 0.11399876221448423,
    "accuracy": 0.244140625,
    "f1_score": 0.0982279524314141,
    "precision": 0.0615738178687819,
    "recall": 0.244140625,
    "sigui": 0.5315512444413586,
    "sse": 4118.5681539373545,
    "sc": 0.1832165959755082,
    "ch": 248.4997961482294,
    "db": 1.9274715816590027,
    "bic": -7455.374693703142,
    "xb": 928.2948269048486
}