{
    "dataset": "blobs-P5-K32-N1024-dt0.80-S7",
    "algorithm": "kmeans",
    "k": 10,
    "n": 1024,
    "d": 5,
    "k_true": 32,
    "rand_score": 0.8978704637096774,
    "adjusted_rand_score": 0.18029392548730253,
    "accuracy": 0.255859375,
    "f1_score": 0.12311648907830625,
    "precision": 0.08133276045932245,
    "recall": 0.255859375,
    "sigui": 0.4265893597862479,
    "sse": 2225.295561045369,
    "sc": 0.16907543197884767,
    "ch": 146.5588238395683,
    "db": 1.4787962135776649,
    "bic": -7691.198798317609,
    "xb": 832.646286807296
}