{
    "dataset": "blobs-P2-K8-N1024-dt0.20-S1",
    "algorithm": "kmeans",
    "k": 25,
    "n": 1024,
    "d": 2,
    "k_true": 8,
    "rand_score": 0.9158113391984359,
    "adjusted_rand_score": 0.45477076642994974,
    "accuracy": 0.3740234375,
    "f1_score": 0.17405807312734758,
    "precision": 0.32,
    "recall": 0.1196875,
    "sigui": 0.03920383709724941,
    "sse": 5.740678382922754,
    "sc": 0.3442984900855854,
    "ch": 14813.413595824772,
    "db": 0.9334960093151029,
    "bic": -428.01993600357775,
    "xb": 195.6979902841288
}