{
    "dataset": "blobs-P10-K2-N64-dt0.80-S7",
    "algorithm": "kmeans",
    "k": 16,
    "n": 64,
    "d": 10,
    "k_true": 2,
    "rand_score": 0.5243055555555556,
    "adjusted_rand_score": 0.035842522700796325,
    "accuracy": 0.21875,
    "f1_score": 0.041666666666666664,
    "precision": 0.11057692307692307,
    "recall": 0.02734375,
    "sigui": 0.40382629968230055,
    "sse": 284.26225052243643,
    "sc": 0.04615635804302021,
    "ch": 4.004614739509189,
    "db": 1.3545779417340296,
    "bic": -1188.4847724831207,
    "xb": 54.71231060471463
}