{
    "dataset": "blobs-P5-K2-N1024-dt0.50-S4",
    "algorithm": "kmeans",
    "k": 50,
    "n": 1024,
    "d": 5,
    "k_true": 2,
    "rand_score": 0.5101512860459433,
    "adjusted_rand_score": 0.01938530271029321,
    "accuracy": 0.060546875,
    "f1_score": 0.004552709512469897,
    "precision": 0.03809523809523809,
    "recall": 0.002421875,
    "sigui": 0.3317099431843481,
    "sse": 1225.8784916827967,
    "sc": 0.13602401403394737,
    "ch": 63.14296195456308,
    "db": 1.3653746585197766,
    "bic": -8591.475723982338,
    "xb": 860.9240238777858
}