{
    "dataset": "blobs-P2-K4-N64-dt0.70-S6",
    "algorithm": "kmeans",
    "k": 8,
    "n": 64,
    "d": 2,
    "k_true": 4,
    "rand_score": 0.7678571428571429,
    "adjusted_rand_score": 0.2642611169336727,
    "accuracy": 0.5,
    "f1_score": 0.29518518518518516,
    "precision": 0.36417748917748916,
    "recall": 0.25,
    "sigui": 0.2141617292906244,
    "sse": 16.92501163672423,
    "sc": 0.3673312054668473,
    "ch": 52.50217405925466,
    "db": 0.7587890135440023,
    "bic": -224.11981731006813,
    "xb": 30.864872994553114
}