{
    "dataset": "blobs-P2-K2-N64-dt0.60-S5",
    "algorithm": "kmeans",
    "k": 8,
    "n": 64,
    "d": 2,
    "k_true": 2,
    "rand_score": 0.5540674603174603,
    "adjusted_rand_score": 0.09792147806004618,
    "accuracy": 0.28125,
    "f1_score": 0.10197197716658019,
    "precision": 0.19444444444444442,
    "recall": 0.0703125,
    "sigui": 0.259796423483453,
    "sse": 19.705874814368485,
    "sc": 0.36211003497171945,
    "ch": 43.964198983612405,
    "db": 0.7925492322086016,
    "bic": -237.154744572603,
    "xb": 19.57151453827767
}