{
    "dataset": "blobs-P5-K8-N1024-dt0.30-S2",
    "algorithm": "kmeans",
    "k": 4,
    "n": 1024,
    "d": 5,
    "k_true": 8,
    "rand_score": 0.7811869959677419,
    "adjusted_rand_score": 0.4110265172981042,
    "accuracy": 0.4990234375,
    "f1_score": 0.37742241164396767,
    "precision": 0.3345292803225096,
    "recall": 0.4990234375,
    "sigui": 0.4211780160014812,
    "sse": 2345.0741582909072,
    "sc": 0.31535118425023445,
    "ch": 402.3291720888331,
    "db": 1.0810945251231123,
    "bic": -6612.926423430617,
    "xb": 340.6721712037192
}