{
    "dataset": "blobs-P10-K2-N128-dt0.30-S2",
    "algorithm": "kmeans",
    "k": 4,
    "n": 128,
    "d": 10,
    "k_true": 2,
    "rand_score": 0.7091535433070866,
    "adjusted_rand_score": 0.416012448939895,
    "accuracy": 0.5546875,
    "f1_score": 0.3514705882352941,
    "precision": 0.47989766081871343,
    "recall": 0.27734375,
    "sigui": 0.5133133339771165,
    "sse": 904.2233193980899,
    "sc": 0.10228032141560975,
    "ch": 17.177286257726095,
    "db": 2.510744569762715,
    "bic": -1876.6928818135975,
    "xb": 220.8660508393713
}