{
    "dataset": "blobs-P2-K2-N1024-dt0.10-S0",
    "algorithm": "kmeans",
    "k": 50,
    "n": 1024,
    "d": 2,
    "k_true": 2,
    "rand_score": 0.5243386485826002,
    "adjusted_rand_score": 0.04779089546463423,
    "accuracy": 0.0830078125,
    "f1_score": 0.006131109578883005,
    "precision": 0.04,
    "recall": 0.0033203125,
    "sigui": 0.07049150712301372,
    "sse": 21.44629548249975,
    "sc": 0.3501683802552646,
    "ch": 1878.3162196946714,
    "db": 0.8070817875896165,
    "bic": -2629.2644255126215,
    "xb": 384.17435668485564
}