{
    "dataset": "blobs-P10-K8-N64-dt0.50-S4",
    "algorithm": "kmeans",
    "k": 2,
    "n": 64,
    "d": 10,
    "k_true": 8,
    "rand_score": 0.5778769841269841,
    "adjusted_rand_score": 0.14586818333890933,
    "accuracy": 0.25,
    "f1_score": 0.10006253908692933,
    "precision": 0.06256109481915934,
    "recall": 0.25,
    "sigui": 0.5562475612873616,
    "sse": 545.7448349587648,
    "sc": 0.1273704622640104,
    "ch": 10.707971671409634,
    "db": 2.3470262655733127,
    "bic": -947.3767966692166,
    "xb": 86.23837236058691
}