{
    "dataset": "blobs-P2-K32-N1024-dt0.20-S1",
    "algorithm": "kmeans",
    "k": 32,
    "n": 1024,
    "d": 2,
    "k_true": 32,
    "rand_score": 0.9998797195747801,
    "adjusted_rand_score": 0.9979534158464087,
    "accuracy": 0.9990234375,
    "f1_score": 0.999023199023199,
    "precision": 0.9990530303030303,
    "recall": 0.9990234375,
    "sigui": 0.017500578578737984,
    "sse": 0.971869113303365,
    "sc": 0.8369803161995959,
    "ch": 67400.94863774853,
    "db": 0.22342730616243062,
    "bic": 1048.7390627629816,
    "xb": 115.33003999679161
}