{
    "dataset": "blobs-P5-K4-N64-dt0.80-S7",
    "algorithm": "kmeans",
    "k": 2,
    "n": 64,
    "d": 5,
    "k_true": 4,
    "rand_score": 0.5084325396825397,
    "adjusted_rand_score": 0.02144167019325716,
    "accuracy": 0.34375,
    "f1_score": 0.2294866169372532,
    "precision": 0.17367367367367367,
    "recall": 0.34375,
    "sigui": 0.5202289240878929,
    "sse": 258.93391820537283,
    "sc": 0.16674547451721664,
    "ch": 14.621866063386666,
    "db": 1.9456551782651297,
    "bic": -488.79068264701897,
    "xb": 59.57335388152402
}