{
    "dataset": "blobs-P10-K4-N128-dt0.50-S4",
    "algorithm": "kmeans",
    "k": 16,
    "n": 128,
    "d": 10,
    "k_true": 4,
    "rand_score": 0.7454478346456693,
    "adjusted_rand_score": 0.08817619971336663,
    "accuracy": 0.2265625,
    "f1_score": 0.08277694639885538,
    "precision": 0.15752719502719503,
    "recall": 0.056640625,
    "sigui": 0.45006729581482785,
    "sse": 638.1104027306328,
    "sc": 0.08052929709269886,
    "ch": 7.510887832421789,
    "db": 1.768481768431386,
    "bic": -2143.7085389173503,
    "xb": 155.22669176615992
}