{
    "dataset": "blobs-P5-K4-N1024-dt0.50-S4",
    "algorithm": "kmeans",
    "k": 32,
    "n": 1024,
    "d": 5,
    "k_true": 4,
    "rand_score": 0.7587384683528837,
    "adjusted_rand_score": 0.09045949063161274,
    "accuracy": 0.130859375,
    "f1_score": 0.02826585286507316,
    "precision": 0.10457153735543323,
    "recall": 0.016357421875,
    "sigui": 0.35305013891603826,
    "sse": 1348.6453387972626,
    "sc": 0.1501799579139263,
    "ch": 89.4848672862462,
    "db": 1.4410767810887453,
    "bic": -8039.88698757605,
    "xb": 716.1854368418998
}