{
    "dataset": "blobs-P5-K4-N64-dt1.00-S9",
    "algorithm": "kmeans",
    "k": 16,
    "n": 64,
    "d": 5,
    "k_true": 4,
    "rand_score": 0.7415674603174603,
    "adjusted_rand_score": 0.05215281989084294,
    "accuracy": 0.234375,
    "f1_score": 0.08307453416149067,
    "precision": 0.14464285714285713,
    "recall": 0.05859375,
    "sigui": 0.3246989452638185,
    "sse": 81.40348914559098,
    "sc": 0.18032916855714856,
    "ch": 9.379313377692759,
    "db": 0.9655571531273095,
    "bic": -607.5366672617884,
    "xb": 32.624733833245635
}