{
    "dataset": "blobs-P2-K2-N64-dt0.70-S6",
    "algorithm": "kmeans",
    "k": 10,
    "n": 64,
    "d": 2,
    "k_true": 2,
    "rand_score": 0.5649801587301587,
    "adjusted_rand_score": 0.11912695502447268,
    "accuracy": 0.296875,
    "f1_score": 0.08660149511213341,
    "precision": 0.19333333333333333,
    "recall": 0.059375,
    "sigui": 0.1986789574026406,
    "sse": 14.226736760127242,
    "sc": 0.38080250002475935,
    "ch": 47.982864303249485,
    "db": 0.7303562642903569,
    "bic": -244.72390997625456,
    "xb": 23.9027494583557
}