{
    "dataset": "blobs-P2-K8-N128-dt0.60-S5",
    "algorithm": "kmeans",
    "k": 20,
    "n": 128,
    "d": 2,
    "k_true": 8,
    "rand_score": 0.9179379921259843,
    "adjusted_rand_score": 0.47070438200211195,
    "accuracy": 0.5078125,
    "f1_score": 0.2660764557503688,
    "precision": 0.39375,
    "recall": 0.203125,
    "sigui": 0.10144176887643915,
    "sse": 5.340274076878413,
    "sc": 0.38507416197273014,
    "ch": 266.8032823979117,
    "db": 0.7901414083702796,
    "bic": -390.8020111462594,
    "xb": 63.33168997405888
}