{
    "dataset": "blobs-P5-K8-N64-dt0.30-S2",
    "algorithm": "kmeans",
    "k": 25,
    "n": 64,
    "d": 5,
    "k_true": 8,
    "rand_score": 0.9241071428571429,
    "adjusted_rand_score": 0.4550850811238623,
    "accuracy": 0.5,
    "f1_score": 0.2105094905094905,
    "precision": 0.32,
    "recall": 0.16,
    "sigui": 0.13215815385104518,
    "sse": 11.641669803960102,
    "sc": 0.24381346696898099,
    "ch": 43.04213184247105,
    "db": 0.7849158969347215,
    "bic": -449.62844807820295,
    "xb": 55.3173334761302
}