{
    "dataset": "blobs-P5-K32-N64-dt0.90-S8",
    "algorithm": "kmeans",
    "k": 3,
    "n": 64,
    "d": 5,
    "k_true": 32,
    "rand_score": 0.6830357142857143,
    "adjusted_rand_score": 0.051861796085635556,
    "accuracy": 0.09375,
    "f1_score": 0.016314412238325283,
    "precision": 0.008948412698412699,
    "recall": 0.09375,
    "sigui": 0.49724368772144467,
    "sse": 203.64836024616537,
    "sc": 0.18968322088049747,
    "ch": 17.425748030587318,
    "db": 1.6325760198273402,
    "bic": -489.09851815571506,
    "xb": 47.17462978047084
}