{
    "dataset": "blobs-P2-K4-N64-dt1.00-S9",
    "algorithm": "kmeans",
    "k": 20,
    "n": 64,
    "d": 2,
    "k_true": 4,
    "rand_score": 0.7614087301587301,
    "adjusted_rand_score": 0.11137503299023489,
    "accuracy": 0.265625,
    "f1_score": 0.07712454212454213,
    "precision": 0.15750000000000003,
    "recall": 0.053125,
    "sigui": 0.12132740034265707,
    "sse": 4.335747070457533,
    "sc": 0.32255903249876705,
    "ch": 66.05098741957651,
    "db": 0.6073697855108896,
    "bic": -272.5900628580358,
    "xb": 60.96441373819405
}