{
    "dataset": "blobs-P5-K4-N64-dt0.40-S3",
    "algorithm": "kmeans",
    "k": 16,
    "n": 64,
    "d": 5,
    "k_true": 4,
    "rand_score": 0.8095238095238095,
    "adjusted_rand_score": 0.3033863165169316,
    "accuracy": 0.421875,
    "f1_score": 0.14619047619047618,
    "precision": 0.25,
    "recall": 0.10546875,
    "sigui": 0.25909568310559633,
    "sse": 44.43031653111145,
    "sc": 0.1887566449325218,
    "ch": 19.847326239122424,
    "db": 1.1014943749988806,
    "bic": -511.7007861795944,
    "xb": 42.898693758280785
}