{
    "dataset": "blobs-P5-K4-N64-dt1.00-S9",
    "algorithm": "kmeans",
    "k": 2,
    "n": 64,
    "d": 5,
    "k_true": 4,
    "rand_score": 0.503968253968254,
    "adjusted_rand_score": 0.049429657794676805,
    "accuracy": 0.359375,
    "f1_score": 0.23911070780399274,
    "precision": 0.1856060606060606,
    "recall": 0.359375,
    "sigui": 0.5288269810286174,
    "sse": 273.2733210612378,
    "sc": 0.12159993797255197,
    "ch": 10.601305985351042,
    "db": 2.1354250741228498,
    "bic": -495.0211161847723,
    "xb": 74.00275297267817
}