{
    "dataset": "blobs-P2-K32-N128-dt0.90-S8",
    "algorithm": "kmeans",
    "k": 16,
    "n": 128,
    "d": 2,
    "k_true": 32,
    "rand_score": 0.952263779527559,
    "adjusted_rand_score": 0.4595507589716592,
    "accuracy": 0.5,
    "f1_score": 0.36328740703740703,
    "precision": 0.30767270923520923,
    "recall": 0.5,
    "sigui": 0.10906389813953421,
    "sse": 7.03567818902317,
    "sc": 0.5459569211878108,
    "ch": 264.21526865107904,
    "db": 0.557635824528893,
    "bic": -362.92621087038106,
    "xb": 31.34880408535077
}