{
    "dataset": "blobs-P10-K4-N1024-dt0.70-S6",
    "algorithm": "kmeans",
    "k": 3,
    "n": 1024,
    "d": 10,
    "k_true": 4,
    "rand_score": 0.6606965573069403,
    "adjusted_rand_score": 0.18987080013410232,
    "accuracy": 0.4951171875,
    "f1_score": 0.42542584932096106,
    "precision": 0.3753061843249583,
    "recall": 0.4951171875,
    "sigui": 0.5484666167967759,
    "sse": 8746.27507666021,
    "sc": 0.07450134579396497,
    "ch": 87.18529507491094,
    "db": 2.856105977294901,
    "bic": -14953.875144165286,
    "xb": 2174.4434419870795
}