{
    "dataset": "blobs-P2-K32-N128-dt0.20-S1",
    "algorithm": "kmeans",
    "k": 32,
    "n": 128,
    "d": 2,
    "k_true": 32,
    "rand_score": 0.999138779527559,
    "adjusted_rand_score": 0.981377128851834,
    "accuracy": 0.9921875,
    "f1_score": 0.9920634920634921,
    "precision": 0.99375,
    "recall": 0.9921875,
    "sigui": 0.015203156389563658,
    "sse": 0.11774191176169728,
    "sc": 0.8240182716617026,
    "ch": 6730.055267306468,
    "db": 0.21383937738806386,
    "bic": -60.72252305718547,
    "xb": 92.6635169916649
}