{
    "dataset": "blobs-P2-K2-N64-dt0.80-S7",
    "algorithm": "kmeans",
    "k": 32,
    "n": 64,
    "d": 2,
    "k_true": 2,
    "rand_score": 0.5163690476190477,
    "adjusted_rand_score": 0.017938510240299296,
    "accuracy": 0.125,
    "f1_score": 0.013888888888888888,
    "precision": 0.0625,
    "recall": 0.0078125,
    "sigui": 0.059361193045777604,
    "sse": 1.311790928043556,
    "sc": 0.3828008715117946,
    "ch": 99.69189654991294,
    "db": 0.37505521563799377,
    "bic": -313.50438566821595,
    "xb": 51.792596681977834
}