{
    "dataset": "blobs-P2-K8-N64-dt0.90-S8",
    "algorithm": "kmeans",
    "k": 16,
    "n": 64,
    "d": 2,
    "k_true": 8,
    "rand_score": 0.8784722222222222,
    "adjusted_rand_score": 0.2446043165467626,
    "accuracy": 0.421875,
    "f1_score": 0.25456487956487955,
    "precision": 0.3416666666666667,
    "recall": 0.2109375,
    "sigui": 0.13414145878181588,
    "sse": 4.048976985474733,
    "sc": 0.3556563355469259,
    "ch": 97.96135544099057,
    "db": 0.6970850419032808,
    "bic": -232.27295804808477,
    "xb": 33.43105393993283
}