{
    "dataset": "blobs-P10-K4-N128-dt0.10-S0",
    "algorithm": "kmeans",
    "k": 25,
    "n": 128,
    "d": 10,
    "k_true": 4,
    "rand_score": 0.8024114173228346,
    "adjusted_rand_score": 0.26244494427528947,
    "accuracy": 0.3125,
    "f1_score": 0.07509289050337313,
    "precision": 0.16,
    "recall": 0.05,
    "sigui": 0.20114445469699543,
    "sse": 89.78855216643062,
    "sc": 0.09353016767378025,
    "ch": 56.889109732879,
    "db": 1.4575673124303656,
    "bic": -1187.287436463755,
    "xb": 151.29088976274073
}