{
    "dataset": "blobs-P2-K4-N128-dt0.50-S4",
    "algorithm": "kmeans",
    "k": 4,
    "n": 128,
    "d": 2,
    "k_true": 4,
    "rand_score": 0.7685777559055118,
    "adjusted_rand_score": 0.3757574807347073,
    "accuracy": 0.703125,
    "f1_score": 0.7055555555555555,
    "precision": 0.7121331554693183,
    "recall": 0.703125,
    "sigui": 0.31941090136569034,
    "sse": 72.15909102743109,
    "sc": 0.3866410771918755,
    "ch": 105.30561655741386,
    "db": 0.8068795718161104,
    "bic": -406.96001304213036,
    "xb": 27.403945015189873
}