{
    "dataset": "blobs-P5-K16-N128-dt1.00-S9",
    "algorithm": "kmeans",
    "k": 3,
    "n": 128,
    "d": 5,
    "k_true": 16,
    "rand_score": 0.6780265748031497,
    "adjusted_rand_score": 0.10287444901220338,
    "accuracy": 0.1875,
    "f1_score": 0.06110869670191704,
    "precision": 0.03680251904408327,
    "recall": 0.1875,
    "sigui": 0.48643466212097863,
    "sse": 418.09901480160147,
    "sc": 0.1956587414601429,
    "ch": 33.171117567643655,
    "db": 1.5397998227153533,
    "bic": -953.6039148824912,
    "xb": 83.62629105584831
}