{
    "dataset": "blobs-P10-K8-N64-dt0.40-S3",
    "algorithm": "kmeans",
    "k": 3,
    "n": 64,
    "d": 10,
    "k_true": 8,
    "rand_score": 0.6572420634920635,
    "adjusted_rand_score": 0.17201437891093063,
    "accuracy": 0.34375,
    "f1_score": 0.20275142314990513,
    "precision": 0.15806159420289856,
    "recall": 0.34375,
    "sigui": 0.5276579083711059,
    "sse": 476.34656191145746,
    "sc": 0.14503742205407977,
    "ch": 10.478568044390228,
    "db": 1.94304206496062,
    "bic": -945.9755574946822,
    "xb": 67.55340766707874
}