{
    "dataset": "blobs-P5-K2-N1024-dt0.50-S4",
    "algorithm": "kmeans",
    "k": 25,
    "n": 1024,
    "d": 5,
    "k_true": 2,
    "rand_score": 0.5198176319648093,
    "adjusted_rand_score": 0.038773145865081245,
    "accuracy": 0.1005859375,
    "f1_score": 0.01451514737482766,
    "precision": 0.0744313725490196,
    "recall": 0.008046875,
    "sigui": 0.37541059669388915,
    "sse": 1696.6590083284632,
    "sc": 0.13306804847717452,
    "ch": 83.98656894452488,
    "db": 1.4589769579327787,
    "bic": -8226.323651101267,
    "xb": 776.5337759230705
}