{
    "dataset": "blobs-P2-K4-N64-dt0.40-S3",
    "algorithm": "kmeans",
    "k": 20,
    "n": 64,
    "d": 2,
    "k_true": 4,
    "rand_score": 0.7728174603174603,
    "adjusted_rand_score": 0.13631465517241378,
    "accuracy": 0.265625,
    "f1_score": 0.08285714285714285,
    "precision": 0.19,
    "recall": 0.053125,
    "sigui": 0.11158249646332308,
    "sse": 3.6544857046273447,
    "sc": 0.41137566580457274,
    "ch": 78.79577494049526,
    "db": 0.5485406098648495,
    "bic": -266.3902489499011,
    "xb": 34.7167915462846
}