{
    "dataset": "blobs-P5-K2-N128-dt0.80-S7",
    "algorithm": "kmeans",
    "k": 25,
    "n": 128,
    "d": 5,
    "k_true": 2,
    "rand_score": 0.5129183070866141,
    "adjusted_rand_score": 0.01887348404281268,
    "accuracy": 0.1328125,
    "f1_score": 0.018367123287671233,
    "precision": 0.06828282828282829,
    "recall": 0.010625,
    "sigui": 0.3313814030912412,
    "sse": 157.4386047989147,
    "sc": 0.13043897754111472,
    "ch": 13.154287393805298,
    "db": 1.1627548105378236,
    "bic": -1216.4629806865485,
    "xb": 123.18351853981717
}