{
    "dataset": "blobs-P5-K32-N128-dt1.00-S9",
    "algorithm": "kmeans",
    "k": 3,
    "n": 128,
    "d": 5,
    "k_true": 32,
    "rand_score": 0.6579724409448819,
    "adjusted_rand_score": 0.05921915136270131,
    "accuracy": 0.09375,
    "f1_score": 0.017499999999999998,
    "precision": 0.009757226469182992,
    "recall": 0.09375,
    "sigui": 0.5101876780563164,
    "sse": 446.67491483736035,
    "sc": 0.17031952093230235,
    "ch": 27.050585160047497,
    "db": 1.7092745525991582,
    "bic": -971.6065130353502,
    "xb": 91.9772874108448
}