{
    "dataset": "blobs-P5-K4-N64-dt0.20-S1",
    "algorithm": "kmeans",
    "k": 16,
    "n": 64,
    "d": 5,
    "k_true": 4,
    "rand_score": 0.8427579365079365,
    "adjusted_rand_score": 0.4424156126978809,
    "accuracy": 0.515625,
    "f1_score": 0.16621234837126891,
    "precision": 0.25,
    "recall": 0.12890625,
    "sigui": 0.16753637991502368,
    "sse": 18.25167783508812,
    "sc": 0.17686546295651892,
    "ch": 52.90443101463257,
    "db": 1.1122409272376412,
    "bic": -363.1125514609096,
    "xb": 75.0473754241474
}