{
    "dataset": "blobs-P2-K2-N1024-dt0.60-S5",
    "algorithm": "kmeans",
    "k": 10,
    "n": 1024,
    "d": 2,
    "k_true": 2,
    "rand_score": 0.5373174792277615,
    "adjusted_rand_score": 0.07392950879814882,
    "accuracy": 0.205078125,
    "f1_score": 0.06301314459049545,
    "precision": 0.13812621441243558,
    "recall": 0.041015625,
    "sigui": 0.2612077577543016,
    "sse": 319.9830170220754,
    "sc": 0.31569921409248136,
    "ch": 608.499945835216,
    "db": 0.8971903231652852,
    "bic": -3411.253095693806,
    "xb": 306.78077076091375
}