{
    "dataset": "blobs-P5-K32-N64-dt0.40-S3",
    "algorithm": "kmeans",
    "k": 8,
    "n": 64,
    "d": 5,
    "k_true": 32,
    "rand_score": 0.8834325396825397,
    "adjusted_rand_score": 0.17461113898645259,
    "accuracy": 0.25,
    "f1_score": 0.11498466810966812,
    "precision": 0.0835813492063492,
    "recall": 0.25,
    "sigui": 0.38461561325515936,
    "sse": 109.76461603949926,
    "sc": 0.2547850936155741,
    "ch": 15.3226343093914,
    "db": 1.229965881589084,
    "bic": -511.76775279184955,
    "xb": 42.04967971115975
}