{
    "dataset": "blobs-P10-K16-N64-dt0.80-S7",
    "algorithm": "kmeans",
    "k": 8,
    "n": 64,
    "d": 10,
    "k_true": 16,
    "rand_score": 0.7996031746031746,
    "adjusted_rand_score": 0.029512697323266987,
    "accuracy": 0.265625,
    "f1_score": 0.1885950672134883,
    "precision": 0.1887941919191919,
    "recall": 0.265625,
    "sigui": 0.4839087595496689,
    "sse": 387.32303800228783,
    "sc": 0.0846053876175439,
    "ch": 5.218940000077552,
    "db": 1.714216905248226,
    "bic": -1050.1201948058317,
    "xb": 75.95424320155584
}