{
    "dataset": "blobs-P2-K4-N1024-dt0.30-S2",
    "algorithm": "kmeans",
    "k": 4,
    "n": 1024,
    "d": 2,
    "k_true": 4,
    "rand_score": 0.9715317234848485,
    "adjusted_rand_score": 0.9239374207187655,
    "accuracy": 0.9697265625,
    "f1_score": 0.969725523108322,
    "precision": 0.9697567414958719,
    "recall": 0.9697265625,
    "sigui": 0.16906415142356046,
    "sse": 129.84268270630108,
    "sc": 0.6242742230170493,
    "ch": 5022.797390554905,
    "db": 0.5618142785340601,
    "bic": -1542.618557302349,
    "xb": 160.1677477321646
}