{
    "dataset": "blobs-P10-K32-N128-dt0.80-S7",
    "algorithm": "kmeans",
    "k": 20,
    "n": 128,
    "d": 10,
    "k_true": 32,
    "rand_score": 0.9338090551181102,
    "adjusted_rand_score": 0.12251817224462538,
    "accuracy": 0.328125,
    "f1_score": 0.24177359099234097,
    "precision": 0.2078598484848485,
    "recall": 0.328125,
    "sigui": 0.4320453843632785,
    "sse": 569.2987539127732,
    "sc": 0.09583996794486975,
    "ch": 7.096055412574695,
    "db": 1.5917603812371666,
    "bic": -2207.529031528886,
    "xb": 129.6210908458808
}