{
    "dataset": "blobs-P5-K8-N1024-dt0.30-S2",
    "algorithm": "kmeans",
    "k": 2,
    "n": 1024,
    "d": 5,
    "k_true": 8,
    "rand_score": 0.5927495723362659,
    "adjusted_rand_score": 0.19685963973581316,
    "accuracy": 0.25,
    "f1_score": 0.10128184839373319,
    "precision": 0.06376089663760896,
    "recall": 0.25,
    "sigui": 0.5135868751494745,
    "sse": 3612.690603609671,
    "sc": 0.2759302690655754,
    "ch": 426.4084328859816,
    "db": 1.4742079777239883,
    "bic": -7113.506925756696,
    "xb": 555.8639435685341
}