{
    "dataset": "blobs-P2-K32-N1024-dt0.20-S1",
    "algorithm": "kmeans",
    "k": 2,
    "n": 1024,
    "d": 2,
    "k_true": 32,
    "rand_score": 0.4995112414467253,
    "adjusted_rand_score": 0.053763440860215055,
    "accuracy": 0.0625,
    "f1_score": 0.007783882783882784,
    "precision": 0.004166666666666667,
    "recall": 0.0625,
    "sigui": 0.40408254315014147,
    "sse": 1084.658836515417,
    "sc": 0.4638879304276733,
    "ch": 907.6906359276691,
    "db": 0.8871241099306224,
    "bic": -2953.3706799994384,
    "xb": 241.18114471600902
}