{
    "dataset": "blobs-P10-K32-N128-dt0.90-S8",
    "algorithm": "kmeans",
    "k": 50,
    "n": 128,
    "d": 10,
    "k_true": 32,
    "rand_score": 0.9582923228346457,
    "adjusted_rand_score": 0.049959176467992146,
    "accuracy": 0.3203125,
    "f1_score": 0.22242124542124542,
    "precision": 0.29699999999999993,
    "recall": 0.205,
    "sigui": 0.30765811133796034,
    "sse": 301.5098048318319,
    "sc": 0.09385328456490497,
    "ch": 5.165990001801852,
    "db": 1.0363992561953121,
    "bic": -2768.2210743407004,
    "xb": 71.56751082786471
}