{
    "dataset": "blobs-P10-K8-N128-dt0.50-S4",
    "algorithm": "kmeans",
    "k": 4,
    "n": 128,
    "d": 10,
    "k_true": 8,
    "rand_score": 0.7769438976377953,
    "adjusted_rand_score": 0.29644726509385244,
    "accuracy": 0.4453125,
    "f1_score": 0.30986147079376825,
    "precision": 0.24760550023707917,
    "recall": 0.4453125,
    "sigui": 0.5170586692215219,
    "sse": 885.5140920994781,
    "sc": 0.1300602632848387,
    "ch": 18.413504281898167,
    "db": 2.0070120357441605,
    "bic": -1860.262847638896,
    "xb": 150.13254948394055
}