{
    "dataset": "blobs-P5-K2-N64-dt0.40-S3",
    "algorithm": "kmeans",
    "k": 2,
    "n": 64,
    "d": 5,
    "k_true": 2,
    "rand_score": 0.6711309523809523,
    "adjusted_rand_score": 0.3423551084030041,
    "accuracy": 0.796875,
    "f1_score": 0.7956276099238517,
    "precision": 0.8043043043043043,
    "recall": 0.796875,
    "sigui": 0.532040320883965,
    "sse": 277.3573868988957,
    "sc": 0.12064945452814357,
    "ch": 9.53225743085119,
    "db": 2.3925998097242074,
    "bic": -499.7881215138445,
    "xb": 86.66505486183235
}