{
    "dataset": "blobs-P5-K2-N128-dt1.00-S9",
    "algorithm": "kmeans",
    "k": 25,
    "n": 128,
    "d": 5,
    "k_true": 2,
    "rand_score": 0.5124261811023622,
    "adjusted_rand_score": 0.01775569429292407,
    "accuracy": 0.1171875,
    "f1_score": 0.016204566210045665,
    "precision": 0.06020202020202021,
    "recall": 0.009375,
    "sigui": 0.3175268347912317,
    "sse": 143.75757809400977,
    "sc": 0.1716370230386619,
    "ch": 14.814572483178317,
    "db": 1.1320562144015733,
    "bic": -1198.6506592591697,
    "xb": 109.46815663607231
}