{
    "dataset": "blobs-P2-K16-N1024-dt0.30-S2",
    "algorithm": "kmeans",
    "k": 4,
    "n": 1024,
    "d": 2,
    "k_true": 16,
    "rand_score": 0.8041319189882697,
    "adjusted_rand_score": 0.31780549766360267,
    "accuracy": 0.25,
    "f1_score": 0.10212800073300347,
    "precision": 0.0646316107115937,
    "recall": 0.25,
    "sigui": 0.27909779969920706,
    "sse": 428.0208323483758,
    "sc": 0.49191316388411105,
    "ch": 1286.8367036706516,
    "db": 0.8905180589869826,
    "bic": -2747.667136775504,
    "xb": 265.0907542007114
}