{
    "dataset": "blobs-P10-K4-N1024-dt0.80-S7",
    "algorithm": "kmeans",
    "k": 4,
    "n": 1024,
    "d": 10,
    "k_true": 4,
    "rand_score": 0.7168484237536656,
    "adjusted_rand_score": 0.24716471100492357,
    "accuracy": 0.6083984375,
    "f1_score": 0.6066433949006119,
    "precision": 0.6093243671427473,
    "recall": 0.6083984375,
    "sigui": 0.5428616661942308,
    "sse": 8137.250139933216,
    "sc": 0.08096565790055942,
    "ch": 87.85952749740271,
    "db": 2.5982838560929506,
    "bic": -14917.584534133975,
    "xb": 1941.1356993944191
}