{
    "dataset": "blobs-P5-K32-N1024-dt0.80-S7",
    "algorithm": "kmeans",
    "k": 2,
    "n": 1024,
    "d": 5,
    "k_true": 32,
    "rand_score": 0.5160851203567938,
    "adjusted_rand_score": 0.03311706349275157,
    "accuracy": 0.0625,
    "f1_score": 0.007366108453760405,
    "precision": 0.003914148653555798,
    "recall": 0.0625,
    "sigui": 0.5402644632788927,
    "sse": 4292.428769312386,
    "sc": 0.15631645752360615,
    "ch": 197.0613524172637,
    "db": 2.176022213423532,
    "bic": -7563.975769787279,
    "xb": 1149.2060087364664
}