{
    "dataset": "blobs-P2-K2-N1024-dt0.40-S3",
    "algorithm": "kmeans",
    "k": 3,
    "n": 1024,
    "d": 2,
    "k_true": 2,
    "rand_score": 0.6923856763196481,
    "adjusted_rand_score": 0.3845782002112936,
    "accuracy": 0.6572265625,
    "f1_score": 0.5122820149902171,
    "precision": 0.6235014247248581,
    "recall": 0.4381510416666667,
    "sigui": 0.38041743764589453,
    "sse": 798.2496647167792,
    "sc": 0.33042498220172734,
    "ch": 799.2785663625206,
    "db": 1.0309558396928438,
    "bic": -3087.237883584505,
    "xb": 345.2468631148275
}