{
    "dataset": "blobs-P2-K2-N64-dt0.80-S7",
    "algorithm": "kmeans",
    "k": 25,
    "n": 64,
    "d": 2,
    "k_true": 2,
    "rand_score": 0.5163690476190477,
    "adjusted_rand_score": 0.018189664817863594,
    "accuracy": 0.125,
    "f1_score": 0.017309941520467834,
    "precision": 0.06666666666666667,
    "recall": 0.01,
    "sigui": 0.09004395813732619,
    "sse": 2.317209801819913,
    "sc": 0.3791880906565935,
    "ch": 88.13812798117756,
    "db": 0.512721901820174,
    "bic": -286.9520014089596,
    "xb": 36.401509107439004
}