{
    "dataset": "blobs-P5-K4-N128-dt1.00-S9",
    "algorithm": "kmeans",
    "k": 50,
    "n": 128,
    "d": 5,
    "k_true": 4,
    "rand_score": 0.7514763779527559,
    "adjusted_rand_score": 0.02172835363295937,
    "accuracy": 0.1171875,
    "f1_score": 0.016456456456456457,
    "precision": 0.068,
    "recall": 0.009375,
    "sigui": 0.2141550149339251,
    "sse": 69.22714768255939,
    "sc": 0.1555372534168309,
    "ch": 13.124579357959117,
    "db": 0.8197244709538208,
    "bic": -1436.4472245105653,
    "xb": 74.21611021254374
}