{
    "dataset": "blobs-P2-K8-N128-dt0.50-S4",
    "algorithm": "kmeans",
    "k": 3,
    "n": 128,
    "d": 2,
    "k_true": 8,
    "rand_score": 0.6598179133858267,
    "adjusted_rand_score": 0.26478008621935056,
    "accuracy": 0.375,
    "f1_score": 0.2453979657627074,
    "precision": 0.20389414507061565,
    "recall": 0.375,
    "sigui": 0.3187713605130933,
    "sse": 91.02487151393669,
    "sc": 0.4575909904694824,
    "ch": 113.2761338619441,
    "db": 0.678652821996356,
    "bic": -370.4476082859717,
    "xb": 28.826106061788487
}