{
    "dataset": "blobs-P5-K8-N64-dt0.90-S8",
    "algorithm": "kmeans",
    "k": 16,
    "n": 64,
    "d": 5,
    "k_true": 8,
    "rand_score": 0.8521825396825397,
    "adjusted_rand_score": 0.08339029391660971,
    "accuracy": 0.296875,
    "f1_score": 0.18734182484182482,
    "precision": 0.2830357142857143,
    "recall": 0.1484375,
    "sigui": 0.32242700319011475,
    "sse": 79.89417282373907,
    "sc": 0.16542441973677924,
    "ch": 9.616954776653467,
    "db": 1.0597374512825253,
    "bic": -605.8433023320333,
    "xb": 45.37180530431371
}