{
    "dataset": "blobs-P2-K8-N128-dt0.10-S0",
    "algorithm": "kmeans",
    "k": 20,
    "n": 128,
    "d": 2,
    "k_true": 8,
    "rand_score": 0.9397145669291339,
    "adjusted_rand_score": 0.6284997910572503,
    "accuracy": 0.59375,
    "f1_score": 0.2902693618225852,
    "precision": 0.4,
    "recall": 0.2375,
    "sigui": 0.019087773210435637,
    "sse": 0.23006193655924484,
    "sc": 0.4575924448829222,
    "ch": 6319.385970573002,
    "db": 0.7771108838649463,
    "bic": 22.3507344712786,
    "xb": 85.80445663760663
}