{
    "dataset": "blobs-P2-K2-N128-dt0.40-S3",
    "algorithm": "kmeans",
    "k": 4,
    "n": 128,
    "d": 2,
    "k_true": 2,
    "rand_score": 0.6542814960629921,
    "adjusted_rand_score": 0.305854343589165,
    "accuracy": 0.5,
    "f1_score": 0.32030075187969925,
    "precision": 0.45121951219512196,
    "recall": 0.25,
    "sigui": 0.340517250802862,
    "sse": 79.31296441107213,
    "sc": 0.3528083350663923,
    "ch": 92.07907171171345,
    "db": 0.8727776798983788,
    "bic": -417.8612882391218,
    "xb": 28.763540519425582
}