{
    "dataset": "blobs-P2-K8-N64-dt0.20-S1",
    "algorithm": "kmeans",
    "k": 16,
    "n": 64,
    "d": 2,
    "k_true": 8,
    "rand_score": 0.9538690476190477,
    "adjusted_rand_score": 0.7146266621206956,
    "accuracy": 0.71875,
    "f1_score": 0.41295787545787543,
    "precision": 0.5,
    "recall": 0.359375,
    "sigui": 0.05385321749931783,
    "sse": 1.003973715946326,
    "sc": 0.4935744015955357,
    "ch": 404.77880810447203,
    "db": 0.49451986380247476,
    "bic": -141.79952065979282,
    "xb": 57.93621097733635
}