{
    "dataset": "blobs-P10-K16-N128-dt0.60-S5",
    "algorithm": "kmeans",
    "k": 8,
    "n": 128,
    "d": 10,
    "k_true": 16,
    "rand_score": 0.843503937007874,
    "adjusted_rand_score": 0.09376297276980557,
    "accuracy": 0.28125,
    "f1_score": 0.18802694838056683,
    "precision": 0.14919083163568458,
    "recall": 0.28125,
    "sigui": 0.5039983193726623,
    "sse": 818.1644887040802,
    "sc": 0.09094531699106276,
    "ch": 9.67675852833047,
    "db": 1.9926190488551194,
    "bic": -2003.212660722202,
    "xb": 165.95699724686938
}