{
    "dataset": "blobs-P10-K8-N128-dt0.30-S2",
    "algorithm": "kmeans",
    "k": 8,
    "n": 128,
    "d": 10,
    "k_true": 8,
    "rand_score": 0.9151082677165354,
    "adjusted_rand_score": 0.609745887256954,
    "accuracy": 0.7578125,
    "f1_score": 0.7338301473971232,
    "precision": 0.7373505971367813,
    "recall": 0.7578125,
    "sigui": 0.4322354828783825,
    "sse": 557.0587414414708,
    "sc": 0.19517934065754805,
    "ch": 22.247705306763162,
    "db": 1.617883368628059,
    "bic": -1758.1554916552086,
    "xb": 108.2813365093472
}