{
    "dataset": "blobs-P10-K32-N64-dt0.30-S2",
    "algorithm": "kmeans",
    "k": 10,
    "n": 64,
    "d": 10,
    "k_true": 32,
    "rand_score": 0.8893849206349206,
    "adjusted_rand_score": 0.15341970473034047,
    "accuracy": 0.296875,
    "f1_score": 0.1673160173160173,
    "precision": 0.13871527777777778,
    "recall": 0.296875,
    "sigui": 0.4498934690514351,
    "sse": 309.5190605537087,
    "sc": 0.14122719243084186,
    "ch": 6.406344194540067,
    "db": 1.3878896366237377,
    "bic": -1044.7160842343035,
    "xb": 42.58362764457387
}