{
    "dataset": "blobs-P2-K32-N64-dt0.30-S2",
    "algorithm": "kmeans",
    "k": 32,
    "n": 64,
    "d": 2,
    "k_true": 32,
    "rand_score": 1.0,
    "adjusted_rand_score": 1.0,
    "accuracy": 1.0,
    "f1_score": 1.0,
    "precision": 1.0,
    "recall": 1.0,
    "sigui": 0.020625349789787476,
    "sse": 0.0753274514379904,
    "sc": 0.7958872974017566,
    "ch": 1753.0299030167362,
    "db": 0.2159131092586088,
    "bic": -139.39081911591438,
    "xb": 109.10573530977899
}