{
    "dataset": "blobs-P5-K4-N64-dt0.20-S1",
    "algorithm": "kmeans",
    "k": 4,
    "n": 64,
    "d": 5,
    "k_true": 4,
    "rand_score": 1.0,
    "adjusted_rand_score": 1.0,
    "accuracy": 1.0,
    "f1_score": 1.0,
    "precision": 1.0,
    "recall": 1.0,
    "sigui": 0.24864439757712817,
    "sse": 36.551935382953154,
    "sc": 0.5815536099143849,
    "ch": 155.09332769790322,
    "db": 0.6003629207744333,
    "bic": -245.88203262415345,
    "xb": 12.467518850486293
}