{
    "dataset": "blobs-P2-K8-N128-dt0.40-S3",
    "algorithm": "kmeans",
    "k": 16,
    "n": 128,
    "d": 2,
    "k_true": 8,
    "rand_score": 0.9302411417322834,
    "adjusted_rand_score": 0.5791383935616222,
    "accuracy": 0.5859375,
    "f1_score": 0.35870140612076096,
    "precision": 0.4722222222222222,
    "recall": 0.29296875,
    "sigui": 0.08763657220762523,
    "sse": 3.806173377599506,
    "sc": 0.38624380401705855,
    "ch": 494.7350138758523,
    "db": 0.8267876405435062,
    "bic": -289.22838537202506,
    "xb": 52.370813350883985
}