{
    "dataset": "blobs-P5-K2-N1024-dt0.90-S8",
    "algorithm": "kmeans",
    "k": 20,
    "n": 1024,
    "d": 5,
    "k_true": 2,
    "rand_score": 0.50942005742913,
    "adjusted_rand_score": 0.017977914973554505,
    "accuracy": 0.0947265625,
    "f1_score": 0.0169739686349914,
    "precision": 0.08169213355970571,
    "recall": 0.00947265625,
    "sigui": 0.3957884311187051,
    "sse": 1895.8024908934206,
    "sc": 0.13288667403458354,
    "ch": 89.86874159297624,
    "db": 1.4373076451430602,
    "bic": -8186.874340496235,
    "xb": 812.0529484964914
}