{
    "dataset": "blobs-P2-K8-N1024-dt0.50-S4",
    "algorithm": "kmeans",
    "k": 8,
    "n": 1024,
    "d": 2,
    "k_true": 8,
    "rand_score": 0.9521207539100685,
    "adjusted_rand_score": 0.7801179804426422,
    "accuracy": 0.884765625,
    "f1_score": 0.8844027154535923,
    "precision": 0.8851416511276384,
    "recall": 0.884765625,
    "sigui": 0.14823321262927597,
    "sse": 117.85081938356606,
    "sc": 0.49635154544769466,
    "ch": 2377.8482201279608,
    "db": 0.7261194250298542,
    "bic": -2193.2909755920755,
    "xb": 298.49039766347994
}