{
    "dataset": "blobs-P2-K16-N1024-dt0.30-S2",
    "algorithm": "kmeans",
    "k": 32,
    "n": 1024,
    "d": 2,
    "k_true": 16,
    "rand_score": 0.9720128451857283,
    "adjusted_rand_score": 0.6966515279239196,
    "accuracy": 0.6298828125,
    "f1_score": 0.3796840836904054,
    "precision": 0.4989406779661017,
    "recall": 0.31494140625,
    "sigui": 0.040497962760547734,
    "sse": 6.440341054561953,
    "sc": 0.3645086119223687,
    "ch": 10144.354044529373,
    "db": 1.0399619863003542,
    "bic": -813.7509194178618,
    "xb": 250.98037385177113
}