{
    "dataset": "blobs-P10-K2-N1024-dt0.90-S8",
    "algorithm": "kmeans",
    "k": 3,
    "n": 1024,
    "d": 10,
    "k_true": 2,
    "rand_score": 0.5391598698680352,
    "adjusted_rand_score": 0.07802352569696455,
    "accuracy": 0.4755859375,
    "f1_score": 0.3769520805575948,
    "precision": 0.4681818181818182,
    "recall": 0.3170572916666667,
    "sigui": 0.5555366113831992,
    "sse": 8821.965342022177,
    "sc": 0.07421698114452474,
    "ch": 82.05730410767458,
    "db": 2.9244152650498694,
    "bic": -15001.606844111959,
    "xb": 2170.4448341667553
}