{
    "dataset": "blobs-P2-K16-N1024-dt0.30-S2",
    "algorithm": "kmeans",
    "k": 2,
    "n": 1024,
    "d": 2,
    "k_true": 16,
    "rand_score": 0.5620723362658846,
    "adjusted_rand_score": 0.12339331619537275,
    "accuracy": 0.125,
    "f1_score": 0.027777777777777776,
    "precision": 0.015625,
    "recall": 0.125,
    "sigui": 0.3950617534420765,
    "sse": 901.8587947599933,
    "sc": 0.4913774032559417,
    "ch": 1298.8245150583862,
    "db": 0.8155268533423056,
    "bic": -2796.7203102000917,
    "xb": 182.10069002524153
}