{
    "dataset": "blobs-P10-K32-N1024-dt0.70-S6",
    "algorithm": "kmeans",
    "k": 2,
    "n": 1024,
    "d": 10,
    "k_true": 32,
    "rand_score": 0.5132594849706745,
    "adjusted_rand_score": 0.025907506635209316,
    "accuracy": 0.0615234375,
    "f1_score": 0.007238131855131736,
    "precision": 0.0038453301305411292,
    "recall": 0.0615234375,
    "sigui": 0.5611532539327623,
    "sse": 9265.238637635182,
    "sc": 0.0912572965026885,
    "ch": 107.52082610050397,
    "db": 3.009327538125788,
    "bic": -14803.647192907585,
    "xb": 2151.170796501501
}