{
    "dataset": "blobs-P2-K16-N64-dt0.70-S6",
    "algorithm": "kmeans",
    "k": 3,
    "n": 64,
    "d": 2,
    "k_true": 16,
    "rand_score": 0.7048611111111112,
    "adjusted_rand_score": 0.16871798283547335,
    "accuracy": 0.1875,
    "f1_score": 0.061173654244306416,
    "precision": 0.03679234851835471,
    "recall": 0.1875,
    "sigui": 0.317382927851386,
    "sse": 35.396131000667125,
    "sc": 0.5129391378960346,
    "ch": 79.79454038144505,
    "db": 0.7016748206044229,
    "bic": -186.90214416500035,
    "xb": 9.449662620628386
}