{
    "dataset": "blobs-P2-K32-N1024-dt0.20-S1",
    "algorithm": "kmeans",
    "k": 8,
    "n": 1024,
    "d": 2,
    "k_true": 32,
    "rand_score": 0.8787878787878788,
    "adjusted_rand_score": 0.2978723404255319,
    "accuracy": 0.25,
    "f1_score": 0.11986607142857142,
    "precision": 0.0888392857142857,
    "recall": 0.25,
    "sigui": 0.18954510575070016,
    "sse": 181.89838850635647,
    "sc": 0.5472736154764094,
    "ch": 1489.0253939858983,
    "db": 0.6656222959362776,
    "bic": -2516.6985845324516,
    "xb": 172.14737942388234
}