{
    "dataset": "blobs-P10-K32-N128-dt0.90-S8",
    "algorithm": "kmeans",
    "k": 10,
    "n": 128,
    "d": 10,
    "k_true": 32,
    "rand_score": 0.8828740157480315,
    "adjusted_rand_score": 0.03692846901386013,
    "accuracy": 0.1875,
    "f1_score": 0.09093573641271009,
    "precision": 0.06252931096681097,
    "recall": 0.1875,
    "sigui": 0.4954118923491741,
    "sse": 795.379402837179,
    "sc": 0.07969789003695033,
    "ch": 7.988532860506401,
    "db": 2.104847579918519,
    "bic": -2068.126114573711,
    "xb": 200.63758923983931
}