{
    "dataset": "blobs-P5-K4-N1024-dt0.30-S2",
    "algorithm": "kmeans",
    "k": 25,
    "n": 1024,
    "d": 5,
    "k_true": 4,
    "rand_score": 0.7738403439638318,
    "adjusted_rand_score": 0.16213831859104424,
    "accuracy": 0.197265625,
    "f1_score": 0.05239502303103537,
    "precision": 0.15601203316457554,
    "recall": 0.0315625,
    "sigui": 0.340676045813174,
    "sse": 1308.5854782216566,
    "sc": 0.1478136760625426,
    "ch": 121.23788022210518,
    "db": 1.4781815923689907,
    "bic": -7561.731982075764,
    "xb": 952.4230778434365
}