{
    "dataset": "blobs-P5-K8-N64-dt0.50-S4",
    "algorithm": "kmeans",
    "k": 4,
    "n": 64,
    "d": 5,
    "k_true": 8,
    "rand_score": 0.8050595238095238,
    "adjusted_rand_score": 0.34463590883824347,
    "accuracy": 0.484375,
    "f1_score": 0.3238257575757576,
    "precision": 0.24376313025210083,
    "recall": 0.484375,
    "sigui": 0.4405480943761557,
    "sse": 167.0162583229347,
    "sc": 0.18716251711128307,
    "ch": 18.31962267784293,
    "db": 1.5639454397213837,
    "bic": -488.78735921230805,
    "xb": 50.339167534652866
}