{
    "dataset": "blobs-P5-K32-N1024-dt0.40-S3",
    "algorithm": "kmeans",
    "k": 10,
    "n": 1024,
    "d": 5,
    "k_true": 32,
    "rand_score": 0.9116244348729228,
    "adjusted_rand_score": 0.34614207485603704,
    "accuracy": 0.3115234375,
    "f1_score": 0.1619364393054464,
    "precision": 0.11689301120201172,
    "recall": 0.3115234375,
    "sigui": 0.3655256359349853,
    "sse": 1513.587783211017,
    "sc": 0.30080943364872487,
    "ch": 268.4498696399104,
    "db": 1.1382080645907207,
    "bic": -6642.817022580245,
    "xb": 534.8086927519098
}