{
    "dataset": "blobs-P5-K16-N128-dt0.20-S1",
    "algorithm": "kmeans",
    "k": 25,
    "n": 128,
    "d": 5,
    "k_true": 16,
    "rand_score": 0.9819143700787402,
    "adjusted_rand_score": 0.7986453401210134,
    "accuracy": 0.765625,
    "f1_score": 0.5416763628528334,
    "precision": 0.6355555555555555,
    "recall": 0.49,
    "sigui": 0.10080351233678839,
    "sse": 10.349545221781797,
    "sc": 0.45083018147299303,
    "ch": 261.0984164537002,
    "db": 0.8981096042948344,
    "bic": -361.0617707739591,
    "xb": 100.74956653594502
}