{
    "dataset": "blobs-P2-K4-N1024-dt0.10-S0",
    "algorithm": "kmeans",
    "k": 8,
    "n": 1024,
    "d": 2,
    "k_true": 4,
    "rand_score": 0.8962743615591398,
    "adjusted_rand_score": 0.6781214710195611,
    "accuracy": 0.6103515625,
    "f1_score": 0.36751453158583025,
    "precision": 0.5,
    "recall": 0.30517578125,
    "sigui": 0.0854521776678055,
    "sse": 33.84085798060052,
    "sc": 0.5019701564639787,
    "ch": 8641.111717228714,
    "db": 0.8480684671501468,
    "bic": -840.4894632956106,
    "xb": 212.42147990726477
}