{
    "dataset": "blobs-P10-K32-N64-dt0.30-S2",
    "algorithm": "kmeans",
    "k": 2,
    "n": 64,
    "d": 10,
    "k_true": 32,
    "rand_score": 0.5119047619047619,
    "adjusted_rand_score": 0.023809523809523808,
    "accuracy": 0.0625,
    "f1_score": 0.007456140350877193,
    "precision": 0.003968253968253968,
    "recall": 0.0625,
    "sigui": 0.567640237979368,
    "sse": 575.441612326118,
    "sc": 0.0869282911104327,
    "ch": 6.9557361686111205,
    "db": 2.9180789403289173,
    "bic": -963.8623370472075,
    "xb": 126.015972398065
}