{
    "dataset": "blobs-P5-K32-N128-dt0.70-S6",
    "algorithm": "kmeans",
    "k": 16,
    "n": 128,
    "d": 5,
    "k_true": 32,
    "rand_score": 0.9484498031496063,
    "adjusted_rand_score": 0.4336572334741749,
    "accuracy": 0.5,
    "f1_score": 0.36911305069199807,
    "precision": 0.3178323412698413,
    "recall": 0.5,
    "sigui": 0.27360982394307776,
    "sse": 101.23691927824854,
    "sc": 0.36800970774800323,
    "ch": 39.736139391986256,
    "db": 0.9602916580639556,
    "bic": -893.2168749554414,
    "xb": 74.95747482628408
}