{
    "dataset": "blobs-P2-K8-N1024-dt0.20-S1",
    "algorithm": "kmeans",
    "k": 4,
    "n": 1024,
    "d": 2,
    "k_true": 8,
    "rand_score": 0.8435972629521017,
    "adjusted_rand_score": 0.5331751391804326,
    "accuracy": 0.5,
    "f1_score": 0.35416666666666663,
    "precision": 0.29166666666666663,
    "recall": 0.5,
    "sigui": 0.25708351834315835,
    "sse": 304.5554192452384,
    "sc": 0.5960944519518963,
    "ch": 1946.3490714617694,
    "db": 0.5736864880107175,
    "bic": -2348.6681464079716,
    "xb": 204.65765442311698
}