{
    "dataset": "blobs-P5-K8-N1024-dt0.30-S2",
    "algorithm": "kmeans",
    "k": 50,
    "n": 1024,
    "d": 5,
    "k_true": 8,
    "rand_score": 0.8962266312316716,
    "adjusted_rand_score": 0.2644646148380723,
    "accuracy": 0.2275390625,
    "f1_score": 0.057965212989736996,
    "precision": 0.15501010101010101,
    "recall": 0.03640625,
    "sigui": 0.22892998782143464,
    "sse": 510.0366258612887,
    "sc": 0.1589352218712057,
    "ch": 179.66314089093783,
    "db": 1.498370564630725,
    "bic": -6330.220779260016,
    "xb": 1036.9488406643143
}