{
    "dataset": "blobs-P10-K8-N128-dt0.50-S4",
    "algorithm": "kmeans",
    "k": 8,
    "n": 128,
    "d": 10,
    "k_true": 8,
    "rand_score": 0.85814468503937,
    "adjusted_rand_score": 0.3236287212175801,
    "accuracy": 0.5390625,
    "f1_score": 0.5372132522363784,
    "precision": 0.5388980263157894,
    "recall": 0.5390625,
    "sigui": 0.48563719023443663,
    "sse": 726.2283901276616,
    "sc": 0.10874467775632103,
    "ch": 13.071958803679832,
    "db": 1.9374271314459166,
    "bic": -1933.554362170276,
    "xb": 161.77582617919353
}