{
    "dataset": "blobs-P2-K4-N1024-dt0.70-S6",
    "algorithm": "kmeans",
    "k": 3,
    "n": 1024,
    "d": 2,
    "k_true": 4,
    "rand_score": 0.7832756750977518,
    "adjusted_rand_score": 0.4947403538847183,
    "accuracy": 0.65234375,
    "f1_score": 0.5651490119720941,
    "precision": 0.5125433799396684,
    "recall": 0.65234375,
    "sigui": 0.34438335569416656,
    "sse": 734.7216769746367,
    "sc": 0.3907294472629168,
    "ch": 912.4932677433349,
    "db": 0.8868023791575742,
    "bic": -2975.0515862646857,
    "xb": 291.0436331242789
}