{
    "dataset": "blobs-P2-K32-N1024-dt0.70-S6",
    "algorithm": "kmeans",
    "k": 10,
    "n": 1024,
    "d": 2,
    "k_true": 32,
    "rand_score": 0.9210273093841642,
    "adjusted_rand_score": 0.4011771043723777,
    "accuracy": 0.3125,
    "f1_score": 0.15607796862576825,
    "precision": 0.10610753506829088,
    "recall": 0.3125,
    "sigui": 0.15158093620379154,
    "sse": 110.6869098484192,
    "sc": 0.5310127738354394,
    "ch": 1971.9640602126296,
    "db": 0.6577854859256334,
    "bic": -2335.970094665502,
    "xb": 240.66554154118427
}