{
    "dataset": "blobs-P10-K4-N1024-dt0.20-S1",
    "algorithm": "kmeans",
    "k": 50,
    "n": 1024,
    "d": 10,
    "k_true": 4,
    "rand_score": 0.7707149621212122,
    "adjusted_rand_score": 0.11662303499468468,
    "accuracy": 0.1162109375,
    "f1_score": 0.016654086050676115,
    "precision": 0.08,
    "recall": 0.009296875,
    "sigui": 0.32880127919348345,
    "sse": 2134.6903417328353,
    "sc": 0.08466798320381339,
    "ch": 75.47404095042116,
    "db": 1.9191806788319479,
    "bic": -12380.947889228039,
    "xb": 1336.8539919373263
}