{
    "dataset": "blobs-P10-K4-N64-dt0.80-S7",
    "algorithm": "kmeans",
    "k": 4,
    "n": 64,
    "d": 10,
    "k_true": 4,
    "rand_score": 0.6116071428571429,
    "adjusted_rand_score": 0.018738437667840304,
    "accuracy": 0.375,
    "f1_score": 0.34102944407822455,
    "precision": 0.35083333333333333,
    "recall": 0.375,
    "sigui": 0.5352174683195371,
    "sse": 493.00140223214805,
    "sc": 0.07649218159618962,
    "ch": 5.963414996480363,
    "db": 2.3632122200717713,
    "bic": -996.0321157411001,
    "xb": 127.68561632515161
}