{
    "dataset": "blobs-P2-K16-N64-dt0.50-S4",
    "algorithm": "kmeans",
    "k": 8,
    "n": 64,
    "d": 2,
    "k_true": 16,
    "rand_score": 0.9285714285714286,
    "adjusted_rand_score": 0.5401459854014599,
    "accuracy": 0.5,
    "f1_score": 0.34375,
    "precision": 0.2708333333333333,
    "recall": 0.5,
    "sigui": 0.1518064552854336,
    "sse": 5.647379146541071,
    "sc": 0.5886744934258401,
    "ch": 173.32304798893895,
    "db": 0.5873292304168003,
    "bic": -163.33432803892936,
    "xb": 14.17265756423968
}