{
    "dataset": "blobs-P2-K8-N64-dt0.90-S8",
    "algorithm": "kmeans",
    "k": 32,
    "n": 64,
    "d": 2,
    "k_true": 8,
    "rand_score": 0.8839285714285714,
    "adjusted_rand_score": 0.10459183673469388,
    "accuracy": 0.265625,
    "f1_score": 0.09753787878787878,
    "precision": 0.19270833333333331,
    "recall": 0.06640625,
    "sigui": 0.05213957432872278,
    "sse": 0.8094219003482436,
    "sc": 0.3724235997719598,
    "ch": 162.20650802424134,
    "db": 0.4286695341915836,
    "bic": -283.71909135468945,
    "xb": 50.111912035162206
}