{
    "dataset": "blobs-P10-K4-N1024-dt0.80-S7",
    "algorithm": "kmeans",
    "k": 2,
    "n": 1024,
    "d": 10,
    "k_true": 4,
    "rand_score": 0.5973775048875856,
    "adjusted_rand_score": 0.19497698112511366,
    "accuracy": 0.4150390625,
    "f1_score": 0.27659206275957543,
    "precision": 0.20751192004401248,
    "recall": 0.4150390625,
    "sigui": 0.5628606951762405,
    "sse": 9179.424422170574,
    "sc": 0.09791983240619945,
    "ch": 118.08019661055941,
    "db": 2.8632036189278556,
    "bic": -14755.381778127106,
    "xb": 1975.299980547786
}