{
    "dataset": "blobs-P10-K2-N128-dt0.40-S3",
    "algorithm": "kmeans",
    "k": 10,
    "n": 128,
    "d": 10,
    "k_true": 2,
    "rand_score": 0.5593011811023622,
    "adjusted_rand_score": 0.11316929387132871,
    "accuracy": 0.28125,
    "f1_score": 0.08625932300631096,
    "precision": 0.185,
    "recall": 0.05625,
    "sigui": 0.48509908611454106,
    "sse": 760.455527972688,
    "sc": 0.07444033185092078,
    "ch": 8.957532754181381,
    "db": 1.843978603423666,
    "bic": -2034.323314118979,
    "xb": 143.8781970327666
}