{
    "dataset": "blobs-P10-K8-N64-dt0.10-S0",
    "algorithm": "kmeans",
    "k": 25,
    "n": 64,
    "d": 10,
    "k_true": 8,
    "rand_score": 0.9280753968253969,
    "adjusted_rand_score": 0.49202024133904243,
    "accuracy": 0.546875,
    "f1_score": 0.222977022977023,
    "precision": 0.32,
    "recall": 0.175,
    "sigui": 0.162114559730194,
    "sse": 31.438816843193123,
    "sc": 0.17850743328792487,
    "ch": 31.455125285477223,
    "db": 0.8737990332804622,
    "bic": -744.361727089756,
    "xb": 46.892002071203166
}