{
    "dataset": "blobs-P5-K4-N128-dt0.40-S3",
    "algorithm": "kmeans",
    "k": 10,
    "n": 128,
    "d": 5,
    "k_true": 4,
    "rand_score": 0.7979822834645669,
    "adjusted_rand_score": 0.32776072828553743,
    "accuracy": 0.4765625,
    "f1_score": 0.24395959595959593,
    "precision": 0.3473429951690822,
    "recall": 0.190625,
    "sigui": 0.3798293705350679,
    "sse": 208.31657195307892,
    "sc": 0.17707954051908453,
    "ch": 27.169462980714474,
    "db": 1.4484722765045963,
    "bic": -979.2280304336448,
    "xb": 105.1335404244801
}