{
    "dataset": "blobs-P5-K2-N128-dt0.40-S3",
    "algorithm": "kmeans",
    "k": 8,
    "n": 128,
    "d": 5,
    "k_true": 2,
    "rand_score": 0.5792322834645669,
    "adjusted_rand_score": 0.15345544697256147,
    "accuracy": 0.3046875,
    "f1_score": 0.11675272518646013,
    "precision": 0.25,
    "recall": 0.076171875,
    "sigui": 0.42650846780149765,
    "sse": 297.0064195872026,
    "sc": 0.13427832214913063,
    "ch": 19.79718134748029,
    "db": 1.7426234136275904,
    "bic": -1042.5650556228159,
    "xb": 175.95436356001895
}