{
    "dataset": "blobs-P10-K16-N128-dt0.40-S3",
    "algorithm": "kmeans",
    "k": 50,
    "n": 128,
    "d": 10,
    "k_true": 16,
    "rand_score": 0.9459891732283464,
    "adjusted_rand_score": 0.23918887569765696,
    "accuracy": 0.3828125,
    "f1_score": 0.16385547785547785,
    "precision": 0.261,
    "recall": 0.1225,
    "sigui": 0.2742853275596414,
    "sse": 230.5877874882126,
    "sc": 0.11575218132224757,
    "ch": 7.244498626355202,
    "db": 1.0166746715111685,
    "bic": -2603.315512715569,
    "xb": 103.18436658790361
}