{
    "dataset": "blobs-P10-K32-N64-dt0.20-S1",
    "algorithm": "kmeans",
    "k": 20,
    "n": 64,
    "d": 10,
    "k_true": 32,
    "rand_score": 0.9722222222222222,
    "adjusted_rand_score": 0.5058823529411764,
    "accuracy": 0.625,
    "f1_score": 0.5043154761904762,
    "precision": 0.44479166666666664,
    "recall": 0.625,
    "sigui": 0.32749148910605536,
    "sse": 139.2102027499686,
    "sc": 0.26766806499549456,
    "ch": 8.330738107486408,
    "db": 1.0410096162804126,
    "bic": -1084.9217642339809,
    "xb": 28.671459797874768
}