{
    "dataset": "blobs-P5-K2-N64-dt0.80-S7",
    "algorithm": "kmeans",
    "k": 3,
    "n": 64,
    "d": 5,
    "k_true": 2,
    "rand_score": 0.5133928571428571,
    "adjusted_rand_score": 0.028392208649719378,
    "accuracy": 0.578125,
    "f1_score": 0.3778860028860029,
    "precision": 0.4217592592592592,
    "recall": 0.3854166666666667,
    "sigui": 0.5076003281079103,
    "sse": 251.79103972229584,
    "sc": 0.14955259848395425,
    "ch": 8.262300718740647,
    "db": 1.751837972113796,
    "bic": -500.5277687644681,
    "xb": 71.93559044458455
}