{
    "dataset": "blobs-P2-K4-N128-dt0.60-S5",
    "algorithm": "kmeans",
    "k": 4,
    "n": 128,
    "d": 2,
    "k_true": 4,
    "rand_score": 0.8252952755905512,
    "adjusted_rand_score": 0.5321652597554205,
    "accuracy": 0.7890625,
    "f1_score": 0.7949758960963706,
    "precision": 0.813033871091062,
    "recall": 0.7890625,
    "sigui": 0.3050990438655799,
    "sse": 53.773517879661036,
    "sc": 0.43358243559458154,
    "ch": 155.44258445231623,
    "db": 0.7511897696796889,
    "bic": -367.9887438993817,
    "xb": 26.710337883364698
}