{
    "dataset": "blobs-P2-K32-N64-dt0.90-S8",
    "algorithm": "kmeans",
    "k": 50,
    "n": 64,
    "d": 2,
    "k_true": 32,
    "rand_score": 0.9875992063492064,
    "adjusted_rand_score": 0.4626407369498465,
    "accuracy": 0.671875,
    "f1_score": 0.4893333333333333,
    "precision": 0.6133333333333333,
    "recall": 0.43,
    "sigui": 0.013967624279080718,
    "sse": 0.08030386988970858,
    "sc": 0.2343239123902867,
    "ch": 455.1273140235905,
    "db": 0.1961607906758732,
    "bic": -315.1124251438054,
    "xb": 113.37428884828537
}