{
    "dataset": "blobs-P5-K16-N128-dt0.30-S2",
    "algorithm": "kmeans",
    "k": 50,
    "n": 128,
    "d": 5,
    "k_true": 16,
    "rand_score": 0.9657972440944882,
    "adjusted_rand_score": 0.5360943946600794,
    "accuracy": 0.546875,
    "f1_score": 0.22026640026640026,
    "precision": 0.32,
    "recall": 0.175,
    "sigui": 0.10389691225710194,
    "sse": 13.40400505963416,
    "sc": 0.21849040590435345,
    "ch": 74.41346956529402,
    "db": 0.7596768734824871,
    "bic": -908.1538474352624,
    "xb": 108.9182068882363
}