{
    "dataset": "blobs-P5-K8-N128-dt0.50-S4",
    "algorithm": "kmeans",
    "k": 3,
    "n": 128,
    "d": 5,
    "k_true": 8,
    "rand_score": 0.688361220472441,
    "adjusted_rand_score": 0.20582477293655554,
    "accuracy": 0.3671875,
    "f1_score": 0.20858070500927645,
    "precision": 0.14854000467549167,
    "recall": 0.3671875,
    "sigui": 0.48795578783666793,
    "sse": 412.47322588740093,
    "sc": 0.21138694596624077,
    "ch": 34.47599138451574,
    "db": 1.4742867299443525,
    "bic": -946.3187813655518,
    "xb": 79.29218926169777
}