{
    "dataset": "blobs-P2-K2-N128-dt0.90-S8",
    "algorithm": "kmeans",
    "k": 25,
    "n": 128,
    "d": 2,
    "k_true": 2,
    "rand_score": 0.514886811023622,
    "adjusted_rand_score": 0.02279286786186117,
    "accuracy": 0.125,
    "f1_score": 0.017640791476407913,
    "precision": 0.075,
    "recall": 0.01,
    "sigui": 0.1390688365918702,
    "sse": 9.268978807040368,
    "sc": 0.38658791254713953,
    "ch": 114.2399094150654,
    "db": 0.6236907827616701,
    "bic": -510.20173556625036,
    "xb": 57.08047867013931
}