{
    "dataset": "blobs-P10-K2-N64-dt0.80-S7",
    "algorithm": "kmeans",
    "k": 3,
    "n": 64,
    "d": 10,
    "k_true": 2,
    "rand_score": 0.49255952380952384,
    "adjusted_rand_score": -0.019391677079543836,
    "accuracy": 0.40625,
    "f1_score": 0.3000311235605353,
    "precision": 0.3474816072439162,
    "recall": 0.2708333333333333,
    "sigui": 0.5426234016203558,
    "sse": 515.8836374475866,
    "sc": 0.07120616944485164,
    "ch": 7.337990164949197,
    "db": 2.308107211512257,
    "bic": -974.9411306030722,
    "xb": 94.82863206381961
}