{
    "dataset": "blobs-P2-K16-N64-dt0.70-S6",
    "algorithm": "kmeans",
    "k": 32,
    "n": 64,
    "d": 2,
    "k_true": 16,
    "rand_score": 0.9613095238095238,
    "adjusted_rand_score": 0.4405737704918033,
    "accuracy": 0.59375,
    "f1_score": 0.34970238095238093,
    "precision": 0.44791666666666663,
    "recall": 0.296875,
    "sigui": 0.04741648043971664,
    "sse": 0.5932004874353253,
    "sc": 0.3527703476100944,
    "ch": 221.70699292517577,
    "db": 0.41284792791954106,
    "bic": -263.8286684672027,
    "xb": 62.70048637398566
}