{
    "dataset": "blobs-P2-K16-N64-dt0.10-S0",
    "algorithm": "kmeans",
    "k": 32,
    "n": 64,
    "d": 2,
    "k_true": 16,
    "rand_score": 0.9747023809523809,
    "adjusted_rand_score": 0.6269592476489029,
    "accuracy": 0.6875,
    "f1_score": 0.4032738095238095,
    "precision": 0.5,
    "recall": 0.34375,
    "sigui": 0.007177918594314789,
    "sse": 0.014817112315461227,
    "sc": 0.38988741009880135,
    "ch": 8916.294508784087,
    "db": 0.4023027601622324,
    "bic": -28.704083065902836,
    "xb": 127.45995736661413
}