{
    "dataset": "blobs-P2-K4-N1024-dt0.10-S0",
    "algorithm": "kmeans",
    "k": 50,
    "n": 1024,
    "d": 2,
    "k_true": 4,
    "rand_score": 0.7730613850195504,
    "adjusted_rand_score": 0.1287131639274084,
    "accuracy": 0.130859375,
    "f1_score": 0.018454749785115455,
    "precision": 0.08,
    "recall": 0.01046875,
    "sigui": 0.038552323241612674,
    "sse": 5.907038176000737,
    "sc": 0.32763371455176116,
    "ch": 6871.769883253909,
    "db": 0.8581021551773337,
    "bic": -1359.9910058494017,
    "xb": 312.12011896466413
}