{
    "dataset": "blobs-P10-K32-N64-dt0.50-S4",
    "algorithm": "kmeans",
    "k": 10,
    "n": 64,
    "d": 10,
    "k_true": 32,
    "rand_score": 0.90625,
    "adjusted_rand_score": 0.13648560446732902,
    "accuracy": 0.296875,
    "f1_score": 0.14549062049062048,
    "precision": 0.09868551587301587,
    "recall": 0.296875,
    "sigui": 0.45531032379829367,
    "sse": 323.54762076623956,
    "sc": 0.11165541655537425,
    "ch": 5.868422926139728,
    "db": 1.627322269945617,
    "bic": -1067.120147369742,
    "xb": 56.99902045498412
}