{
    "dataset": "blobs-P5-K16-N64-dt1.00-S9",
    "algorithm": "kmeans",
    "k": 16,
    "n": 64,
    "d": 5,
    "k_true": 16,
    "rand_score": 0.9191468253968254,
    "adjusted_rand_score": 0.25278323510150624,
    "accuracy": 0.46875,
    "f1_score": 0.4373151154401154,
    "precision": 0.48407738095238095,
    "recall": 0.46875,
    "sigui": 0.316899512817701,
    "sse": 70.53913191689993,
    "sc": 0.17397899318508125,
    "ch": 11.316764980980262,
    "db": 1.00688251622197,
    "bic": -584.9514783622612,
    "xb": 32.48460647778127
}