{
    "dataset": "blobs-P2-K32-N128-dt0.50-S4",
    "algorithm": "kmeans",
    "k": 20,
    "n": 128,
    "d": 2,
    "k_true": 32,
    "rand_score": 0.968011811023622,
    "adjusted_rand_score": 0.5706000156050872,
    "accuracy": 0.625,
    "f1_score": 0.5159722222222223,
    "precision": 0.46856060606060607,
    "recall": 0.625,
    "sigui": 0.07499690671733035,
    "sse": 3.291509482573115,
    "sc": 0.6136923333321407,
    "ch": 436.4101848996037,
    "db": 0.4154444068812989,
    "bic": -323.84599392945523,
    "xb": 45.8647185259646
}