{
    "dataset": "blobs-P5-K16-N1024-dt0.50-S4",
    "algorithm": "kmeans",
    "k": 20,
    "n": 1024,
    "d": 5,
    "k_true": 16,
    "rand_score": 0.9647692906891495,
    "adjusted_rand_score": 0.6726437466883812,
    "accuracy": 0.759765625,
    "f1_score": 0.644546455860165,
    "precision": 0.6991397759035116,
    "recall": 0.6078125,
    "sigui": 0.29061912080208874,
    "sse": 893.2935493277081,
    "sc": 0.21810231555888424,
    "ch": 250.0276279292347,
    "db": 1.5042924732153753,
    "bic": -6242.812252596502,
    "xb": 1157.1730145804088
}