{
    "dataset": "blobs-P10-K4-N1024-dt0.20-S1",
    "algorithm": "kmeans",
    "k": 20,
    "n": 1024,
    "d": 10,
    "k_true": 4,
    "rand_score": 0.8003879521016618,
    "adjusted_rand_score": 0.27381951016662365,
    "accuracy": 0.240234375,
    "f1_score": 0.0770983934371871,
    "precision": 0.1980769230769231,
    "recall": 0.048046875,
    "sigui": 0.3665548652483965,
    "sse": 2735.794609255725,
    "sc": 0.08816223883521322,
    "ch": 144.9443645486034,
    "db": 2.1999263911454534,
    "bic": -11583.390650411577,
    "xb": 1549.8203922231933
}