{
    "dataset": "blobs-P2-K4-N128-dt0.90-S8",
    "algorithm": "kmeans",
    "k": 16,
    "n": 128,
    "d": 2,
    "k_true": 4,
    "rand_score": 0.7485236220472441,
    "adjusted_rand_score": 0.10424502584558899,
    "accuracy": 0.2578125,
    "f1_score": 0.09170556177476046,
    "precision": 0.1633421266233766,
    "recall": 0.064453125,
    "sigui": 0.16924711713877025,
    "sse": 14.29230785906345,
    "sc": 0.37894741177195823,
    "ch": 126.27427185184638,
    "db": 0.7303989961499104,
    "bic": -449.28893909066085,
    "xb": 56.15113850740231
}