{
    "dataset": "blobs-P2-K8-N1024-dt0.40-S3",
    "algorithm": "kmeans",
    "k": 3,
    "n": 1024,
    "d": 2,
    "k_true": 8,
    "rand_score": 0.7616691104594331,
    "adjusted_rand_score": 0.37272211619832607,
    "accuracy": 0.375,
    "f1_score": 0.20721872223281712,
    "precision": 0.14424094424094425,
    "recall": 0.375,
    "sigui": 0.3365006045952341,
    "sse": 540.9137905242949,
    "sc": 0.5284758907078975,
    "ch": 1422.3753171748017,
    "db": 0.73397418386124,
    "bic": -2686.7624163660626,
    "xb": 137.57196255550903
}