{
    "dataset": "blobs-P10-K2-N128-dt0.40-S3",
    "algorithm": "kmeans",
    "k": 3,
    "n": 128,
    "d": 10,
    "k_true": 2,
    "rand_score": 0.6599409448818898,
    "adjusted_rand_score": 0.3181698107343755,
    "accuracy": 0.609375,
    "f1_score": 0.4665815240527884,
    "precision": 0.5501165501165501,
    "recall": 0.40625,
    "sigui": 0.5396538891879783,
    "sse": 1017.6704241941466,
    "sc": 0.10020831817414745,
    "ch": 16.110911841472532,
    "db": 2.423786381408514,
    "bic": -1887.8855717688607,
    "xb": 197.42438422074022
}