{
    "dataset": "blobs-P5-K8-N128-dt1.00-S9",
    "algorithm": "kmeans",
    "k": 10,
    "n": 128,
    "d": 5,
    "k_true": 8,
    "rand_score": 0.8267716535433071,
    "adjusted_rand_score": 0.13812815099723338,
    "accuracy": 0.3671875,
    "f1_score": 0.32393453402581185,
    "precision": 0.3997986954565902,
    "recall": 0.29375,
    "sigui": 0.39926148965483504,
    "sse": 249.57434304950525,
    "sc": 0.1857400728743416,
    "ch": 20.51057855691162,
    "db": 1.3425301477532716,
    "bic": -1037.6841570172585,
    "xb": 79.28223588248568
}