{
    "dataset": "blobs-P2-K16-N128-dt1.00-S9",
    "algorithm": "kmeans",
    "k": 10,
    "n": 128,
    "d": 2,
    "k_true": 16,
    "rand_score": 0.9256889763779528,
    "adjusted_rand_score": 0.49170377438507207,
    "accuracy": 0.5546875,
    "f1_score": 0.4370561727030551,
    "precision": 0.3751755189255189,
    "recall": 0.5546875,
    "sigui": 0.16766156302980803,
    "sse": 13.236598003790634,
    "sc": 0.48284367450340415,
    "ch": 240.46193261834574,
    "db": 0.7641804382002169,
    "bic": -346.1132466136287,
    "xb": 44.3327753871343
}