{
    "dataset": "blobs-P10-K32-N128-dt0.70-S6",
    "algorithm": "kmeans",
    "k": 10,
    "n": 128,
    "d": 10,
    "k_true": 32,
    "rand_score": 0.8788139763779528,
    "adjusted_rand_score": 0.03245392177336396,
    "accuracy": 0.1640625,
    "f1_score": 0.0801593508830351,
    "precision": 0.05500090187590188,
    "recall": 0.1640625,
    "sigui": 0.48911312615640723,
    "sse": 768.2089358833769,
    "sc": 0.0876703572426994,
    "ch": 8.734797519102951,
    "db": 1.9457071999300357,
    "bic": -2044.2518952474486,
    "xb": 197.99756155996184
}