{
    "dataset": "blobs-P10-K32-N128-dt0.80-S7",
    "algorithm": "kmeans",
    "k": 3,
    "n": 128,
    "d": 10,
    "k_true": 32,
    "rand_score": 0.6590797244094488,
    "adjusted_rand_score": 0.025503493230913225,
    "accuracy": 0.09375,
    "f1_score": 0.016599925498230583,
    "precision": 0.00913362952836637,
    "recall": 0.09375,
    "sigui": 0.5471988322766165,
    "sse": 1051.2953938110204,
    "sc": 0.09045668828118517,
    "ch": 13.596595182438993,
    "db": 2.548724084343179,
    "bic": -1908.4938331752865,
    "xb": 217.00589780184788
}