{
    "dataset": "blobs-P10-K32-N64-dt0.70-S6",
    "algorithm": "kmeans",
    "k": 32,
    "n": 64,
    "d": 10,
    "k_true": 32,
    "rand_score": 0.9573412698412699,
    "adjusted_rand_score": 0.045454545454545456,
    "accuracy": 0.484375,
    "f1_score": 0.49389880952380955,
    "precision": 0.6088541666666666,
    "recall": 0.484375,
    "sigui": 0.25811440808848657,
    "sse": 143.36774807274784,
    "sc": 0.049226277041312175,
    "ch": 3.5757878186841654,
    "db": 0.9111126761325687,
    "bic": -1432.7274464255975,
    "xb": 30.74962501251763
}