{
    "dataset": "blobs-P5-K2-N1024-dt0.80-S7",
    "algorithm": "kmeans",
    "k": 2,
    "n": 1024,
    "d": 5,
    "k_true": 2,
    "rand_score": 0.5953079178885631,
    "adjusted_rand_score": 0.19061680252434174,
    "accuracy": 0.71875,
    "f1_score": 0.7185954198473282,
    "precision": 0.7192317103009542,
    "recall": 0.71875,
    "sigui": 0.5286885656620841,
    "sse": 4260.102530926108,
    "sc": 0.16063942172727097,
    "ch": 206.29395703561792,
    "db": 2.1066659435365453,
    "bic": -7544.531611000545,
    "xb": 1102.9018512018656
}