{
    "dataset": "blobs-P5-K2-N64-dt0.60-S5",
    "algorithm": "kmeans",
    "k": 25,
    "n": 64,
    "d": 5,
    "k_true": 2,
    "rand_score": 0.5233134920634921,
    "adjusted_rand_score": 0.032503955127283185,
    "accuracy": 0.171875,
    "f1_score": 0.02311850311850312,
    "precision": 0.07428571428571429,
    "recall": 0.01375,
    "sigui": 0.22994547773008134,
    "sse": 40.80166740584873,
    "sc": 0.18940852026482863,
    "ch": 11.119577196505954,
    "db": 0.8279004657362719,
    "bic": -647.8727905092652,
    "xb": 30.197640242421638
}