{
    "dataset": "blobs-P10-K8-N1024-dt0.80-S7",
    "algorithm": "kmeans",
    "k": 10,
    "n": 1024,
    "d": 10,
    "k_true": 8,
    "rand_score": 0.8169217375366569,
    "adjusted_rand_score": 0.08409354560343686,
    "accuracy": 0.2880859375,
    "f1_score": 0.2547500673233762,
    "precision": 0.2885953953607154,
    "recall": 0.23046875,
    "sigui": 0.5149301799328987,
    "sse": 7052.596277319479,
    "sc": 0.0705142087330175,
    "ch": 50.91942578794952,
    "db": 2.3292400725130653,
    "bic": -15351.449575402738,
    "xb": 1491.539642009756
}