{
    "dataset": "blobs-P2-K2-N128-dt0.10-S0",
    "algorithm": "kmeans",
    "k": 20,
    "n": 128,
    "d": 2,
    "k_true": 2,
    "rand_score": 0.5665600393700787,
    "adjusted_rand_score": 0.12710774855484,
    "accuracy": 0.203125,
    "f1_score": 0.033738191632928474,
    "precision": 0.1,
    "recall": 0.0203125,
    "sigui": 0.09558492411146557,
    "sse": 5.468149921784468,
    "sc": 0.3815839414960336,
    "ch": 260.43100495811404,
    "db": 0.6285741141619443,
    "bic": -372.5480074226043,
    "xb": 77.65486892857658
}