{
    "dataset": "blobs-P5-K32-N128-dt0.80-S7",
    "algorithm": "kmeans",
    "k": 8,
    "n": 128,
    "d": 5,
    "k_true": 32,
    "rand_score": 0.859498031496063,
    "adjusted_rand_score": 0.09709269750357966,
    "accuracy": 0.21875,
    "f1_score": 0.09579775623699771,
    "precision": 0.06602172171125975,
    "recall": 0.21875,
    "sigui": 0.4331749700143952,
    "sse": 284.57691279271,
    "sc": 0.1707382029037141,
    "ch": 21.410616727387268,
    "db": 1.4067618087486051,
    "bic": -1020.7918340050643,
    "xb": 107.95961597744612
}