{
    "dataset": "blobs-P10-K32-N1024-dt0.50-S4",
    "algorithm": "kmeans",
    "k": 32,
    "n": 1024,
    "d": 10,
    "k_true": 32,
    "rand_score": 0.9671271688660802,
    "adjusted_rand_score": 0.461455053485414,
    "accuracy": 0.5927734375,
    "f1_score": 0.5747305595395482,
    "precision": 0.5688879264641272,
    "recall": 0.5927734375,
    "sigui": 0.4252076067793277,
    "sse": 4168.902964727277,
    "sc": 0.11378529316534325,
    "ch": 46.601013929197165,
    "db": 1.9745200586492764,
    "bic": -14657.516106400579,
    "xb": 1786.257429183908
}