{
    "dataset": "blobs-P10-K32-N64-dt0.50-S4",
    "algorithm": "kmeans",
    "k": 50,
    "n": 64,
    "d": 10,
    "k_true": 32,
    "rand_score": 0.9786706349206349,
    "adjusted_rand_score": 0.11267605633802817,
    "accuracy": 0.546875,
    "f1_score": 0.4139999999999999,
    "precision": 0.55,
    "recall": 0.35,
    "sigui": 0.09493881004664631,
    "sse": 25.764266991423796,
    "sc": 0.09694906472644901,
    "ch": 6.81160165647848,
    "db": 0.4918640534540233,
    "bic": -1505.3549158985932,
    "xb": 10.440226254554355
}