{
    "dataset": "blobs-P5-K2-N128-dt0.20-S1",
    "algorithm": "kmeans",
    "k": 3,
    "n": 128,
    "d": 5,
    "k_true": 2,
    "rand_score": 0.8069635826771654,
    "adjusted_rand_score": 0.6130492448884082,
    "accuracy": 0.765625,
    "f1_score": 0.5671360065299459,
    "precision": 0.6439393939393939,
    "recall": 0.5104166666666666,
    "sigui": 0.5064463778292914,
    "sse": 459.54025421826174,
    "sc": 0.1684009982749775,
    "ch": 24.543517151822172,
    "db": 1.7261914920062116,
    "bic": -980.9949115035599,
    "xb": 102.04204055627667
}