{
    "dataset": "blobs-P5-K32-N128-dt0.50-S4",
    "algorithm": "kmeans",
    "k": 4,
    "n": 128,
    "d": 5,
    "k_true": 32,
    "rand_score": 0.7466781496062992,
    "adjusted_rand_score": 0.09141038425856755,
    "accuracy": 0.125,
    "f1_score": 0.030059643143544507,
    "precision": 0.0172960372960373,
    "recall": 0.125,
    "sigui": 0.4763508963478951,
    "sse": 386.6139214982919,
    "sc": 0.20099031582703886,
    "ch": 27.089793363231337,
    "db": 1.6767853766164076,
    "bic": -976.50138042998,
    "xb": 116.63716693628115
}