{
    "dataset": "blobs-P2-K16-N64-dt0.50-S4",
    "algorithm": "kmeans",
    "k": 50,
    "n": 64,
    "d": 2,
    "k_true": 16,
    "rand_score": 0.9588293650793651,
    "adjusted_rand_score": 0.25480974775545107,
    "accuracy": 0.4375,
    "f1_score": 0.18704761904761902,
    "precision": 0.3133333333333333,
    "recall": 0.14,
    "sigui": 0.006586504433184004,
    "sse": 0.026692902610905376,
    "sc": 0.24076662662169604,
    "ch": 1369.7949061893078,
    "db": 0.13983094011255054,
    "bic": -243.57504230037938,
    "xb": 145.44456120699076
}