{
    "dataset": "blobs-P2-K16-N64-dt0.50-S4",
    "algorithm": "kmeans",
    "k": 25,
    "n": 64,
    "d": 2,
    "k_true": 16,
    "rand_score": 0.9796626984126984,
    "adjusted_rand_score": 0.7469879518072289,
    "accuracy": 0.8125,
    "f1_score": 0.5577142857142857,
    "precision": 0.6266666666666666,
    "recall": 0.52,
    "sigui": 0.03812758083827963,
    "sse": 0.3746429654796252,
    "sc": 0.49363676881706664,
    "ch": 553.570263665806,
    "db": 0.3781043623687678,
    "bic": -167.74554507032997,
    "xb": 62.90747523766129
}