{
    "dataset": "blobs-P10-K2-N1024-dt0.60-S5",
    "algorithm": "kmeans",
    "k": 3,
    "n": 1024,
    "d": 10,
    "k_true": 2,
    "rand_score": 0.5988075054985337,
    "adjusted_rand_score": 0.19735615965951023,
    "accuracy": 0.544921875,
    "f1_score": 0.4274670789098635,
    "precision": 0.5208231949729688,
    "recall": 0.36328125,
    "sigui": 0.5522425104554033,
    "sse": 8752.738967477795,
    "sc": 0.07473843045190823,
    "ch": 86.7439049563445,
    "db": 2.86994776124668,
    "bic": -14962.223139857146,
    "xb": 2213.6467192687323
}