{
    "dataset": "blobs-P10-K2-N128-dt0.10-S0",
    "algorithm": "kmeans",
    "k": 10,
    "n": 128,
    "d": 10,
    "k_true": 2,
    "rand_score": 0.6165108267716536,
    "adjusted_rand_score": 0.228313439731451,
    "accuracy": 0.3203125,
    "f1_score": 0.09703081232492997,
    "precision": 0.2,
    "recall": 0.0640625,
    "sigui": 0.4421889943134219,
    "sse": 616.4808969250137,
    "sc": 0.09265903794377991,
    "ch": 14.111504067934007,
    "db": 1.9186024440289728,
    "bic": -1898.42720663806,
    "xb": 190.24623946003078
}