{
    "dataset": "blobs-P2-K8-N1024-dt0.50-S4",
    "algorithm": "kmeans",
    "k": 32,
    "n": 1024,
    "d": 2,
    "k_true": 8,
    "rand_score": 0.8974237078445748,
    "adjusted_rand_score": 0.32718882055686005,
    "accuracy": 0.357421875,
    "f1_score": 0.12677660212873576,
    "precision": 0.22529153963414633,
    "recall": 0.08935546875,
    "sigui": 0.09168986232747983,
    "sse": 37.055294255043506,
    "sc": 0.3467733723883433,
    "ch": 1736.6001775867733,
    "db": 0.8569257490830515,
    "bic": -2563.0978343914676,
    "xb": 273.1459624225086
}