{
    "dataset": "blobs-P5-K4-N64-dt0.20-S1",
    "algorithm": "kmeans",
    "k": 32,
    "n": 64,
    "d": 5,
    "k_true": 4,
    "rand_score": 0.7886904761904762,
    "adjusted_rand_score": 0.1670391061452514,
    "accuracy": 0.28125,
    "f1_score": 0.05476190476190476,
    "precision": 0.125,
    "recall": 0.03515625,
    "sigui": 0.09271347986644321,
    "sse": 6.823743999562856,
    "sc": 0.13882223381326064,
    "ch": 47.375563311303736,
    "db": 0.6575273535366728,
    "bic": -477.71552687766814,
    "xb": 65.72827327200413
}