{
    "dataset": "blobs-P2-K4-N64-dt0.70-S6",
    "algorithm": "kmeans",
    "k": 16,
    "n": 64,
    "d": 2,
    "k_true": 4,
    "rand_score": 0.7604166666666666,
    "adjusted_rand_score": 0.12628133344818676,
    "accuracy": 0.28125,
    "f1_score": 0.10013257575757575,
    "precision": 0.18489583333333331,
    "recall": 0.0703125,
    "sigui": 0.13323024113359475,
    "sse": 4.81641209133226,
    "sc": 0.4245722819686489,
    "ch": 81.84255703890595,
    "db": 0.575909647717567,
    "bic": -240.6148397783521,
    "xb": 51.34156138218611
}