{
    "dataset": "blobs-P10-K2-N128-dt0.60-S5",
    "algorithm": "kmeans",
    "k": 16,
    "n": 128,
    "d": 10,
    "k_true": 2,
    "rand_score": 0.5243602362204725,
    "adjusted_rand_score": 0.042120911793855305,
    "accuracy": 0.171875,
    "f1_score": 0.036036036036036036,
    "precision": 0.1142857142857143,
    "recall": 0.021484375,
    "sigui": 0.4628175920444292,
    "sse": 670.2617640350388,
    "sc": 0.06749294356710582,
    "ch": 6.79243902332121,
    "db": 1.7589310139688759,
    "bic": -2181.9425122645903,
    "xb": 144.61891591504968
}