{
    "dataset": "blobs-P10-K2-N128-dt0.10-S0",
    "algorithm": "kmeans",
    "k": 20,
    "n": 128,
    "d": 10,
    "k_true": 2,
    "rand_score": 0.5605314960629921,
    "adjusted_rand_score": 0.1148824250181455,
    "accuracy": 0.171875,
    "f1_score": 0.02930298719772404,
    "precision": 0.1,
    "recall": 0.0171875,
    "sigui": 0.38819945696595815,
    "sse": 436.67164092281035,
    "sc": 0.10291949245574283,
    "ch": 10.977712969124433,
    "db": 1.4231232349118794,
    "bic": -2032.7245162176648,
    "xb": 144.49254146443786
}