{
    "dataset": "blobs-P2-K16-N128-dt0.40-S3",
    "algorithm": "kmeans",
    "k": 32,
    "n": 128,
    "d": 2,
    "k_true": 16,
    "rand_score": 0.9730561023622047,
    "adjusted_rand_score": 0.6854551417617588,
    "accuracy": 0.6953125,
    "f1_score": 0.39529441147088207,
    "precision": 0.4895833333333333,
    "recall": 0.34765625,
    "sigui": 0.036614753576657555,
    "sse": 0.7562209015178059,
    "sc": 0.4538387371712105,
    "ch": 1045.2400172879034,
    "db": 0.6079270623287412,
    "bic": -277.57313626462536,
    "xb": 108.91992720263845
}