{
    "dataset": "blobs-P2-K32-N128-dt1.00-S9",
    "algorithm": "kmeans",
    "k": 50,
    "n": 128,
    "d": 2,
    "k_true": 32,
    "rand_score": 0.9803149606299213,
    "adjusted_rand_score": 0.5082760623366567,
    "accuracy": 0.6484375,
    "f1_score": 0.4536349206349206,
    "precision": 0.5263333333333332,
    "recall": 0.415,
    "sigui": 0.039148202897840045,
    "sse": 0.9054789715683809,
    "sc": 0.45311297471892453,
    "ch": 448.4574928215563,
    "db": 0.44915349770347857,
    "bic": -503.07006789524166,
    "xb": 102.29261222649657
}