{
    "dataset": "blobs-P2-K16-N64-dt0.60-S5",
    "algorithm": "kmeans",
    "k": 2,
    "n": 64,
    "d": 2,
    "k_true": 16,
    "rand_score": 0.5481150793650794,
    "adjusted_rand_score": 0.09051580698835275,
    "accuracy": 0.125,
    "f1_score": 0.027972027972027972,
    "precision": 0.015763546798029555,
    "recall": 0.125,
    "sigui": 0.42630378487069276,
    "sse": 61.360305037803954,
    "sc": 0.44313841952751354,
    "ch": 67.33442875016095,
    "db": 0.882383346450584,
    "bic": -191.1553576278076,
    "xb": 13.943735999131375
}