{
    "dataset": "blobs-P2-K16-N128-dt0.90-S8",
    "algorithm": "kmeans",
    "k": 2,
    "n": 128,
    "d": 2,
    "k_true": 16,
    "rand_score": 0.5275590551181102,
    "adjusted_rand_score": 0.09929078014184398,
    "accuracy": 0.125,
    "f1_score": 0.02922077922077922,
    "precision": 0.016666666666666666,
    "recall": 0.125,
    "sigui": 0.40310977101019774,
    "sse": 133.29881900358558,
    "sc": 0.46396078779182837,
    "ch": 115.9826390144714,
    "db": 0.8681922151841043,
    "bic": -378.9694776094599,
    "xb": 29.931956438422286
}