{
    "dataset": "blobs-P10-K2-N128-dt0.40-S3",
    "algorithm": "kmeans",
    "k": 20,
    "n": 128,
    "d": 10,
    "k_true": 2,
    "rand_score": 0.531988188976378,
    "adjusted_rand_score": 0.05740909835873662,
    "accuracy": 0.171875,
    "f1_score": 0.029211884006404554,
    "precision": 0.1,
    "recall": 0.0171875,
    "sigui": 0.43286534286431977,
    "sse": 562.2652771200554,
    "sc": 0.09490314309562632,
    "ch": 7.255926042229023,
    "db": 1.5817319501780696,
    "bic": -2195.9281579862172,
    "xb": 129.2183364467845
}