{
    "dataset": "blobs-P2-K4-N64-dt0.60-S5",
    "algorithm": "kmeans",
    "k": 50,
    "n": 64,
    "d": 2,
    "k_true": 4,
    "rand_score": 0.7604166666666666,
    "adjusted_rand_score": 0.014189911556030712,
    "accuracy": 0.125,
    "f1_score": 0.017309941520467834,
    "precision": 0.06666666666666667,
    "recall": 0.01,
    "sigui": 0.01577287904739323,
    "sse": 0.1913091380650364,
    "sc": 0.1705469398861747,
    "ch": 190.87833015734807,
    "db": 0.1904502540507246,
    "bic": -368.5760937437656,
    "xb": 107.3123875139913
}