{
    "dataset": "blobs-P10-K8-N1024-dt0.60-S5",
    "algorithm": "kmeans",
    "k": 16,
    "n": 1024,
    "d": 10,
    "k_true": 8,
    "rand_score": 0.8670099431818182,
    "adjusted_rand_score": 0.22801573225197563,
    "accuracy": 0.380859375,
    "f1_score": 0.24020678071220358,
    "precision": 0.3271800737682011,
    "recall": 0.1904296875,
    "sigui": 0.4856505467482771,
    "sse": 5915.199892271867,
    "sc": 0.0802783610713898,
    "ch": 49.13216333044466,
    "db": 2.168960454232041,
    "bic": -15148.846042862577,
    "xb": 1478.1250828376917
}