{
    "dataset": "blobs-P2-K2-N64-dt0.90-S8",
    "algorithm": "kmeans",
    "k": 20,
    "n": 64,
    "d": 2,
    "k_true": 2,
    "rand_score": 0.5233134920634921,
    "adjusted_rand_score": 0.032967559538070824,
    "accuracy": 0.171875,
    "f1_score": 0.02794871794871795,
    "precision": 0.075,
    "recall": 0.0171875,
    "sigui": 0.11342005952349529,
    "sse": 4.368456875622183,
    "sc": 0.36511259218455594,
    "ch": 65.53907577306512,
    "db": 0.5510650487932081,
    "bic": -274.0145614800508,
    "xb": 35.41135827535624
}