{
    "dataset": "blobs-P5-K4-N64-dt0.20-S1",
    "algorithm": "kmeans",
    "k": 3,
    "n": 64,
    "d": 5,
    "k_true": 4,
    "rand_score": 0.873015873015873,
    "adjusted_rand_score": 0.704225352112676,
    "accuracy": 0.75,
    "f1_score": 0.6666666666666666,
    "precision": 0.625,
    "recall": 0.75,
    "sigui": 0.301598104311404,
    "sse": 65.5844267638839,
    "sc": 0.6058645417391495,
    "ch": 118.3158162171305,
    "db": 0.5637888672869513,
    "bic": -304.6166467922895,
    "xb": 7.995740505687867
}