{
    "dataset": "blobs-P2-K16-N128-dt0.90-S8",
    "algorithm": "kmeans",
    "k": 4,
    "n": 128,
    "d": 2,
    "k_true": 16,
    "rand_score": 0.7563976377952756,
    "adjusted_rand_score": 0.23463238248292487,
    "accuracy": 0.25,
    "f1_score": 0.12566137566137564,
    "precision": 0.10057544757033249,
    "recall": 0.25,
    "sigui": 0.2710243266051988,
    "sse": 41.07570813633725,
    "sc": 0.5674473788782324,
    "ch": 216.27228841789972,
    "db": 0.5139952323190684,
    "bic": -319.0703314766274,
    "xb": 14.089908627194259
}