{
    "dataset": "blobs-P5-K8-N64-dt0.30-S2",
    "algorithm": "kmeans",
    "k": 20,
    "n": 64,
    "d": 5,
    "k_true": 8,
    "rand_score": 0.939484126984127,
    "adjusted_rand_score": 0.5998542274052479,
    "accuracy": 0.625,
    "f1_score": 0.30291375291375294,
    "precision": 0.4,
    "recall": 0.25,
    "sigui": 0.1572475002051796,
    "sse": 15.097145372743329,
    "sc": 0.30407244408576833,
    "ch": 46.769823288371974,
    "db": 0.8365243970614348,
    "bic": -406.3215165546666,
    "xb": 59.14020494478055
}