{
    "dataset": "blobs-P5-K8-N64-dt0.60-S5",
    "algorithm": "kmeans",
    "k": 8,
    "n": 64,
    "d": 5,
    "k_true": 8,
    "rand_score": 0.876984126984127,
    "adjusted_rand_score": 0.4028892455858748,
    "accuracy": 0.65625,
    "f1_score": 0.6604891636141637,
    "precision": 0.6920673076923076,
    "recall": 0.65625,
    "sigui": 0.3721425634381097,
    "sse": 106.10974298901303,
    "sc": 0.23376818180950432,
    "ch": 16.125965513506817,
    "db": 1.159638526243401,
    "bic": -509.1097789081966,
    "xb": 37.565424817468134
}