{
    "dataset": "blobs-P5-K8-N128-dt0.80-S7",
    "algorithm": "kmeans",
    "k": 20,
    "n": 128,
    "d": 5,
    "k_true": 8,
    "rand_score": 0.8692175196850394,
    "adjusted_rand_score": 0.16755973485432404,
    "accuracy": 0.3359375,
    "f1_score": 0.17997176736307172,
    "precision": 0.29119047619047617,
    "recall": 0.134375,
    "sigui": 0.33138728294554065,
    "sse": 162.87314692963125,
    "sc": 0.1683012055817742,
    "ch": 16.651544663665558,
    "db": 1.2416661116829977,
    "bic": -1137.7479659563123,
    "xb": 83.99399242896342
}