{
    "dataset": "blobs-P5-K2-N64-dt0.60-S5",
    "algorithm": "kmeans",
    "k": 4,
    "n": 64,
    "d": 5,
    "k_true": 2,
    "rand_score": 0.5907738095238095,
    "adjusted_rand_score": 0.17514402247226674,
    "accuracy": 0.484375,
    "f1_score": 0.3031620553359684,
    "precision": 0.42080745341614906,
    "recall": 0.2421875,
    "sigui": 0.46129894541364325,
    "sse": 183.7005836913486,
    "sc": 0.17166857701312588,
    "ch": 14.83930138596184,
    "db": 1.4743974566694256,
    "bic": -502.15659376201563,
    "xb": 41.72967228431115
}