{
    "dataset": "blobs-P2-K2-N64-dt0.10-S0",
    "algorithm": "kmeans",
    "k": 3,
    "n": 64,
    "d": 2,
    "k_true": 2,
    "rand_score": 0.7733134920634921,
    "adjusted_rand_score": 0.5442370708078074,
    "accuracy": 0.703125,
    "f1_score": 0.5450847457627118,
    "precision": 0.6666666666666666,
    "recall": 0.46875,
    "sigui": 0.3266313314489249,
    "sse": 43.53362795725063,
    "sc": 0.45536442391484233,
    "ch": 59.177800431282,
    "db": 0.7844819852330431,
    "bic": -200.59780550844653,
    "xb": 13.580202793174083
}