{
    "dataset": "blobs-P5-K32-N64-dt0.50-S4",
    "algorithm": "kmeans",
    "k": 25,
    "n": 64,
    "d": 5,
    "k_true": 32,
    "rand_score": 0.9712301587301587,
    "adjusted_rand_score": 0.4297752808988764,
    "accuracy": 0.6875,
    "f1_score": 0.6214781746031746,
    "precision": 0.6120535714285713,
    "recall": 0.6875,
    "sigui": 0.19223388854644108,
    "sse": 24.125368811822014,
    "sc": 0.3209296297782436,
    "ch": 19.929074636371467,
    "db": 0.6807662453908432,
    "bic": -567.7747813271551,
    "xb": 37.726317989498526
}