{
    "dataset": "blobs-P5-K8-N1024-dt0.80-S7",
    "algorithm": "kmeans",
    "k": 50,
    "n": 1024,
    "d": 5,
    "k_true": 8,
    "rand_score": 0.8725638440860215,
    "adjusted_rand_score": 0.08824951372918574,
    "accuracy": 0.1484375,
    "f1_score": 0.039371381544051454,
    "precision": 0.12319514896867836,
    "recall": 0.02375,
    "sigui": 0.32715121827100047,
    "sse": 1089.9300620026156,
    "sc": 0.15180234685504776,
    "ch": 73.49822121721041,
    "db": 1.3544129477897522,
    "bic": -8309.722336327713,
    "xb": 853.7995918622494
}