{
    "dataset": "blobs-P5-K16-N128-dt1.00-S9",
    "algorithm": "kmeans",
    "k": 4,
    "n": 128,
    "d": 5,
    "k_true": 16,
    "rand_score": 0.7422490157480315,
    "adjusted_rand_score": 0.09735344906551409,
    "accuracy": 0.203125,
    "f1_score": 0.08409550917141051,
    "precision": 0.05368307270481183,
    "recall": 0.203125,
    "sigui": 0.4713025325432033,
    "sse": 378.48426196270293,
    "sc": 0.15689118485428744,
    "ch": 28.559489147988575,
    "db": 1.5659047116207216,
    "bic": -972.0575389745468,
    "xb": 98.28859248497241
}