{
    "dataset": "blobs-P2-K16-N128-dt0.90-S8",
    "algorithm": "kmeans",
    "k": 50,
    "n": 128,
    "d": 2,
    "k_true": 16,
    "rand_score": 0.9489419291338582,
    "adjusted_rand_score": 0.2829934564055124,
    "accuracy": 0.3984375,
    "f1_score": 0.168999000999001,
    "precision": 0.26266666666666666,
    "recall": 0.1275,
    "sigui": 0.04728746710011762,
    "sse": 1.0985787396734836,
    "sc": 0.32512908898636506,
    "ch": 369.35126398720047,
    "db": 0.5940824620400648,
    "bic": -525.3294506954885,
    "xb": 122.39994657054241
}