{
    "dataset": "blobs-P5-K4-N1024-dt0.80-S7",
    "algorithm": "kmeans",
    "k": 25,
    "n": 1024,
    "d": 5,
    "k_true": 4,
    "rand_score": 0.7429301838954057,
    "adjusted_rand_score": 0.048312971542575224,
    "accuracy": 0.12890625,
    "f1_score": 0.03428715576301186,
    "precision": 0.10368212197159565,
    "recall": 0.020625,
    "sigui": 0.3801923209270265,
    "sse": 1640.09039274548,
    "sc": 0.14728335594587058,
    "ch": 88.31905731701237,
    "db": 1.392996021159536,
    "bic": -8135.266471088959,
    "xb": 671.8514478362335
}