{
    "dataset": "blobs-P2-K8-N1024-dt0.40-S3",
    "algorithm": "kmeans",
    "k": 16,
    "n": 1024,
    "d": 2,
    "k_true": 8,
    "rand_score": 0.9069907746823069,
    "adjusted_rand_score": 0.46422628093127255,
    "accuracy": 0.5078125,
    "f1_score": 0.3277028183616647,
    "precision": 0.47392037353393174,
    "recall": 0.25390625,
    "sigui": 0.1264788627703632,
    "sse": 61.898095266670694,
    "sc": 0.35257546476187784,
    "ch": 2156.222213673593,
    "db": 0.8874078392154622,
    "bic": -2291.5938655438354,
    "xb": 287.3894798461404
}