{
    "dataset": "blobs-P5-K4-N64-dt0.70-S6",
    "algorithm": "kmeans",
    "k": 20,
    "n": 64,
    "d": 5,
    "k_true": 4,
    "rand_score": 0.7495039682539683,
    "adjusted_rand_score": 0.05791951674513636,
    "accuracy": 0.234375,
    "f1_score": 0.0705720823798627,
    "precision": 0.15714285714285714,
    "recall": 0.046875,
    "sigui": 0.2565189410002597,
    "sse": 59.20245125760007,
    "sc": 0.15307248648171695,
    "ch": 10.201473170636037,
    "db": 0.9298010153562124,
    "bic": -623.6488201981228,
    "xb": 40.537820256569084
}