{
    "dataset": "blobs-P5-K4-N64-dt0.70-S6",
    "algorithm": "kmeans",
    "k": 25,
    "n": 64,
    "d": 5,
    "k_true": 4,
    "rand_score": 0.7529761904761905,
    "adjusted_rand_score": 0.06457960644007156,
    "accuracy": 0.25,
    "f1_score": 0.05907050234281355,
    "precision": 0.12357142857142858,
    "recall": 0.04,
    "sigui": 0.21900037123135102,
    "sse": 42.51704442922197,
    "sc": 0.14117036670695798,
    "ch": 10.605389176407664,
    "db": 0.7372112677630447,
    "bic": -648.8025192734393,
    "xb": 36.6308934359129
}