{
    "dataset": "blobs-P10-K8-N128-dt0.70-S6",
    "algorithm": "kmeans",
    "k": 50,
    "n": 128,
    "d": 10,
    "k_true": 8,
    "rand_score": 0.8705708661417323,
    "adjusted_rand_score": 0.026536292496684787,
    "accuracy": 0.171875,
    "f1_score": 0.04371886237332461,
    "precision": 0.11104761904761905,
    "recall": 0.0275,
    "sigui": 0.31293881052396344,
    "sse": 310.2496249567752,
    "sc": 0.05493349339166362,
    "ch": 4.975620101690824,
    "db": 1.0635398500877158,
    "bic": -2789.384587528905,
    "xb": 112.52479682073516
}