{
    "dataset": "blobs-P10-K16-N128-dt0.60-S5",
    "algorithm": "kmeans",
    "k": 50,
    "n": 128,
    "d": 10,
    "k_true": 16,
    "rand_score": 0.9298720472440944,
    "adjusted_rand_score": 0.03739262253663466,
    "accuracy": 0.234375,
    "f1_score": 0.10161016761016761,
    "precision": 0.19376190476190472,
    "recall": 0.075,
    "sigui": 0.2998982479964981,
    "sse": 278.5046918544469,
    "sc": 0.09210458152314988,
    "ch": 5.7242016660991535,
    "db": 0.9994458040601839,
    "bic": -2719.749257497244,
    "xb": 70.51173954335638
}