{
    "dataset": "blobs-P2-K2-N128-dt0.20-S1",
    "algorithm": "kmeans",
    "k": 32,
    "n": 128,
    "d": 2,
    "k_true": 2,
    "rand_score": 0.5387549212598425,
    "adjusted_rand_score": 0.07072022047127297,
    "accuracy": 0.140625,
    "f1_score": 0.015328638497652581,
    "precision": 0.0625,
    "recall": 0.0087890625,
    "sigui": 0.09272223374255553,
    "sse": 5.574612174609961,
    "sc": 0.36606088350790916,
    "ch": 139.11476783248594,
    "db": 0.6594899609417748,
    "bic": -531.0121382989348,
    "xb": 67.30474192513545
}