{
    "dataset": "blobs-P5-K8-N128-dt0.20-S1",
    "algorithm": "kmeans",
    "k": 20,
    "n": 128,
    "d": 5,
    "k_true": 8,
    "rand_score": 0.9357775590551181,
    "adjusted_rand_score": 0.5967665413671034,
    "accuracy": 0.5859375,
    "f1_score": 0.2939557913351017,
    "precision": 0.4,
    "recall": 0.234375,
    "sigui": 0.15925322164084063,
    "sse": 28.082651296076214,
    "sc": 0.23784997473138847,
    "ch": 123.85821402924608,
    "db": 1.1618446263094429,
    "bic": -571.059811252678,
    "xb": 123.17107533320822
}