{
    "dataset": "blobs-P5-K8-N1024-dt1.00-S9",
    "algorithm": "kmeans",
    "k": 8,
    "n": 1024,
    "d": 5,
    "k_true": 8,
    "rand_score": 0.8075704117790812,
    "adjusted_rand_score": 0.12214772979167961,
    "accuracy": 0.353515625,
    "f1_score": 0.35109093482889614,
    "precision": 0.3516828733666455,
    "recall": 0.353515625,
    "sigui": 0.4509702911651029,
    "sse": 2630.5919606531206,
    "sc": 0.14435640960806229,
    "ch": 137.35303719832547,
    "db": 1.5712647213963917,
    "bic": -7846.572902879323,
    "xb": 738.2337542665389
}