{
    "dataset": "blobs-P5-K2-N1024-dt0.10-S0",
    "algorithm": "kmeans",
    "k": 10,
    "n": 1024,
    "d": 5,
    "k_true": 2,
    "rand_score": 0.6078037176197458,
    "adjusted_rand_score": 0.21500478445092763,
    "accuracy": 0.26953125,
    "f1_score": 0.08479699572136548,
    "precision": 0.2,
    "recall": 0.05390625,
    "sigui": 0.2937210347791178,
    "sse": 938.2932996279657,
    "sc": 0.222218558263678,
    "ch": 502.12332870264544,
    "db": 1.2593236797630678,
    "bic": -5445.555840288659,
    "xb": 549.189723733529
}