{
    "dataset": "blobs-P10-K16-N128-dt0.80-S7",
    "algorithm": "kmeans",
    "k": 4,
    "n": 128,
    "d": 10,
    "k_true": 16,
    "rand_score": 0.7378198818897638,
    "adjusted_rand_score": 0.046760803485574806,
    "accuracy": 0.1796875,
    "f1_score": 0.07253251555869086,
    "precision": 0.04558395036336213,
    "recall": 0.1796875,
    "sigui": 0.5386291962421177,
    "sse": 992.977061854126,
    "sc": 0.0809966349350914,
    "ch": 11.947521481054082,
    "db": 2.409667584342733,
    "bic": -1937.43534199797,
    "xb": 187.98044399187782
}