{
    "dataset": "blobs-P2-K32-N1024-dt0.50-S4",
    "algorithm": "kmeans",
    "k": 16,
    "n": 1024,
    "d": 2,
    "k_true": 32,
    "rand_score": 0.9552957752932552,
    "adjusted_rand_score": 0.5518985139543313,
    "accuracy": 0.5,
    "f1_score": 0.365575330652733,
    "precision": 0.3139512257455806,
    "recall": 0.5,
    "sigui": 0.09285409622691576,
    "sse": 35.077368572776656,
    "sc": 0.6674239849659817,
    "ch": 3856.467576860618,
    "db": 0.4516354152564512,
    "bic": -1642.2784534479265,
    "xb": 133.74056882904713
}