{
    "dataset": "blobs-P2-K16-N64-dt0.30-S2",
    "algorithm": "kmeans",
    "k": 50,
    "n": 64,
    "d": 2,
    "k_true": 16,
    "rand_score": 0.9608134920634921,
    "adjusted_rand_score": 0.2907225309961522,
    "accuracy": 0.453125,
    "f1_score": 0.19333333333333336,
    "precision": 0.32,
    "recall": 0.145,
    "sigui": 0.004390492075230986,
    "sse": 0.008411300260535211,
    "sc": 0.2555195863598488,
    "ch": 4347.606696952678,
    "db": 0.1274378964631404,
    "bic": -169.84990745172118,
    "xb": 178.6416858560819
}