{
    "dataset": "blobs-P5-K32-N1024-dt0.90-S8",
    "algorithm": "kmeans",
    "k": 2,
    "n": 1024,
    "d": 5,
    "k_true": 32,
    "rand_score": 0.5104013929618768,
    "adjusted_rand_score": 0.03324509466578748,
    "accuracy": 0.0625,
    "f1_score": 0.007449707626364296,
    "precision": 0.003964382500967867,
    "recall": 0.0625,
    "sigui": 0.5399182151489625,
    "sse": 4267.332542154949,
    "sc": 0.15990817163154147,
    "ch": 204.2171237028194,
    "db": 2.1259847337955047,
    "bic": -7542.47176195144,
    "xb": 1100.1602922964044
}