{
    "dataset": "blobs-P10-K16-N64-dt0.20-S1",
    "algorithm": "kmeans",
    "k": 8,
    "n": 64,
    "d": 10,
    "k_true": 16,
    "rand_score": 0.8794642857142857,
    "adjusted_rand_score": 0.36220472440944884,
    "accuracy": 0.484375,
    "f1_score": 0.3592752054708576,
    "precision": 0.31356373889268624,
    "recall": 0.484375,
    "sigui": 0.4414600309821947,
    "sse": 304.3551959316533,
    "sc": 0.18784201155757368,
    "ch": 8.822449783803783,
    "db": 1.3470903311561222,
    "bic": -979.0751332087996,
    "xb": 46.271125851074785
}