{
    "dataset": "blobs-P10-K8-N1024-dt0.70-S6",
    "algorithm": "kmeans",
    "k": 10,
    "n": 1024,
    "d": 10,
    "k_true": 8,
    "rand_score": 0.8319052419354839,
    "adjusted_rand_score": 0.16028316379015511,
    "accuracy": 0.3955078125,
    "f1_score": 0.3433168931965926,
    "precision": 0.377367407501282,
    "recall": 0.31640625,
    "sigui": 0.5067700202804412,
    "sse": 6940.43993374929,
    "sc": 0.07295810583258985,
    "ch": 53.56294956508478,
    "db": 2.3141036526312835,
    "bic": -15267.479495854303,
    "xb": 1566.1680581563571
}