{
    "dataset": "blobs-P2-K2-N128-dt0.70-S6",
    "algorithm": "kmeans",
    "k": 50,
    "n": 128,
    "d": 2,
    "k_true": 2,
    "rand_score": 0.5095964566929134,
    "adjusted_rand_score": 0.011748399187880681,
    "accuracy": 0.09375,
    "f1_score": 0.006702402223545761,
    "precision": 0.033777777777777775,
    "recall": 0.00375,
    "sigui": 0.06408371777593869,
    "sse": 2.3731269087269515,
    "sc": 0.3645108643593029,
    "ch": 170.12683645680383,
    "db": 0.4553941352819266,
    "bic": -616.1146123197695,
    "xb": 119.94749508888454
}