{
    "dataset": "blobs-P10-K8-N1024-dt0.10-S0",
    "algorithm": "kmeans",
    "k": 8,
    "n": 1024,
    "d": 10,
    "k_true": 8,
    "rand_score": 1.0,
    "adjusted_rand_score": 1.0,
    "accuracy": 1.0,
    "f1_score": 1.0,
    "precision": 1.0,
    "recall": 1.0,
    "sigui": 0.24608788789186925,
    "sse": 1029.8101234247856,
    "sc": 0.6302811638962267,
    "ch": 1298.096846308562,
    "db": 0.5493759715675125,
    "bic": -5204.153382310481,
    "xb": 105.2630897165515
}