{
    "dataset": "blobs-P10-K32-N64-dt0.40-S3",
    "algorithm": "kmeans",
    "k": 32,
    "n": 64,
    "d": 10,
    "k_true": 32,
    "rand_score": 0.96875,
    "adjusted_rand_score": 0.2931433659839715,
    "accuracy": 0.640625,
    "f1_score": 0.6285714285714286,
    "precision": 0.7302083333333333,
    "recall": 0.640625,
    "sigui": 0.25352828145238243,
    "sse": 121.36566406821379,
    "sc": 0.0712803153039368,
    "ch": 4.411169171370009,
    "db": 0.8462108157307238,
    "bic": -1379.6152052545517,
    "xb": 29.35610578677739
}