{
    "dataset": "blobs-P2-K32-N64-dt0.80-S7",
    "algorithm": "kmeans",
    "k": 2,
    "n": 64,
    "d": 2,
    "k_true": 32,
    "rand_score": 0.49206349206349204,
    "adjusted_rand_score": 0.028901734104046242,
    "accuracy": 0.0625,
    "f1_score": 0.007783882783882784,
    "precision": 0.004166666666666667,
    "recall": 0.0625,
    "sigui": 0.46539108167846466,
    "sse": 79.01592286235861,
    "sc": 0.37843943447961914,
    "ch": 38.435452912751195,
    "db": 1.146521963441944,
    "bic": -205.60036933580807,
    "xb": 21.8508114608201
}