{
    "dataset": "blobs-P5-K4-N64-dt1.00-S9",
    "algorithm": "kmeans",
    "k": 25,
    "n": 64,
    "d": 5,
    "k_true": 4,
    "rand_score": 0.748015873015873,
    "adjusted_rand_score": 0.036314363143631435,
    "accuracy": 0.1875,
    "f1_score": 0.04503607503607503,
    "precision": 0.107,
    "recall": 0.03,
    "sigui": 0.23616381902752143,
    "sse": 50.56932844509581,
    "sc": 0.15181560141898365,
    "ch": 8.657912903709507,
    "db": 0.7958124848295348,
    "bic": -679.6072146704637,
    "xb": 28.749066072945883
}