{
    "dataset": "blobs-P2-K4-N64-dt0.10-S0",
    "algorithm": "kmeans",
    "k": 2,
    "n": 64,
    "d": 2,
    "k_true": 4,
    "rand_score": 0.746031746031746,
    "adjusted_rand_score": 0.4878048780487805,
    "accuracy": 0.5,
    "f1_score": 0.3333333333333333,
    "precision": 0.25,
    "recall": 0.5,
    "sigui": 0.32180027622300417,
    "sse": 26.097113936630304,
    "sc": 0.7006218946745963,
    "ch": 242.0949286296717,
    "db": 0.48492371113172406,
    "bic": -136.72096364612364,
    "xb": 4.726506533685906
}