{
    "dataset": "blobs-P5-K8-N64-dt0.20-S1",
    "algorithm": "kmeans",
    "k": 4,
    "n": 64,
    "d": 5,
    "k_true": 8,
    "rand_score": 0.8253968253968254,
    "adjusted_rand_score": 0.4480836236933798,
    "accuracy": 0.5,
    "f1_score": 0.3519230769230769,
    "precision": 0.288510101010101,
    "recall": 0.5,
    "sigui": 0.3774751036319221,
    "sse": 104.05946269653134,
    "sc": 0.3846611637394689,
    "ch": 41.503296616707715,
    "db": 0.9578727634355065,
    "bic": -409.69767030226194,
    "xb": 18.351189527692004
}