{
    "dataset": "blobs-P10-K16-N64-dt0.50-S4",
    "algorithm": "kmeans",
    "k": 3,
    "n": 64,
    "d": 10,
    "k_true": 16,
    "rand_score": 0.6552579365079365,
    "adjusted_rand_score": 0.05990338164251208,
    "accuracy": 0.171875,
    "f1_score": 0.05732601965271234,
    "precision": 0.034868421052631576,
    "recall": 0.171875,
    "sigui": 0.5465408359710342,
    "sse": 518.3644002337339,
    "sc": 0.0934114174241086,
    "ch": 7.156906977404903,
    "db": 2.491746735671039,
    "bic": -977.2199785905707,
    "xb": 109.41363610818313
}