{
    "dataset": "blobs-P2-K2-N64-dt0.90-S8",
    "algorithm": "kmeans",
    "k": 32,
    "n": 64,
    "d": 2,
    "k_true": 2,
    "rand_score": 0.5163690476190477,
    "adjusted_rand_score": 0.018032708263392642,
    "accuracy": 0.140625,
    "f1_score": 0.014935988620199146,
    "precision": 0.05,
    "recall": 0.0087890625,
    "sigui": 0.058268437561280695,
    "sse": 1.4679995496376965,
    "sc": 0.28788012190581375,
    "ch": 88.97392231249695,
    "db": 0.40416704730286934,
    "bic": -318.6118602424407,
    "xb": 64.76862032301034
}