{
    "dataset": "blobs-P5-K8-N128-dt0.90-S8",
    "algorithm": "kmeans",
    "k": 50,
    "n": 128,
    "d": 5,
    "k_true": 8,
    "rand_score": 0.875861220472441,
    "adjusted_rand_score": 0.056321847545124495,
    "accuracy": 0.1796875,
    "f1_score": 0.045578187893977364,
    "precision": 0.12,
    "recall": 0.02875,
    "sigui": 0.20569261648074874,
    "sse": 61.3498355894315,
    "sc": 0.18636000786343299,
    "ch": 15.014165553918323,
    "db": 0.8362583221857466,
    "bic": -1403.0496296253482,
    "xb": 101.71705992059537
}