{
    "dataset": "blobs-P2-K4-N128-dt0.40-S3",
    "algorithm": "kmeans",
    "k": 3,
    "n": 128,
    "d": 2,
    "k_true": 4,
    "rand_score": 0.858636811023622,
    "adjusted_rand_score": 0.6711838894234344,
    "accuracy": 0.7421875,
    "f1_score": 0.6550504821384465,
    "precision": 0.6076036866359447,
    "recall": 0.7421875,
    "sigui": 0.24288420206158998,
    "sse": 38.123536539117694,
    "sc": 0.6412554858596368,
    "ch": 357.1882412412806,
    "db": 0.49614856052778206,
    "bic": -275.6486362058595,
    "xb": 11.624698216642505
}