{
    "dataset": "blobs-P10-K4-N1024-dt0.10-S0",
    "algorithm": "kmeans",
    "k": 8,
    "n": 1024,
    "d": 10,
    "k_true": 4,
    "rand_score": 0.8963125458211144,
    "adjusted_rand_score": 0.6782590811819086,
    "accuracy": 0.6025390625,
    "f1_score": 0.3641198480801764,
    "precision": 0.5,
    "recall": 0.30126953125,
    "sigui": 0.30985628975020674,
    "sse": 1911.2518804285357,
    "sc": 0.23327355693850943,
    "ch": 632.4955443480085,
    "db": 1.8957428586212541,
    "bic": -8293.028300907978,
    "xb": 1241.7451052121944
}