{
    "dataset": "blobs-P10-K4-N64-dt0.40-S3",
    "algorithm": "kmeans",
    "k": 10,
    "n": 64,
    "d": 10,
    "k_true": 4,
    "rand_score": 0.7896825396825397,
    "adjusted_rand_score": 0.32227127416653983,
    "accuracy": 0.484375,
    "f1_score": 0.23031674208144795,
    "precision": 0.32555555555555554,
    "recall": 0.19375,
    "sigui": 0.4364639332020892,
    "sse": 283.45012408570534,
    "sc": 0.1253720892044679,
    "ch": 7.547356919974109,
    "db": 1.4568660869907526,
    "bic": -1013.122295793913,
    "xb": 64.76917708485037
}