{
    "dataset": "blobs-P5-K32-N64-dt0.60-S5",
    "algorithm": "kmeans",
    "k": 50,
    "n": 64,
    "d": 5,
    "k_true": 32,
    "rand_score": 0.9826388888888888,
    "adjusted_rand_score": 0.24769703172978505,
    "accuracy": 0.59375,
    "f1_score": 0.44266666666666665,
    "precision": 0.5733333333333333,
    "recall": 0.38,
    "sigui": 0.06803458472553861,
    "sse": 5.195113149440306,
    "sc": 0.13847940062245923,
    "ch": 17.313242425829415,
    "db": 0.37048302348588846,
    "bic": -783.0056472994434,
    "xb": 15.150942172494293
}