{
    "dataset": "blobs-P10-K8-N1024-dt0.90-S8",
    "algorithm": "kmeans",
    "k": 16,
    "n": 1024,
    "d": 10,
    "k_true": 8,
    "rand_score": 0.8405845246823069,
    "adjusted_rand_score": 0.06771605771262931,
    "accuracy": 0.2060546875,
    "f1_score": 0.13601818135779295,
    "precision": 0.20179185676511702,
    "recall": 0.10302734375,
    "sigui": 0.49498772868135105,
    "sse": 6274.058024169269,
    "sc": 0.07929181478472538,
    "ch": 42.4782971004023,
    "db": 2.0690438043843864,
    "bic": -15465.455318683687,
    "xb": 1324.7666927518326
}