{
    "dataset": "blobs-P2-K2-N1024-dt0.60-S5",
    "algorithm": "kmeans",
    "k": 50,
    "n": 1024,
    "d": 2,
    "k_true": 2,
    "rand_score": 0.509145130742913,
    "adjusted_rand_score": 0.017375920904462654,
    "accuracy": 0.0595703125,
    "f1_score": 0.004444061048440611,
    "precision": 0.032953216374269005,
    "recall": 0.0023828125,
    "sigui": 0.12630076881782765,
    "sse": 58.22127018917937,
    "sc": 0.3455098090096027,
    "ch": 679.3381197734224,
    "db": 0.7708555768447747,
    "bic": -3645.1151046906703,
    "xb": 422.38511182414953
}