{
    "dataset": "blobs-P5-K32-N1024-dt0.50-S4",
    "algorithm": "kmeans",
    "k": 8,
    "n": 1024,
    "d": 5,
    "k_true": 32,
    "rand_score": 0.8881697519550342,
    "adjusted_rand_score": 0.2569597247016602,
    "accuracy": 0.248046875,
    "f1_score": 0.10130151041303931,
    "precision": 0.0640510550489284,
    "recall": 0.248046875,
    "sigui": 0.4209933174607664,
    "sse": 2162.5525950675924,
    "sc": 0.20467083672249586,
    "ch": 198.49337638338534,
    "db": 1.381204449209044,
    "bic": -7338.758132215455,
    "xb": 624.6815379078794
}