{
    "dataset": "blobs-P5-K16-N64-dt0.40-S3",
    "algorithm": "kmeans",
    "k": 50,
    "n": 64,
    "d": 5,
    "k_true": 16,
    "rand_score": 0.9583333333333334,
    "adjusted_rand_score": 0.22699386503067484,
    "accuracy": 0.4375,
    "f1_score": 0.192,
    "precision": 0.32,
    "recall": 0.14,
    "sigui": 0.06050886326140984,
    "sse": 3.8694326429237256,
    "sc": 0.11944941937276574,
    "ch": 23.34270358990699,
    "db": 0.3666090065412488,
    "bic": -736.3912134646667,
    "xb": 23.771720265069614
}