{
    "dataset": "blobs-P2-K8-N64-dt0.20-S1",
    "algorithm": "kmeans",
    "k": 50,
    "n": 64,
    "d": 2,
    "k_true": 8,
    "rand_score": 0.8968253968253969,
    "adjusted_rand_score": 0.12030075187969924,
    "accuracy": 0.28125,
    "f1_score": 0.06981818181818182,
    "precision": 0.16,
    "recall": 0.045,
    "sigui": 0.005426386731357119,
    "sse": 0.012972155013886174,
    "sc": 0.2318543122734955,
    "ch": 2818.939659777448,
    "db": 0.15938823007693637,
    "bic": -197.91636583636134,
    "xb": 180.1350711354705
}