{
    "dataset": "blobs-P2-K4-N1024-dt0.30-S2",
    "algorithm": "kmeans",
    "k": 2,
    "n": 1024,
    "d": 2,
    "k_true": 4,
    "rand_score": 0.624633431085044,
    "adjusted_rand_score": 0.33268101761252444,
    "accuracy": 0.5,
    "f1_score": 0.375,
    "precision": 0.3333333333333333,
    "recall": 0.5,
    "sigui": 0.3684588684574147,
    "sse": 873.343894955476,
    "sc": 0.5981184268142579,
    "ch": 1374.6000244459326,
    "db": 0.5199685239846288,
    "bic": -2629.869140464027,
    "xb": 132.88936578995092
}