{
    "dataset": "blobs-P5-K32-N1024-dt1.00-S9",
    "algorithm": "kmeans",
    "k": 32,
    "n": 1024,
    "d": 5,
    "k_true": 32,
    "rand_score": 0.958539528347996,
    "adjusted_rand_score": 0.31727607034658845,
    "accuracy": 0.4853515625,
    "f1_score": 0.4824127346519233,
    "precision": 0.49036871370588986,
    "recall": 0.4853515625,
    "sigui": 0.3254793372618001,
    "sse": 1114.3872073941166,
    "sc": 0.17079137747850504,
    "ch": 115.02250610281456,
    "db": 1.4187714988529607,
    "bic": -7542.95285926457,
    "xb": 839.9521886693026
}