{
    "dataset": "blobs-P10-K16-N1024-dt0.40-S3",
    "algorithm": "kmeans",
    "k": 25,
    "n": 1024,
    "d": 10,
    "k_true": 16,
    "rand_score": 0.9508912206744868,
    "adjusted_rand_score": 0.5005847539000295,
    "accuracy": 0.6318359375,
    "f1_score": 0.4630897511562367,
    "precision": 0.5498083473375663,
    "recall": 0.404375,
    "sigui": 0.4432600395936503,
    "sse": 4669.060613028064,
    "sc": 0.10092228118564583,
    "ch": 49.66531197638856,
    "db": 2.0564302097431417,
    "bic": -14722.084368197739,
    "xb": 1471.0544547829097
}