{
    "dataset": "blobs-P2-K8-N64-dt0.30-S2",
    "algorithm": "kmeans",
    "k": 16,
    "n": 64,
    "d": 2,
    "k_true": 8,
    "rand_score": 0.9568452380952381,
    "adjusted_rand_score": 0.7368067226890757,
    "accuracy": 0.71875,
    "f1_score": 0.4079004329004329,
    "precision": 0.5,
    "recall": 0.359375,
    "sigui": 0.05195542832887294,
    "sse": 0.7440387405244657,
    "sc": 0.4883034309931491,
    "ch": 547.3089690777083,
    "db": 0.5495646478166338,
    "bic": -121.48970478202972,
    "xb": 48.628601038380516
}