{
    "dataset": "blobs-P2-K8-N1024-dt0.30-S2",
    "algorithm": "kmeans",
    "k": 10,
    "n": 1024,
    "d": 2,
    "k_true": 8,
    "rand_score": 0.9647922012463344,
    "adjusted_rand_score": 0.8286058852050079,
    "accuracy": 0.859375,
    "f1_score": 0.7184056641790191,
    "precision": 0.766142074291274,
    "recall": 0.6875,
    "sigui": 0.10723735139087703,
    "sse": 48.752297820600916,
    "sc": 0.5391338223411316,
    "ch": 4620.265803150804,
    "db": 0.7375947660528605,
    "bic": -1489.625036173884,
    "xb": 293.24824577957565
}