{
    "dataset": "blobs-P2-K2-N1024-dt0.40-S3",
    "algorithm": "kmeans",
    "k": 2,
    "n": 1024,
    "d": 2,
    "k_true": 2,
    "rand_score": 0.8019382331378299,
    "adjusted_rand_score": 0.6038764662756598,
    "accuracy": 0.888671875,
    "f1_score": 0.8886446886446886,
    "precision": 0.8890518084066472,
    "recall": 0.888671875,
    "sigui": 0.4159266099865858,
    "sse": 1016.1343453630834,
    "sc": 0.4306396505486171,
    "ch": 1037.9628120209736,
    "db": 0.8842121132734517,
    "bic": -2918.3863862089415,
    "xb": 224.89832096529412
}