{
    "dataset": "blobs-P5-K16-N64-dt0.90-S8",
    "algorithm": "kmeans",
    "k": 20,
    "n": 64,
    "d": 5,
    "k_true": 16,
    "rand_score": 0.9201388888888888,
    "adjusted_rand_score": 0.12386628660274683,
    "accuracy": 0.453125,
    "f1_score": 0.3804040404040404,
    "precision": 0.4342857142857143,
    "recall": 0.3625,
    "sigui": 0.27307342119581257,
    "sse": 56.5191941404471,
    "sc": 0.21669897985344624,
    "ch": 10.795732069554214,
    "db": 0.8989786445979998,
    "bic": -619.0984108020918,
    "xb": 31.714726638905546
}