{
    "dataset": "blobs-P2-K32-N64-dt0.20-S1",
    "algorithm": "kmeans",
    "k": 32,
    "n": 64,
    "d": 2,
    "k_true": 32,
    "rand_score": 1.0,
    "adjusted_rand_score": 1.0,
    "accuracy": 1.0,
    "f1_score": 1.0,
    "precision": 1.0,
    "recall": 1.0,
    "sigui": 0.014005791199896058,
    "sse": 0.04457280226742963,
    "sc": 0.8316133189509949,
    "ch": 2963.309796655571,
    "db": 0.18300504705822324,
    "bic": -105.80868977720598,
    "xb": 72.21058398125705
}