{
    "dataset": "blobs-P5-K32-N64-dt1.00-S9",
    "algorithm": "kmeans",
    "k": 16,
    "n": 64,
    "d": 5,
    "k_true": 32,
    "rand_score": 0.933531746031746,
    "adjusted_rand_score": 0.14067589576547232,
    "accuracy": 0.390625,
    "f1_score": 0.2767361111111111,
    "precision": 0.2470238095238095,
    "recall": 0.390625,
    "sigui": 0.32520017183090477,
    "sse": 76.68710255324815,
    "sc": 0.1881728898240045,
    "ch": 10.152962439661605,
    "db": 1.0292532775773653,
    "bic": -600.3860143084186,
    "xb": 38.75357917345977
}