{
    "dataset": "blobs-P2-K16-N1024-dt0.30-S2",
    "algorithm": "kmeans",
    "k": 8,
    "n": 1024,
    "d": 2,
    "k_true": 16,
    "rand_score": 0.8823485612170088,
    "adjusted_rand_score": 0.46063619152137353,
    "accuracy": 0.5,
    "f1_score": 0.3851461943853248,
    "precision": 0.34544837230905934,
    "recall": 0.5,
    "sigui": 0.15300907839048103,
    "sse": 107.27553424166679,
    "sc": 0.653639738310688,
    "ch": 2625.7831841941243,
    "db": 0.46947788579630934,
    "bic": -1906.0850071777436,
    "xb": 127.53378584842902
}