{
    "dataset": "blobs-P5-K16-N1024-dt0.10-S0",
    "algorithm": "kmeans",
    "k": 2,
    "n": 1024,
    "d": 5,
    "k_true": 16,
    "rand_score": 0.4916911045943304,
    "adjusted_rand_score": 0.09438202247191012,
    "accuracy": 0.125,
    "f1_score": 0.03125,
    "precision": 0.01818181818181818,
    "recall": 0.125,
    "sigui": 0.5191285764255983,
    "sse": 4043.2916408841447,
    "sc": 0.23945384588793767,
    "ch": 272.1534929337387,
    "db": 1.6025135916774922,
    "bic": -7338.147448037082,
    "xb": 750.4799831503319
}