{
    "dataset": "blobs-P5-K4-N64-dt1.00-S9",
    "algorithm": "kmeans",
    "k": 32,
    "n": 64,
    "d": 5,
    "k_true": 4,
    "rand_score": 0.7554563492063492,
    "adjusted_rand_score": 0.029072493669698957,
    "accuracy": 0.171875,
    "f1_score": 0.03412437343358396,
    "precision": 0.0859375,
    "recall": 0.021484375,
    "sigui": 0.190859523429582,
    "sse": 29.002262260860977,
    "sc": 0.17390983319052988,
    "ch": 10.35728726384734,
    "db": 0.6751533109180443,
    "bic": -712.3424002609668,
    "xb": 42.885908572590445
}