{
    "dataset": "blobs-P10-K32-N128-dt0.10-S0",
    "algorithm": "kmeans",
    "k": 32,
    "n": 128,
    "d": 10,
    "k_true": 32,
    "rand_score": 1.0,
    "adjusted_rand_score": 1.0,
    "accuracy": 1.0,
    "f1_score": 1.0,
    "precision": 1.0,
    "recall": 1.0,
    "sigui": 0.1039514031206335,
    "sse": 20.157915766521644,
    "sc": 0.7614411672159868,
    "ch": 193.5441391654185,
    "db": 0.29885037018102023,
    "bic": -481.2776565419358,
    "xb": 13.842978831832095
}