{
    "dataset": "blobs-P2-K4-N128-dt0.60-S5",
    "algorithm": "kmeans",
    "k": 8,
    "n": 128,
    "d": 2,
    "k_true": 4,
    "rand_score": 0.8138533464566929,
    "adjusted_rand_score": 0.40175844429984464,
    "accuracy": 0.5078125,
    "f1_score": 0.3115536315536315,
    "precision": 0.4191919191919192,
    "recall": 0.25390625,
    "sigui": 0.21923776935989636,
    "sse": 29.80514373899976,
    "sc": 0.341675878845493,
    "ch": 130.09922519707882,
    "db": 0.8996071141501141,
    "bic": -406.0677041838586,
    "xb": 51.64951480516915
}