{
    "dataset": "blobs-P2-K4-N1024-dt0.20-S1",
    "algorithm": "kmeans",
    "k": 10,
    "n": 1024,
    "d": 2,
    "k_true": 4,
    "rand_score": 0.8513467589198436,
    "adjusted_rand_score": 0.5069920957674122,
    "accuracy": 0.455078125,
    "f1_score": 0.24714170835917249,
    "precision": 0.3971778959810875,
    "recall": 0.18203125,
    "sigui": 0.16876449196811577,
    "sse": 111.91420059372157,
    "sc": 0.35531262061374486,
    "ch": 1949.3550670743928,
    "db": 1.0105748834822976,
    "bic": -2366.2666248558235,
    "xb": 328.91694089359675
}