{
    "dataset": "blobs-P5-K16-N1024-dt0.20-S1",
    "algorithm": "kmeans",
    "k": 3,
    "n": 1024,
    "d": 5,
    "k_true": 16,
    "rand_score": 0.7258140884652982,
    "adjusted_rand_score": 0.2289097491223227,
    "accuracy": 0.1875,
    "f1_score": 0.059524939835142475,
    "precision": 0.03541764326731513,
    "recall": 0.1875,
    "sigui": 0.4723028009358505,
    "sse": 2956.8084538239364,
    "sc": 0.32017551880752976,
    "ch": 373.4801565839398,
    "db": 1.3533391478347365,
    "bic": -7042.849413099109,
    "xb": 473.6687377051444
}