{
    "dataset": "blobs-P2-K16-N128-dt0.50-S4",
    "algorithm": "kmeans",
    "k": 32,
    "n": 128,
    "d": 2,
    "k_true": 16,
    "rand_score": 0.9717027559055118,
    "adjusted_rand_score": 0.6649460885524203,
    "accuracy": 0.6875,
    "f1_score": 0.3929669289044289,
    "precision": 0.4799107142857143,
    "recall": 0.34375,
    "sigui": 0.03804445175816003,
    "sse": 0.9830887594738802,
    "sc": 0.4707632083817738,
    "ch": 803.3148401276814,
    "db": 0.541009868646663,
    "bic": -313.2519635412299,
    "xb": 110.97097419605755
}