{
    "dataset": "blobs-P2-K8-N1024-dt0.50-S4",
    "algorithm": "kmeans",
    "k": 2,
    "n": 1024,
    "d": 2,
    "k_true": 8,
    "rand_score": 0.5902847782258065,
    "adjusted_rand_score": 0.20997857077966378,
    "accuracy": 0.25,
    "f1_score": 0.10333648691264585,
    "precision": 0.06582060831033389,
    "recall": 0.25,
    "sigui": 0.43233381309862445,
    "sse": 1152.4637929346393,
    "sc": 0.46399531608082234,
    "ch": 794.157707367304,
    "db": 1.0529293365732602,
    "bic": -3021.75272465577,
    "xb": 276.322919493915
}