{
    "dataset": "blobs-P5-K4-N64-dt0.30-S2",
    "algorithm": "kmeans",
    "k": 8,
    "n": 64,
    "d": 5,
    "k_true": 4,
    "rand_score": 0.9052579365079365,
    "adjusted_rand_score": 0.7122874973100926,
    "accuracy": 0.75,
    "f1_score": 0.4043513957307061,
    "precision": 0.4807692307692308,
    "recall": 0.375,
    "sigui": 0.31608132091414465,
    "sse": 65.13874480786475,
    "sc": 0.348909418752499,
    "ch": 31.30072658831629,
    "db": 1.0418184336076008,
    "bic": -417.5361370338513,
    "xb": 41.33384090132555
}