{
    "dataset": "blobs-P2-K32-N64-dt0.50-S4",
    "algorithm": "kmeans",
    "k": 50,
    "n": 64,
    "d": 2,
    "k_true": 32,
    "rand_score": 0.9851190476190477,
    "adjusted_rand_score": 0.36831550802139035,
    "accuracy": 0.640625,
    "f1_score": 0.4686666666666666,
    "precision": 0.5966666666666667,
    "recall": 0.41,
    "sigui": 0.007553204570776829,
    "sse": 0.026379944098343364,
    "sc": 0.2903679083692093,
    "ch": 1386.0488600064741,
    "db": 0.12319024905239807,
    "bic": -243.34349479236664,
    "xb": 148.9657601995729
}