{
    "dataset": "blobs-P5-K8-N1024-dt0.10-S0",
    "algorithm": "kmeans",
    "k": 16,
    "n": 1024,
    "d": 5,
    "k_true": 8,
    "rand_score": 0.9488273613147605,
    "adjusted_rand_score": 0.7141169858242548,
    "accuracy": 0.6240234375,
    "f1_score": 0.3719707893925084,
    "precision": 0.5,
    "recall": 0.31201171875,
    "sigui": 0.0862288920029681,
    "sse": 62.09339618650412,
    "sc": 0.33194765445073304,
    "ch": 5473.872338297734,
    "db": 1.5684688026346416,
    "bic": 940.2064103993432,
    "xb": 627.4645309109809
}