{
    "dataset": "blobs-P2-K2-N1024-dt0.80-S7",
    "algorithm": "kmeans",
    "k": 50,
    "n": 1024,
    "d": 2,
    "k_true": 2,
    "rand_score": 0.5058841947702835,
    "adjusted_rand_score": 0.010850376731497744,
    "accuracy": 0.056640625,
    "f1_score": 0.004229805282436862,
    "precision": 0.03193061840120664,
    "recall": 0.002265625,
    "sigui": 0.13074983056933814,
    "sse": 64.11503144157247,
    "sc": 0.3429193967145011,
    "ch": 615.0628611494565,
    "db": 0.7816421643255606,
    "bic": -3703.6103014424393,
    "xb": 446.4638381915197
}