{
    "dataset": "blobs-P5-K32-N64-dt0.30-S2",
    "algorithm": "kmeans",
    "k": 10,
    "n": 64,
    "d": 5,
    "k_true": 32,
    "rand_score": 0.9072420634920635,
    "adjusted_rand_score": 0.22762735199632858,
    "accuracy": 0.3125,
    "f1_score": 0.17410402097902097,
    "precision": 0.13606376262626263,
    "recall": 0.3125,
    "sigui": 0.31059987299547187,
    "sse": 73.76177284722978,
    "sc": 0.3637446156567937,
    "ch": 20.02974312963667,
    "db": 0.8462021656052006,
    "bic": -485.99963623766797,
    "xb": 22.52140786506817
}