{
    "dataset": "blobs-P2-K32-N128-dt1.00-S9",
    "algorithm": "kmeans",
    "k": 20,
    "n": 128,
    "d": 2,
    "k_true": 32,
    "rand_score": 0.9667814960629921,
    "adjusted_rand_score": 0.5350634559062805,
    "accuracy": 0.625,
    "f1_score": 0.5063113969363969,
    "precision": 0.4475739538239538,
    "recall": 0.625,
    "sigui": 0.09031959151283052,
    "sse": 4.410781763341063,
    "sc": 0.5126510307017142,
    "ch": 324.2250828399909,
    "db": 0.5920512131932173,
    "bic": -364.95191355806594,
    "xb": 43.63678607360841
}