{
    "dataset": "blobs-P2-K2-N1024-dt0.90-S8",
    "algorithm": "kmeans",
    "k": 3,
    "n": 1024,
    "d": 2,
    "k_true": 2,
    "rand_score": 0.5550827071114369,
    "adjusted_rand_score": 0.10987541343314092,
    "accuracy": 0.498046875,
    "f1_score": 0.3991095288690188,
    "precision": 0.5010471234561455,
    "recall": 0.33203125,
    "sigui": 0.3975154695112132,
    "sse": 926.2375902092242,
    "sc": 0.3353662563334767,
    "ch": 618.2643808149007,
    "db": 0.9518369695382934,
    "bic": -3248.591113159225,
    "xb": 287.5990294163178
}