{
    "dataset": "blobs-P2-K8-N1024-dt0.60-S5",
    "algorithm": "kmeans",
    "k": 25,
    "n": 1024,
    "d": 2,
    "k_true": 8,
    "rand_score": 0.899290918255132,
    "adjusted_rand_score": 0.35836554482415883,
    "accuracy": 0.3544921875,
    "f1_score": 0.1629979141235286,
    "precision": 0.2992333187230875,
    "recall": 0.1134375,
    "sigui": 0.11248739056788742,
    "sse": 53.69265836556177,
    "sc": 0.33822871952592787,
    "ch": 1546.2617058778537,
    "db": 0.8917235019021864,
    "bic": -2674.0578789857086,
    "xb": 293.23142102775154
}