{
    "dataset": "blobs-P5-K8-N64-dt1.00-S9",
    "algorithm": "kmeans",
    "k": 50,
    "n": 64,
    "d": 5,
    "k_true": 8,
    "rand_score": 0.8834325396825397,
    "adjusted_rand_score": 0.00936768149882904,
    "accuracy": 0.171875,
    "f1_score": 0.044242424242424236,
    "precision": 0.13,
    "recall": 0.0275,
    "sigui": 0.05676246388232993,
    "sse": 5.739650430173933,
    "sc": 0.1091343288036787,
    "ch": 15.64357836735776,
    "db": 0.37989035758726397,
    "bic": -797.9079354992582,
    "xb": 38.476983530017364
}