{
    "dataset": "blobs-P2-K8-N128-dt1.00-S9",
    "algorithm": "kmeans",
    "k": 20,
    "n": 128,
    "d": 2,
    "k_true": 8,
    "rand_score": 0.891363188976378,
    "adjusted_rand_score": 0.31016898064135134,
    "accuracy": 0.4375,
    "f1_score": 0.2242454212454213,
    "precision": 0.32972222222222225,
    "recall": 0.175,
    "sigui": 0.13026487040591253,
    "sse": 9.433091401475055,
    "sc": 0.350232107070811,
    "ch": 148.57676636926467,
    "db": 0.7847705068530503,
    "bic": -460.0393291641923,
    "xb": 48.183964113750456
}