{
    "dataset": "blobs-P2-K16-N64-dt0.10-S0",
    "algorithm": "kmeans",
    "k": 16,
    "n": 64,
    "d": 2,
    "k_true": 16,
    "rand_score": 1.0,
    "adjusted_rand_score": 1.0,
    "accuracy": 1.0,
    "f1_score": 1.0,
    "precision": 1.0,
    "recall": 1.0,
    "sigui": 0.013340955628071412,
    "sse": 0.0438839995094612,
    "sc": 0.9021946765656319,
    "ch": 9330.498035241566,
    "db": 0.1229721119689173,
    "bic": 49.31243185688351,
    "xb": 35.68595374261121
}