{
    "dataset": "blobs-P2-K8-N64-dt0.20-S1",
    "algorithm": "kmeans",
    "k": 10,
    "n": 64,
    "d": 2,
    "k_true": 8,
    "rand_score": 0.9796626984126984,
    "adjusted_rand_score": 0.8908606921029282,
    "accuracy": 0.890625,
    "f1_score": 0.74,
    "precision": 0.7857142857142858,
    "recall": 0.7125,
    "sigui": 0.07562738058858498,
    "sse": 1.8525532502994202,
    "sc": 0.6693899245903259,
    "ch": 408.5629821306736,
    "db": 0.3931080696640774,
    "bic": -117.0825929596712,
    "xb": 29.102604586868463
}