{
    "dataset": "blobs-P2-K2-N128-dt0.20-S1",
    "algorithm": "kmeans",
    "k": 25,
    "n": 128,
    "d": 2,
    "k_true": 2,
    "rand_score": 0.5500738188976378,
    "adjusted_rand_score": 0.0936767601469822,
    "accuracy": 0.1796875,
    "f1_score": 0.02431730431730432,
    "precision": 0.08,
    "recall": 0.014375,
    "sigui": 0.12579235738831007,
    "sse": 8.168919620899556,
    "sc": 0.3504945271582337,
    "ch": 130.2018425919888,
    "db": 0.6911589488153044,
    "bic": -497.65200900087956,
    "xb": 60.96202207559658
}