{
    "dataset": "blobs-P5-K16-N1024-dt0.60-S5",
    "algorithm": "kmeans",
    "k": 3,
    "n": 1024,
    "d": 5,
    "k_true": 16,
    "rand_score": 0.6663020069648093,
    "adjusted_rand_score": 0.15428720289357184,
    "accuracy": 0.1865234375,
    "f1_score": 0.06771995610023779,
    "precision": 0.043373606147152285,
    "recall": 0.1865234375,
    "sigui": 0.49685272492089505,
    "sse": 3429.1031074613115,
    "sc": 0.21826389897044027,
    "ch": 251.7284656045416,
    "db": 1.540370656392297,
    "bic": -7343.846255792173,
    "xb": 664.0542294691395
}