{
    "dataset": "blobs-P5-K32-N1024-dt1.00-S9",
    "algorithm": "kmeans",
    "k": 20,
    "n": 1024,
    "d": 5,
    "k_true": 32,
    "rand_score": 0.946391205400782,
    "adjusted_rand_score": 0.33012374471444444,
    "accuracy": 0.4345703125,
    "f1_score": 0.3384588608198586,
    "precision": 0.2859421661105243,
    "recall": 0.4345703125,
    "sigui": 0.34870386856436797,
    "sse": 1380.7189254023376,
    "sc": 0.18862407498033648,
    "ch": 143.1076814528679,
    "db": 1.3940855792048157,
    "bic": -7354.559387116788,
    "xb": 764.3928749514846
}