{
    "dataset": "blobs-P2-K2-N1024-dt1.00-S9",
    "algorithm": "kmeans",
    "k": 20,
    "n": 1024,
    "d": 2,
    "k_true": 2,
    "rand_score": 0.5099259989002932,
    "adjusted_rand_score": 0.019007160609717032,
    "accuracy": 0.1240234375,
    "f1_score": 0.021081034919725402,
    "precision": 0.07023082559843674,
    "recall": 0.01240234375,
    "sigui": 0.19693521652012835,
    "sse": 168.30406089852505,
    "sc": 0.32431219544924805,
    "ch": 590.1944918408308,
    "db": 0.8149386419279387,
    "bic": -3509.930692744809,
    "xb": 356.9810984789778
}