{
    "dataset": "blobs-P2-K32-N128-dt0.60-S5",
    "algorithm": "kmeans",
    "k": 10,
    "n": 128,
    "d": 2,
    "k_true": 32,
    "rand_score": 0.9137549212598425,
    "adjusted_rand_score": 0.32032675497194335,
    "accuracy": 0.3125,
    "f1_score": 0.16574754901960786,
    "precision": 0.12202068764568764,
    "recall": 0.3125,
    "sigui": 0.18853276273271424,
    "sse": 16.698988432910788,
    "sc": 0.45619125317726067,
    "ch": 187.88576112035162,
    "db": 0.7161705714935872,
    "bic": -371.1742421098844,
    "xb": 28.87612807108166
}