{
    "dataset": "blobs-P2-K32-N64-dt0.30-S2",
    "algorithm": "kmeans",
    "k": 8,
    "n": 64,
    "d": 2,
    "k_true": 32,
    "rand_score": 0.8928571428571429,
    "adjusted_rand_score": 0.20625291647223518,
    "accuracy": 0.25,
    "f1_score": 0.10684523809523809,
    "precision": 0.06979166666666667,
    "recall": 0.25,
    "sigui": 0.22063214254313945,
    "sse": 14.014235657763308,
    "sc": 0.42159939166859794,
    "ch": 65.06855864327827,
    "db": 0.7380549016747329,
    "bic": -220.49209474727766,
    "xb": 16.19770516722573
}