{
    "dataset": "blobs-P10-K16-N1024-dt0.90-S8",
    "algorithm": "kmeans",
    "k": 3,
    "n": 1024,
    "d": 10,
    "k_true": 16,
    "rand_score": 0.6723389387829912,
    "adjusted_rand_score": 0.07723186024260499,
    "accuracy": 0.166015625,
    "f1_score": 0.052553812089870255,
    "precision": 0.031246303489505908,
    "recall": 0.166015625,
    "sigui": 0.5559730850545138,
    "sse": 8706.30057212704,
    "sc": 0.08194450456513457,
    "ch": 89.92953452994117,
    "db": 2.7395187421007,
    "bic": -14935.453619864986,
    "xb": 1933.64392642847
}