{
    "dataset": "blobs-P5-K8-N64-dt1.00-S9",
    "algorithm": "kmeans",
    "k": 3,
    "n": 64,
    "d": 5,
    "k_true": 8,
    "rand_score": 0.6661706349206349,
    "adjusted_rand_score": 0.08435374149659863,
    "accuracy": 0.3125,
    "f1_score": 0.1720346424010217,
    "precision": 0.11896929824561403,
    "recall": 0.3125,
    "sigui": 0.48766047936902435,
    "sse": 216.08758453733896,
    "sc": 0.154821527925077,
    "ch": 14.666870743161622,
    "db": 1.7323319105465826,
    "bic": -498.86571724356736,
    "xb": 57.884470122615205
}