{
    "dataset": "blobs-P5-K4-N64-dt0.40-S3",
    "algorithm": "kmeans",
    "k": 2,
    "n": 64,
    "d": 5,
    "k_true": 4,
    "rand_score": 0.6190476190476191,
    "adjusted_rand_score": 0.3225806451612903,
    "accuracy": 0.5,
    "f1_score": 0.375,
    "precision": 0.3333333333333333,
    "recall": 0.5,
    "sigui": 0.45124988207600836,
    "sse": 168.94989572342325,
    "sc": 0.45511801401644697,
    "ch": 55.431265139569874,
    "db": 0.8112188859156273,
    "bic": -412.8878621376006,
    "xb": 13.87104365827894
}