{
    "dataset": "blobs-P2-K2-N128-dt0.40-S3",
    "algorithm": "kmeans",
    "k": 25,
    "n": 128,
    "d": 2,
    "k_true": 2,
    "rand_score": 0.5328494094488189,
    "adjusted_rand_score": 0.05892512485046242,
    "accuracy": 0.140625,
    "f1_score": 0.0196996996996997,
    "precision": 0.08,
    "recall": 0.01125,
    "sigui": 0.13872828264662201,
    "sse": 9.51314972444646,
    "sc": 0.36116928972739065,
    "ch": 111.19759803431486,
    "db": 0.7222278610478395,
    "bic": -520.9314688954303,
    "xb": 51.31133576725676
}