{
    "dataset": "blobs-P10-K2-N128-dt0.60-S5",
    "algorithm": "kmeans",
    "k": 8,
    "n": 128,
    "d": 10,
    "k_true": 2,
    "rand_score": 0.5396161417322834,
    "adjusted_rand_score": 0.07379125933548497,
    "accuracy": 0.2578125,
    "f1_score": 0.10002203937702028,
    "precision": 0.2233187134502924,
    "recall": 0.064453125,
    "sigui": 0.5006526702317433,
    "sse": 834.4667530221731,
    "sc": 0.08726480499216055,
    "ch": 9.152806600949425,
    "db": 2.0377580590253235,
    "bic": -2018.9278161684906,
    "xb": 150.4616067736447
}