{
    "dataset": "blobs-P5-K4-N128-dt0.60-S5",
    "algorithm": "kmeans",
    "k": 20,
    "n": 128,
    "d": 5,
    "k_true": 4,
    "rand_score": 0.7834645669291339,
    "adjusted_rand_score": 0.20700469723416634,
    "accuracy": 0.3046875,
    "f1_score": 0.09047527234165623,
    "precision": 0.18015873015873016,
    "recall": 0.0609375,
    "sigui": 0.2924430204322158,
    "sse": 113.46139351679004,
    "sc": 0.19077817539709324,
    "ch": 26.378631503768815,
    "db": 1.2095934037400788,
    "bic": -1015.6678390679255,
    "xb": 84.33528226670127
}