{
    "dataset": "blobs-P10-K32-N64-dt0.50-S4",
    "algorithm": "kmeans",
    "k": 20,
    "n": 64,
    "d": 10,
    "k_true": 32,
    "rand_score": 0.9439484126984127,
    "adjusted_rand_score": 0.1421858055187372,
    "accuracy": 0.453125,
    "f1_score": 0.3665178571428571,
    "precision": 0.35416666666666663,
    "recall": 0.453125,
    "sigui": 0.3578740330755241,
    "sse": 197.01263412337383,
    "sc": 0.1164217270010733,
    "ch": 5.207105033831315,
    "db": 1.1959555847706627,
    "bic": -1190.5249937606336,
    "xb": 45.66902965403491
}