{
    "dataset": "blobs-P5-K32-N128-dt0.70-S6",
    "algorithm": "kmeans",
    "k": 10,
    "n": 128,
    "d": 5,
    "k_true": 32,
    "rand_score": 0.9039124015748031,
    "adjusted_rand_score": 0.2887526442221505,
    "accuracy": 0.3125,
    "f1_score": 0.17465505947889176,
    "precision": 0.1346335826840858,
    "recall": 0.3125,
    "sigui": 0.3336544799414527,
    "sse": 160.87000815482497,
    "sc": 0.34968667696799716,
    "ch": 39.0497062305236,
    "db": 0.9817561797661438,
    "bic": -891.3351107082053,
    "xb": 55.67563362854192
}