{
    "dataset": "blobs-P10-K4-N128-dt0.80-S7",
    "algorithm": "kmeans",
    "k": 4,
    "n": 128,
    "d": 10,
    "k_true": 4,
    "rand_score": 0.6172490157480315,
    "adjusted_rand_score": 0.07811038026193903,
    "accuracy": 0.375,
    "f1_score": 0.3256005481255164,
    "precision": 0.5227551247771836,
    "recall": 0.375,
    "sigui": 0.5378897284480447,
    "sse": 1027.7909174673619,
    "sc": 0.08629696688711713,
    "ch": 10.14276532400546,
    "db": 1.977785889996138,
    "bic": -1925.9871046324508,
    "xb": 192.50574654912657
}