{
    "dataset": "blobs-P5-K32-N64-dt0.80-S7",
    "algorithm": "kmeans",
    "k": 20,
    "n": 64,
    "d": 5,
    "k_true": 32,
    "rand_score": 0.9449404761904762,
    "adjusted_rand_score": 0.21506341901447973,
    "accuracy": 0.5,
    "f1_score": 0.411359126984127,
    "precision": 0.4084077380952381,
    "recall": 0.5,
    "sigui": 0.2694813701053776,
    "sse": 54.045397779671156,
    "sc": 0.20885153222421615,
    "ch": 11.395880012032663,
    "db": 0.8429901483423056,
    "bic": -608.3018307804191,
    "xb": 30.363513204178755
}