{
    "dataset": "blobs-P10-K2-N128-dt0.80-S7",
    "algorithm": "kmeans",
    "k": 2,
    "n": 128,
    "d": 10,
    "k_true": 2,
    "rand_score": 0.5404773622047244,
    "adjusted_rand_score": 0.08098499452673183,
    "accuracy": 0.6484375,
    "f1_score": 0.6473829201101928,
    "precision": 0.6502347417840375,
    "recall": 0.6484375,
    "sigui": 0.5650698797122722,
    "sse": 1160.4822272581741,
    "sc": 0.08564873991988563,
    "ch": 12.976708312931219,
    "db": 3.023228140929739,
    "bic": -1894.9126386414807,
    "xb": 272.0142637141193
}