{
    "dataset": "blobs-P10-K16-N64-dt0.50-S4",
    "algorithm": "kmeans",
    "k": 2,
    "n": 64,
    "d": 10,
    "k_true": 16,
    "rand_score": 0.5238095238095238,
    "adjusted_rand_score": 0.03374233128834356,
    "accuracy": 0.125,
    "f1_score": 0.027777777777777776,
    "precision": 0.015625,
    "recall": 0.125,
    "sigui": 0.5665796726710595,
    "sse": 572.3250011084021,
    "sc": 0.08830858945528824,
    "ch": 7.331236488276974,
    "db": 2.845338419478212,
    "bic": -962.6258061610106,
    "xb": 121.90122433751687
}