{
    "dataset": "blobs-P2-K32-N1024-dt0.30-S2",
    "algorithm": "kmeans",
    "k": 3,
    "n": 1024,
    "d": 2,
    "k_true": 32,
    "rand_score": 0.6793743890518084,
    "adjusted_rand_score": 0.10928242264647794,
    "accuracy": 0.09375,
    "f1_score": 0.01679292929292929,
    "precision": 0.009263392857142857,
    "recall": 0.09375,
    "sigui": 0.3249715952875483,
    "sse": 693.5031301967899,
    "sc": 0.47100258018390684,
    "ch": 997.0692588486593,
    "db": 0.7330793500946825,
    "bic": -2925.7818082529197,
    "xb": 163.72076030723017
}