{
    "dataset": "blobs-P5-K16-N128-dt0.30-S2",
    "algorithm": "kmeans",
    "k": 2,
    "n": 128,
    "d": 5,
    "k_true": 16,
    "rand_score": 0.4922490157480315,
    "adjusted_rand_score": 0.08415328618932043,
    "accuracy": 0.125,
    "f1_score": 0.030934479054779807,
    "precision": 0.01794224838800112,
    "recall": 0.125,
    "sigui": 0.5109213813982085,
    "sse": 470.562451848681,
    "sc": 0.26783539642081455,
    "ch": 45.36938929825924,
    "db": 1.445835394181386,
    "bic": -919.1290926456286,
    "xb": 72.43609592302322
}