{
    "dataset": "blobs-P10-K32-N64-dt0.20-S1",
    "algorithm": "kmeans",
    "k": 8,
    "n": 64,
    "d": 10,
    "k_true": 32,
    "rand_score": 0.8908730158730159,
    "adjusted_rand_score": 0.17988165680473372,
    "accuracy": 0.25,
    "f1_score": 0.10514346764346764,
    "precision": 0.06768804112554112,
    "recall": 0.25,
    "sigui": 0.46255181411453966,
    "sse": 326.5421354584383,
    "sc": 0.1568801567723808,
    "ch": 7.679446674812551,
    "db": 1.5934083584425567,
    "bic": -1009.0943875048829,
    "xb": 55.580365074285815
}