{
    "dataset": "blobs-P2-K2-N64-dt1.00-S9",
    "algorithm": "kmeans",
    "k": 50,
    "n": 64,
    "d": 2,
    "k_true": 2,
    "rand_score": 0.5094246031746031,
    "adjusted_rand_score": 0.0033272014716468046,
    "accuracy": 0.078125,
    "f1_score": 0.005619047619047619,
    "precision": 0.028333333333333332,
    "recall": 0.003125,
    "sigui": 0.01655255543066955,
    "sse": 0.1402961912815287,
    "sc": 0.22292202831742797,
    "ch": 260.38728216107904,
    "db": 0.1788154390877218,
    "bic": -348.9109163727183,
    "xb": 67.50220336784952
}