{
    "dataset": "blobs-P5-K2-N1024-dt0.80-S7",
    "algorithm": "kmeans",
    "k": 4,
    "n": 1024,
    "d": 5,
    "k_true": 2,
    "rand_score": 0.5446927694281525,
    "adjusted_rand_score": 0.08894165574389955,
    "accuracy": 0.392578125,
    "f1_score": 0.25591807561652363,
    "precision": 0.3675902406417112,
    "recall": 0.1962890625,
    "sigui": 0.49481515360507367,
    "sse": 3473.3921008362368,
    "sc": 0.13413103671488869,
    "ch": 161.1969745287483,
    "db": 1.8278438610222358,
    "bic": -7771.222432339509,
    "xb": 944.1556844345554
}