{
    "dataset": "blobs-P5-K4-N1024-dt0.20-S1",
    "algorithm": "kmeans",
    "k": 8,
    "n": 1024,
    "d": 5,
    "k_true": 4,
    "rand_score": 0.8736940982404692,
    "adjusted_rand_score": 0.594976931713801,
    "accuracy": 0.5263671875,
    "f1_score": 0.34469491680285164,
    "precision": 0.5,
    "recall": 0.26318359375,
    "sigui": 0.27618047194614337,
    "sse": 808.5696525992873,
    "sc": 0.16882659304896294,
    "ch": 773.9262993392142,
    "db": 1.9924341272635737,
    "bic": -4833.216788183625,
    "xb": 1080.8746525262984
}