{
    "dataset": "blobs-P2-K4-N1024-dt0.50-S4",
    "algorithm": "kmeans",
    "k": 10,
    "n": 1024,
    "d": 2,
    "k_true": 4,
    "rand_score": 0.8099359268084066,
    "adjusted_rand_score": 0.3729741400273098,
    "accuracy": 0.453125,
    "f1_score": 0.24739402385097561,
    "precision": 0.39015392621949996,
    "recall": 0.18125,
    "sigui": 0.20701562561683093,
    "sse": 173.28121898199083,
    "sc": 0.33065539083995676,
    "ch": 1218.9336919233438,
    "db": 0.9654046769928628,
    "bic": -2795.023058292974,
    "xb": 312.9988073399781
}