{
    "dataset": "blobs-P5-K4-N1024-dt0.80-S7",
    "algorithm": "kmeans",
    "k": 16,
    "n": 1024,
    "d": 5,
    "k_true": 4,
    "rand_score": 0.7375939332844574,
    "adjusted_rand_score": 0.06607221575461904,
    "accuracy": 0.19140625,
    "f1_score": 0.07573381494752462,
    "precision": 0.18607127825877826,
    "recall": 0.0478515625,
    "sigui": 0.4114167636145944,
    "sse": 1992.8297609871443,
    "sc": 0.1449810123624006,
    "ch": 105.45097437603926,
    "db": 1.4442400712890588,
    "bic": -8007.818845876184,
    "xb": 637.6102994961457
}