{
    "dataset": "blobs-P10-K2-N1024-dt0.30-S2",
    "algorithm": "kmeans",
    "k": 2,
    "n": 1024,
    "d": 10,
    "k_true": 2,
    "rand_score": 0.9176747311827957,
    "adjusted_rand_score": 0.8353493074936046,
    "accuracy": 0.95703125,
    "f1_score": 0.9570310860866016,
    "precision": 0.9570382238498513,
    "recall": 0.95703125,
    "sigui": 0.5447479800091801,
    "sse": 8507.42943771044,
    "sc": 0.15870394403576638,
    "ch": 208.13421111800193,
    "db": 2.156116250929321,
    "bic": -14366.909102343046,
    "xb": 1171.4705191380253
}