{
    "dataset": "blobs-P5-K16-N64-dt0.50-S4",
    "algorithm": "kmeans",
    "k": 4,
    "n": 64,
    "d": 5,
    "k_true": 16,
    "rand_score": 0.7698412698412699,
    "adjusted_rand_score": 0.23008849557522124,
    "accuracy": 0.25,
    "f1_score": 0.11160714285714285,
    "precision": 0.075,
    "recall": 0.25,
    "sigui": 0.40791367524458394,
    "sse": 128.11183297735502,
    "sc": 0.3846222923821531,
    "ch": 29.956353377062833,
    "db": 1.0700778651643956,
    "bic": -441.3524719024365,
    "xb": 25.24793762235631
}