{
    "dataset": "blobs-P10-K32-N128-dt0.40-S3",
    "algorithm": "kmeans",
    "k": 20,
    "n": 128,
    "d": 10,
    "k_true": 32,
    "rand_score": 0.9512795275590551,
    "adjusted_rand_score": 0.3203232694542801,
    "accuracy": 0.5,
    "f1_score": 0.38596611721611723,
    "precision": 0.34598214285714285,
    "recall": 0.5,
    "sigui": 0.41894647482668046,
    "sse": 515.3352123160684,
    "sc": 0.1158708942826254,
    "ch": 8.434346288353769,
    "db": 1.4936599476814518,
    "bic": -2149.044592052641,
    "xb": 124.77568189209185
}