{
    "dataset": "blobs-P5-K4-N1024-dt0.50-S4",
    "algorithm": "kmeans",
    "k": 25,
    "n": 1024,
    "d": 5,
    "k_true": 4,
    "rand_score": 0.7584826337976539,
    "adjusted_rand_score": 0.10402172289549791,
    "accuracy": 0.1494140625,
    "f1_score": 0.04096380411152853,
    "precision": 0.14390205058191202,
    "recall": 0.02390625,
    "sigui": 0.3741883532200528,
    "sse": 1515.8368325662661,
    "sc": 0.14208798904117542,
    "ch": 98.97060727205331,
    "db": 1.4751283753225033,
    "bic": -7947.905083504083,
    "xb": 807.6517407221174
}