{
    "dataset": "blobs-P10-K2-N128-dt0.30-S2",
    "algorithm": "kmeans",
    "k": 8,
    "n": 128,
    "d": 10,
    "k_true": 2,
    "rand_score": 0.6108513779527559,
    "adjusted_rand_score": 0.2171387144112769,
    "accuracy": 0.34375,
    "f1_score": 0.12623925974884337,
    "precision": 0.23904761904761904,
    "recall": 0.0859375,
    "sigui": 0.4816782515324789,
    "sse": 772.3369173398298,
    "sc": 0.07269221696005868,
    "ch": 11.268133773432618,
    "db": 2.163158124211127,
    "bic": -1968.0811462667389,
    "xb": 224.41220329254733
}