{
    "dataset": "blobs-P2-K4-N64-dt0.80-S7",
    "algorithm": "kmeans",
    "k": 2,
    "n": 64,
    "d": 2,
    "k_true": 4,
    "rand_score": 0.626984126984127,
    "adjusted_rand_score": 0.2721238938053097,
    "accuracy": 0.5,
    "f1_score": 0.34285714285714286,
    "precision": 0.26666666666666666,
    "recall": 0.5,
    "sigui": 0.3966211468083747,
    "sse": 69.87539248826849,
    "sc": 0.4091911380049098,
    "ch": 51.57360177021388,
    "db": 0.9663143298063874,
    "bic": -197.73247564543323,
    "xb": 16.857327407832454
}