{
    "dataset": "blobs-P2-K32-N128-dt0.30-S2",
    "algorithm": "kmeans",
    "k": 8,
    "n": 128,
    "d": 2,
    "k_true": 32,
    "rand_score": 0.8818897637795275,
    "adjusted_rand_score": 0.2555685814771395,
    "accuracy": 0.25,
    "f1_score": 0.11889880952380952,
    "precision": 0.08802083333333334,
    "recall": 0.25,
    "sigui": 0.17447797204820248,
    "sse": 16.735158525028417,
    "sc": 0.5845293224150913,
    "ch": 245.09376416001615,
    "db": 0.5662541837123782,
    "bic": -324.9153466634186,
    "xb": 28.672282332477003
}