{
    "dataset": "blobs-P2-K8-N128-dt0.10-S0",
    "algorithm": "kmeans",
    "k": 32,
    "n": 128,
    "d": 2,
    "k_true": 8,
    "rand_score": 0.9132627952755905,
    "adjusted_rand_score": 0.3894855272578501,
    "accuracy": 0.4140625,
    "f1_score": 0.14522962544701673,
    "precision": 0.25,
    "recall": 0.103515625,
    "sigui": 0.014621529195955163,
    "sse": 0.09862494599465954,
    "sc": 0.3913750131820109,
    "ch": 8035.175749588775,
    "db": 0.659517267216176,
    "bic": -22.1957713086652,
    "xb": 127.76060382333178
}