{
    "dataset": "blobs-P10-K4-N128-dt0.50-S4",
    "algorithm": "kmeans",
    "k": 4,
    "n": 128,
    "d": 10,
    "k_true": 4,
    "rand_score": 0.7207185039370079,
    "adjusted_rand_score": 0.24678901000135858,
    "accuracy": 0.59375,
    "f1_score": 0.5970214093701997,
    "precision": 0.6042410714285714,
    "recall": 0.59375,
    "sigui": 0.5192427732645475,
    "sse": 957.2799028550207,
    "sc": 0.0929947632784581,
    "ch": 13.93437521134228,
    "db": 2.3907099911339205,
    "bic": -1913.9630599159084,
    "xb": 198.36924687420375
}