{
    "dataset": "blobs-P2-K4-N64-dt0.90-S8",
    "algorithm": "kmeans",
    "k": 32,
    "n": 64,
    "d": 2,
    "k_true": 4,
    "rand_score": 0.7643849206349206,
    "adjusted_rand_score": 0.06644829199812821,
    "accuracy": 0.203125,
    "f1_score": 0.04047547846889952,
    "precision": 0.10677083333333333,
    "recall": 0.025390625,
    "sigui": 0.062297117883530505,
    "sse": 1.4493165389283875,
    "sc": 0.30522822489865997,
    "ch": 90.13418398530662,
    "db": 0.41900772611255077,
    "bic": -318.3845838995251,
    "xb": 57.93065183790104
}