{
    "dataset": "blobs-P10-K4-N1024-dt0.90-S8",
    "algorithm": "kmeans",
    "k": 32,
    "n": 1024,
    "d": 10,
    "k_true": 4,
    "rand_score": 0.7410610642717498,
    "adjusted_rand_score": 0.022557335201293504,
    "accuracy": 0.087890625,
    "f1_score": 0.0193177968152558,
    "precision": 0.08092105263157895,
    "recall": 0.010986328125,
    "sigui": 0.47122838996201344,
    "sse": 5402.568000542205,
    "sc": 0.07364531602610444,
    "ch": 28.652637776537713,
    "db": 1.9708705462870244,
    "bic": -16012.1744570137,
    "xb": 1311.6560740967948
}