{
    "dataset": "blobs-P5-K8-N1024-dt0.10-S0",
    "algorithm": "kmeans",
    "k": 2,
    "n": 1024,
    "d": 5,
    "k_true": 8,
    "rand_score": 0.624633431085044,
    "adjusted_rand_score": 0.24871481028151773,
    "accuracy": 0.25,
    "f1_score": 0.1,
    "precision": 0.0625,
    "recall": 0.25,
    "sigui": 0.46535366562750874,
    "sse": 2909.7302710789068,
    "sc": 0.4485361829857391,
    "ch": 776.3247629546688,
    "db": 1.0969264239839955,
    "bic": -6569.70094847636,
    "xb": 319.5102814207165
}