{
    "dataset": "blobs-P2-K16-N1024-dt0.70-S6",
    "algorithm": "kmeans",
    "k": 3,
    "n": 1024,
    "d": 2,
    "k_true": 16,
    "rand_score": 0.710204362170088,
    "adjusted_rand_score": 0.21349285538714238,
    "accuracy": 0.1875,
    "f1_score": 0.061366588197093924,
    "precision": 0.036979688021354686,
    "recall": 0.1875,
    "sigui": 0.3308718030512237,
    "sse": 667.6935866231566,
    "sc": 0.49930395904156444,
    "ch": 1055.3440053132913,
    "db": 0.7312742120680399,
    "bic": -2888.248269160639,
    "xb": 164.9009421970887
}