{
    "dataset": "blobs-P10-K2-N128-dt1.00-S9",
    "algorithm": "kmeans",
    "k": 16,
    "n": 128,
    "d": 10,
    "k_true": 2,
    "rand_score": 0.5027066929133859,
    "adjusted_rand_score": -0.0013537765293383272,
    "accuracy": 0.140625,
    "f1_score": 0.028663583252190847,
    "precision": 0.07767857142857143,
    "recall": 0.017578125,
    "sigui": 0.45235089257572714,
    "sse": 651.6278148896579,
    "sc": 0.09810516899540972,
    "ch": 7.200192412931872,
    "db": 1.683725272839801,
    "bic": -2154.7189517415477,
    "xb": 138.71689559006154
}