{
    "dataset": "blobs-P10-K16-N64-dt0.40-S3",
    "algorithm": "kmeans",
    "k": 10,
    "n": 64,
    "d": 10,
    "k_true": 16,
    "rand_score": 0.8908730158730159,
    "adjusted_rand_score": 0.26782884310618066,
    "accuracy": 0.53125,
    "f1_score": 0.4290549728049728,
    "precision": 0.411787518037518,
    "recall": 0.53125,
    "sigui": 0.4499412387854681,
    "sse": 311.572426774952,
    "sc": 0.12929474692923767,
    "ch": 6.324582248010098,
    "db": 1.5198718486791223,
    "bic": -1049.5896168067668,
    "xb": 59.91138064857395
}