{
    "dataset": "blobs-P5-K16-N64-dt0.40-S3",
    "algorithm": "kmeans",
    "k": 8,
    "n": 64,
    "d": 5,
    "k_true": 16,
    "rand_score": 0.847718253968254,
    "adjusted_rand_score": 0.29763590805098594,
    "accuracy": 0.5,
    "f1_score": 0.398018648018648,
    "precision": 0.36493506493506495,
    "recall": 0.5,
    "sigui": 0.3812150296274993,
    "sse": 110.99017604856962,
    "sc": 0.26344890939808985,
    "ch": 15.065104418608511,
    "db": 1.144704386242474,
    "bic": -503.18736941468234,
    "xb": 45.62532932534875
}