{
    "dataset": "blobs-P10-K2-N64-dt0.10-S0",
    "algorithm": "kmeans",
    "k": 32,
    "n": 64,
    "d": 10,
    "k_true": 2,
    "rand_score": 0.5396825396825397,
    "adjusted_rand_score": 0.06547314578005115,
    "accuracy": 0.171875,
    "f1_score": 0.018314366998577525,
    "precision": 0.0625,
    "recall": 0.0107421875,
    "sigui": 0.19672122169436645,
    "sse": 60.68738269797353,
    "sc": 0.10274938740128504,
    "ch": 9.853780052800516,
    "db": 0.8067155676302669,
    "bic": -1156.3586827875306,
    "xb": 37.9710787085381
}