{
    "dataset": "blobs-P5-K16-N64-dt0.30-S2",
    "algorithm": "kmeans",
    "k": 3,
    "n": 64,
    "d": 5,
    "k_true": 16,
    "rand_score": 0.6909722222222222,
    "adjusted_rand_score": 0.14046383286249262,
    "accuracy": 0.1875,
    "f1_score": 0.06168831168831169,
    "precision": 0.03721546089700248,
    "recall": 0.1875,
    "sigui": 0.4930665411602149,
    "sse": 195.30967076392187,
    "sc": 0.23797433395736306,
    "ch": 19.47192387773403,
    "db": 1.4449538693087287,
    "bic": -480.99983055480413,
    "xb": 34.795471169238944
}