{
    "dataset": "blobs-P10-K4-N1024-dt0.10-S0",
    "algorithm": "kmeans",
    "k": 2,
    "n": 1024,
    "d": 10,
    "k_true": 4,
    "rand_score": 0.624633431085044,
    "adjusted_rand_score": 0.33268101761252444,
    "accuracy": 0.5,
    "f1_score": 0.375,
    "precision": 0.3333333333333333,
    "recall": 0.5,
    "sigui": 0.5079433168526536,
    "sse": 7233.568487650373,
    "sc": 0.3261418021597566,
    "ch": 424.76586913734553,
    "db": 1.0939421070586457,
    "bic": -13402.463747472273,
    "xb": 448.6324921600286
}