{
    "dataset": "blobs-P10-K16-N64-dt0.40-S3",
    "algorithm": "kmeans",
    "k": 3,
    "n": 64,
    "d": 10,
    "k_true": 16,
    "rand_score": 0.6502976190476191,
    "adjusted_rand_score": 0.06244063073902856,
    "accuracy": 0.1875,
    "f1_score": 0.06492003367003367,
    "precision": 0.04032358820589705,
    "recall": 0.1875,
    "sigui": 0.5434181038857349,
    "sse": 506.4495260477062,
    "sc": 0.11032855442179391,
    "ch": 8.04283397663061,
    "db": 2.305124685617457,
    "bic": -968.7929505504613,
    "xb": 94.86879578558796
}