{
    "dataset": "blobs-P2-K32-N128-dt0.30-S2",
    "algorithm": "kmeans",
    "k": 32,
    "n": 128,
    "d": 2,
    "k_true": 32,
    "rand_score": 0.9939714566929134,
    "adjusted_rand_score": 0.8728624839111693,
    "accuracy": 0.9296875,
    "f1_score": 0.9218501984126983,
    "precision": 0.9223958333333333,
    "recall": 0.9296875,
    "sigui": 0.021068079243916044,
    "sse": 0.2102293957169527,
    "sc": 0.6796967307241506,
    "ch": 3767.899145976233,
    "db": 0.358627427716972,
    "bic": -132.05575537096774,
    "xb": 116.15136021586162
}