{
    "dataset": "blobs-P2-K16-N128-dt0.80-S7",
    "algorithm": "kmeans",
    "k": 20,
    "n": 128,
    "d": 2,
    "k_true": 16,
    "rand_score": 0.9585383858267716,
    "adjusted_rand_score": 0.5947026013503915,
    "accuracy": 0.6640625,
    "f1_score": 0.5425036148062464,
    "precision": 0.5859469696969697,
    "recall": 0.53125,
    "sigui": 0.09629124402646122,
    "sse": 4.362125567349055,
    "sc": 0.4562089322718247,
    "ch": 327.9049703145211,
    "db": 0.6868517408483944,
    "bic": -358.8900465760579,
    "xb": 67.09476529366823
}