{
    "dataset": "blobs-P5-K2-N128-dt0.80-S7",
    "algorithm": "kmeans",
    "k": 10,
    "n": 128,
    "d": 5,
    "k_true": 2,
    "rand_score": 0.5210383858267716,
    "adjusted_rand_score": 0.036128770643131886,
    "accuracy": 0.21875,
    "f1_score": 0.06830284099360404,
    "precision": 0.15603715170278637,
    "recall": 0.04375,
    "sigui": 0.397653132175053,
    "sse": 258.9912590846362,
    "sc": 0.1758201030479263,
    "ch": 19.28809471833723,
    "db": 1.3310461391226798,
    "bic": -1049.8887243371942,
    "xb": 76.37490713239119
}