{
    "dataset": "blobs-P10-K4-N64-dt0.50-S4",
    "algorithm": "kmeans",
    "k": 10,
    "n": 64,
    "d": 10,
    "k_true": 4,
    "rand_score": 0.7713293650793651,
    "adjusted_rand_score": 0.23294509151414308,
    "accuracy": 0.421875,
    "f1_score": 0.21063218390804597,
    "precision": 0.2894230769230769,
    "recall": 0.16875,
    "sigui": 0.4583520638388583,
    "sse": 353.4573380322161,
    "sc": 0.06362149100546019,
    "ch": 4.864111695567626,
    "db": 1.6601727239161979,
    "bic": -1088.4110648877154,
    "xb": 69.23438013806113
}