{
    "dataset": "blobs-P5-K4-N128-dt0.50-S4",
    "algorithm": "kmeans",
    "k": 10,
    "n": 128,
    "d": 5,
    "k_true": 4,
    "rand_score": 0.8074557086614174,
    "adjusted_rand_score": 0.35780453839020593,
    "accuracy": 0.46875,
    "f1_score": 0.2380214075968552,
    "precision": 0.3309561783245994,
    "recall": 0.1875,
    "sigui": 0.35305592699013044,
    "sse": 180.58505664754793,
    "sc": 0.16156679535438354,
    "ch": 33.35514289067067,
    "db": 1.439131087633585,
    "bic": -934.3869141428199,
    "xb": 94.1217125824578
}