{
    "dataset": "blobs-P10-K8-N64-dt0.90-S8",
    "algorithm": "kmeans",
    "k": 3,
    "n": 64,
    "d": 10,
    "k_true": 8,
    "rand_score": 0.6344246031746031,
    "adjusted_rand_score": 0.07554006968641115,
    "accuracy": 0.28125,
    "f1_score": 0.15434782608695652,
    "precision": 0.1096813725490196,
    "recall": 0.28125,
    "sigui": 0.5443747218383039,
    "sse": 506.9131985408185,
    "sc": 0.10176783918030442,
    "ch": 8.007578923155968,
    "db": 2.200720483482685,
    "bic": -968.9836849407677,
    "xb": 81.54733000209178
}