{
    "dataset": "blobs-P2-K8-N64-dt0.90-S8",
    "algorithm": "kmeans",
    "k": 10,
    "n": 64,
    "d": 2,
    "k_true": 8,
    "rand_score": 0.8601190476190477,
    "adjusted_rand_score": 0.26900921658986177,
    "accuracy": 0.515625,
    "f1_score": 0.44638586387812396,
    "precision": 0.5332323232323232,
    "recall": 0.4125,
    "sigui": 0.17006649416740902,
    "sse": 7.534455851318218,
    "sc": 0.3972229331347833,
    "ch": 95.93171413508671,
    "db": 0.7365912303780134,
    "bic": -205.3516164817727,
    "xb": 20.22614145427132
}