{
    "dataset": "blobs-P5-K16-N64-dt0.40-S3",
    "algorithm": "kmeans",
    "k": 25,
    "n": 64,
    "d": 5,
    "k_true": 16,
    "rand_score": 0.972718253968254,
    "adjusted_rand_score": 0.6447247000922793,
    "accuracy": 0.71875,
    "f1_score": 0.5071428571428571,
    "precision": 0.59,
    "recall": 0.46,
    "sigui": 0.19685788702241303,
    "sse": 24.006769709774154,
    "sc": 0.26267594917312,
    "ch": 20.035556846525097,
    "db": 0.7377928138268058,
    "bic": -568.1131064021799,
    "xb": 34.23170346915454
}