{
    "dataset": "blobs-P5-K8-N128-dt0.10-S0",
    "algorithm": "kmeans",
    "k": 16,
    "n": 128,
    "d": 5,
    "k_true": 8,
    "rand_score": 0.953371062992126,
    "adjusted_rand_score": 0.7300100405548668,
    "accuracy": 0.7265625,
    "f1_score": 0.41808513325754704,
    "precision": 0.5,
    "recall": 0.36328125,
    "sigui": 0.05026806012972427,
    "sse": 2.429355942583709,
    "sc": 0.27378827394058913,
    "ch": 1959.5841812154188,
    "db": 1.192627081032324,
    "bic": 303.00828810762056,
    "xb": 142.2202825114744
}