{
    "dataset": "blobs-P10-K16-N64-dt0.30-S2",
    "algorithm": "kmeans",
    "k": 25,
    "n": 64,
    "d": 10,
    "k_true": 16,
    "rand_score": 0.9642857142857143,
    "adjusted_rand_score": 0.5376146788990825,
    "accuracy": 0.671875,
    "f1_score": 0.4796825396825397,
    "precision": 0.5693333333333332,
    "recall": 0.43,
    "sigui": 0.27874064895684425,
    "sse": 106.74562059221462,
    "sc": 0.18881696853065316,
    "ch": 8.117788455677886,
    "db": 0.9223906609433628,
    "bic": -1139.8737535971984,
    "xb": 30.22069395656994
}