{
    "dataset": "blobs-P5-K4-N1024-dt0.60-S5",
    "algorithm": "kmeans",
    "k": 25,
    "n": 1024,
    "d": 5,
    "k_true": 4,
    "rand_score": 0.7473271016617791,
    "adjusted_rand_score": 0.06360488753914226,
    "accuracy": 0.134765625,
    "f1_score": 0.036442836961904576,
    "precision": 0.11910494103597552,
    "recall": 0.0215625,
    "sigui": 0.37176554268715806,
    "sse": 1618.5228337442563,
    "sc": 0.14246410480707208,
    "ch": 90.05062147206338,
    "db": 1.42886787149758,
    "bic": -8108.625427734124,
    "xb": 791.774997414242
}