{
    "dataset": "blobs-P10-K8-N128-dt0.20-S1",
    "algorithm": "kmeans",
    "k": 20,
    "n": 128,
    "d": 10,
    "k_true": 8,
    "rand_score": 0.9419291338582677,
    "adjusted_rand_score": 0.6458382568417073,
    "accuracy": 0.625,
    "f1_score": 0.3019535616806981,
    "precision": 0.4,
    "recall": 0.25,
    "sigui": 0.3259943326839735,
    "sse": 275.6635255008249,
    "sc": 0.12149096202831258,
    "ch": 20.70952241483256,
    "db": 1.716760143983231,
    "bic": -1736.8839702175883,
    "xb": 256.7419199442359
}