{
    "dataset": "blobs-P10-K4-N128-dt0.40-S3",
    "algorithm": "kmeans",
    "k": 16,
    "n": 128,
    "d": 10,
    "k_true": 4,
    "rand_score": 0.7625492125984252,
    "adjusted_rand_score": 0.16246950365272775,
    "accuracy": 0.28125,
    "f1_score": 0.10044515669515669,
    "precision": 0.2002840909090909,
    "recall": 0.0703125,
    "sigui": 0.4236336989327147,
    "sse": 559.5648250156719,
    "sc": 0.09521799122180394,
    "ch": 9.613272789973871,
    "db": 1.6978356927614955,
    "bic": -2054.206896528094,
    "xb": 159.9000687393327
}