{
    "dataset": "blobs-P5-K4-N1024-dt0.90-S8",
    "algorithm": "kmeans",
    "k": 3,
    "n": 1024,
    "d": 5,
    "k_true": 4,
    "rand_score": 0.6708478433528837,
    "adjusted_rand_score": 0.21181103848594138,
    "accuracy": 0.5390625,
    "f1_score": 0.46266479970210617,
    "precision": 0.406941361865323,
    "recall": 0.5390625,
    "sigui": 0.5085747413654849,
    "sse": 3696.406519137098,
    "sc": 0.15362789333552168,
    "ch": 196.60837308288458,
    "db": 1.7779655492273136,
    "bic": -7613.619837979468,
    "xb": 830.3349039571877
}