{
    "dataset": "blobs-P10-K16-N64-dt1.00-S9",
    "algorithm": "kmeans",
    "k": 10,
    "n": 64,
    "d": 10,
    "k_true": 16,
    "rand_score": 0.8670634920634921,
    "adjusted_rand_score": 0.04480651731160896,
    "accuracy": 0.328125,
    "f1_score": 0.2565549034299034,
    "precision": 0.2298859126984127,
    "recall": 0.328125,
    "sigui": 0.4524250626701137,
    "sse": 332.6295302795322,
    "sc": 0.1222350395315674,
    "ch": 5.544374898924264,
    "db": 1.6641363942680982,
    "bic": -1073.682470820974,
    "xb": 63.83481727778444
}