{
    "dataset": "blobs-P10-K4-N128-dt0.90-S8",
    "algorithm": "kmeans",
    "k": 16,
    "n": 128,
    "d": 10,
    "k_true": 4,
    "rand_score": 0.7262549212598425,
    "adjusted_rand_score": 0.0211920621559927,
    "accuracy": 0.171875,
    "f1_score": 0.0633640180878553,
    "precision": 0.12428977272727273,
    "recall": 0.04296875,
    "sigui": 0.4636904998153525,
    "sse": 675.2295786994849,
    "sc": 0.07591925742576683,
    "ch": 6.687531601337354,
    "db": 1.6716936136470686,
    "bic": -2177.555074452773,
    "xb": 112.22507412590498
}