{
    "dataset": "blobs-P5-K4-N1024-dt0.90-S8",
    "algorithm": "kmeans",
    "k": 2,
    "n": 1024,
    "d": 5,
    "k_true": 4,
    "rand_score": 0.5641820167399805,
    "adjusted_rand_score": 0.13021770109148276,
    "accuracy": 0.3984375,
    "f1_score": 0.26561419309887757,
    "precision": 0.1995551720832135,
    "recall": 0.3984375,
    "sigui": 0.5252083588508707,
    "sse": 4314.123341529563,
    "sc": 0.15151840185521237,
    "ch": 190.95717805734816,
    "db": 2.189223262461793,
    "bic": -7575.239193360955,
    "xb": 1177.2687705758979
}