{
    "dataset": "blobs-P2-K8-N1024-dt0.30-S2",
    "algorithm": "kmeans",
    "k": 3,
    "n": 1024,
    "d": 2,
    "k_true": 8,
    "rand_score": 0.530791788856305,
    "adjusted_rand_score": 0.1770794229634794,
    "accuracy": 0.375,
    "f1_score": 0.2857142857142857,
    "precision": 0.27083333333333337,
    "recall": 0.375,
    "sigui": 0.3266076324262964,
    "sse": 614.7998471686129,
    "sc": 0.607694672764842,
    "ch": 1190.0599542923521,
    "db": 0.4306869161953612,
    "bic": -2458.257052138473,
    "xb": 118.53738980933748
}