{
    "dataset": "blobs-P2-K4-N1024-dt0.20-S1",
    "algorithm": "kmeans",
    "k": 32,
    "n": 1024,
    "d": 2,
    "k_true": 4,
    "rand_score": 0.784598759775171,
    "adjusted_rand_score": 0.1916651990605472,
    "accuracy": 0.2080078125,
    "f1_score": 0.04300246697979783,
    "precision": 0.125,
    "recall": 0.0260009765625,
    "sigui": 0.0992944090674473,
    "sse": 38.65198834238141,
    "sc": 0.3218646468646663,
    "ch": 1663.6707751112326,
    "db": 0.9001103987178765,
    "bic": -2658.1337136101006,
    "xb": 315.1097981902763
}