{
    "dataset": "blobs-P10-K16-N1024-dt0.80-S7",
    "algorithm": "kmeans",
    "k": 4,
    "n": 1024,
    "d": 10,
    "k_true": 16,
    "rand_score": 0.7406601295210166,
    "adjusted_rand_score": 0.0838915085663519,
    "accuracy": 0.1904296875,
    "f1_score": 0.07638180255960766,
    "precision": 0.04788921099645167,
    "recall": 0.1904296875,
    "sigui": 0.5371242690453112,
    "sse": 8256.73986671055,
    "sc": 0.07936186866919617,
    "ch": 81.66763834199072,
    "db": 2.5472528313067215,
    "bic": -14993.10854818137,
    "xb": 1754.3244461788804
}