{
    "dataset": "blobs-P5-K2-N1024-dt0.10-S0",
    "algorithm": "kmeans",
    "k": 2,
    "n": 1024,
    "d": 5,
    "k_true": 2,
    "rand_score": 1.0,
    "adjusted_rand_score": 1.0,
    "accuracy": 1.0,
    "f1_score": 1.0,
    "precision": 1.0,
    "recall": 1.0,
    "sigui": 0.4060937240678092,
    "sse": 2364.997884103852,
    "sc": 0.4910035504552467,
    "ch": 1190.5347490459853,
    "db": 0.8527236110023837,
    "bic": -6039.055804761355,
    "xb": 210.95872843556052
}