{
    "dataset": "blobs-P2-K8-N1024-dt1.00-S9",
    "algorithm": "kmeans",
    "k": 10,
    "n": 1024,
    "d": 2,
    "k_true": 8,
    "rand_score": 0.879160175342131,
    "adjusted_rand_score": 0.4263866500183555,
    "accuracy": 0.5869140625,
    "f1_score": 0.486324888452968,
    "precision": 0.5265697423987629,
    "recall": 0.46953125,
    "sigui": 0.18901793657746851,
    "sse": 167.1593573788938,
    "sc": 0.34449784498634506,
    "ch": 1267.7258990776284,
    "db": 0.9757773774651985,
    "bic": -2705.848849482014,
    "xb": 343.56133532249726
}