{
    "dataset": "blobs-P2-K4-N64-dt0.50-S4",
    "algorithm": "kmeans",
    "k": 32,
    "n": 64,
    "d": 2,
    "k_true": 4,
    "rand_score": 0.7683531746031746,
    "adjusted_rand_score": 0.07837609247251198,
    "accuracy": 0.203125,
    "f1_score": 0.04057017543859649,
    "precision": 0.10625,
    "recall": 0.025390625,
    "sigui": 0.05642446973548159,
    "sse": 1.0545603682708187,
    "sc": 0.3953823087393273,
    "ch": 124.26074196991418,
    "db": 0.39910099619683226,
    "bic": -299.8057234466081,
    "xb": 51.63758250017851
}