{
    "dataset": "blobs-P5-K32-N128-dt0.60-S5",
    "algorithm": "kmeans",
    "k": 10,
    "n": 128,
    "d": 5,
    "k_true": 32,
    "rand_score": 0.906003937007874,
    "adjusted_rand_score": 0.2693674698795181,
    "accuracy": 0.3125,
    "f1_score": 0.16487876981031138,
    "precision": 0.12037426013528954,
    "recall": 0.3125,
    "sigui": 0.3477512950884138,
    "sse": 175.08305167083122,
    "sc": 0.2823644242791399,
    "ch": 34.8153502512771,
    "db": 1.037431141798002,
    "bic": -923.8156983681965,
    "xb": 54.615165046583655
}