{
    "dataset": "blobs-P10-K4-N1024-dt0.90-S8",
    "algorithm": "kmeans",
    "k": 25,
    "n": 1024,
    "d": 10,
    "k_true": 4,
    "rand_score": 0.7381113300342131,
    "adjusted_rand_score": 0.02758505102457552,
    "accuracy": 0.109375,
    "f1_score": 0.029917095029137933,
    "precision": 0.1046604462393936,
    "recall": 0.0175,
    "sigui": 0.48069590860990663,
    "sse": 5787.904731302166,
    "sc": 0.0737632479582066,
    "ch": 32.01823011310247,
    "db": 2.0181124447373917,
    "bic": -15847.826370581099,
    "xb": 1302.5426389171334
}