{
    "dataset": "blobs-P10-K16-N1024-dt0.20-S1",
    "algorithm": "kmeans",
    "k": 2,
    "n": 1024,
    "d": 10,
    "k_true": 16,
    "rand_score": 0.5509397146871945,
    "adjusted_rand_score": 0.11522474875374242,
    "accuracy": 0.125,
    "f1_score": 0.028182193477363424,
    "precision": 0.01591402695593726,
    "recall": 0.125,
    "sigui": 0.5614230902536625,
    "sse": 8834.606263724814,
    "sc": 0.15547103307358207,
    "ch": 162.57797524840336,
    "db": 2.448960788322627,
    "bic": -14550.801667957921,
    "xb": 1451.2662801022514
}