{
    "dataset": "blobs-P2-K2-N128-dt1.00-S9",
    "algorithm": "kmeans",
    "k": 3,
    "n": 128,
    "d": 2,
    "k_true": 2,
    "rand_score": 0.5340797244094488,
    "adjusted_rand_score": 0.06563039723661486,
    "accuracy": 0.4609375,
    "f1_score": 0.3694233821195556,
    "precision": 0.4630860095976375,
    "recall": 0.3072916666666667,
    "sigui": 0.38665784248392665,
    "sse": 97.4797787557005,
    "sc": 0.3848609705464425,
    "ch": 101.6366056041068,
    "db": 0.8407562763184485,
    "bic": -402.14449783274983,
    "xb": 25.13770831127978
}