{
    "dataset": "blobs-P10-K32-N128-dt0.80-S7",
    "algorithm": "kmeans",
    "k": 32,
    "n": 128,
    "d": 10,
    "k_true": 32,
    "rand_score": 0.9496801181102362,
    "adjusted_rand_score": 0.09533761777870665,
    "accuracy": 0.3984375,
    "f1_score": 0.3963135822510822,
    "precision": 0.4707217261904762,
    "recall": 0.3984375,
    "sigui": 0.38003528536962167,
    "sse": 450.6904230438422,
    "sc": 0.07697742519278501,
    "ch": 5.698333856387561,
    "db": 1.4300182047808438,
    "bic": -2449.8674066349276,
    "xb": 157.03782114601003
}