{
    "dataset": "blobs-P2-K2-N64-dt0.20-S1",
    "algorithm": "kmeans",
    "k": 4,
    "n": 64,
    "d": 2,
    "k_true": 2,
    "rand_score": 0.7316468253968254,
    "adjusted_rand_score": 0.45883679204839556,
    "accuracy": 0.53125,
    "f1_score": 0.34346938775510205,
    "precision": 0.4861111111111111,
    "recall": 0.265625,
    "sigui": 0.2814638792454441,
    "sse": 27.777798347463765,
    "sc": 0.4682738321178928,
    "ch": 72.15993175476916,
    "db": 0.6945701637874251,
    "bic": -197.33877561129543,
    "xb": 11.294084411028747
}