{
    "dataset": "blobs-P2-K16-N128-dt0.50-S4",
    "algorithm": "kmeans",
    "k": 50,
    "n": 128,
    "d": 2,
    "k_true": 16,
    "rand_score": 0.9608759842519685,
    "adjusted_rand_score": 0.4580806183242982,
    "accuracy": 0.5078125,
    "f1_score": 0.20960839160839162,
    "precision": 0.31214285714285717,
    "recall": 0.1625,
    "sigui": 0.027632924341966025,
    "sse": 0.436943994674026,
    "sc": 0.38900266904769176,
    "ch": 931.0453182527503,
    "db": 0.5316510658869971,
    "bic": -405.01025688773314,
    "xb": 151.11656592223653
}