{
    "dataset": "blobs-P5-K8-N1024-dt0.50-S4",
    "algorithm": "kmeans",
    "k": 25,
    "n": 1024,
    "d": 5,
    "k_true": 8,
    "rand_score": 0.8740301197458455,
    "adjusted_rand_score": 0.18761201583672693,
    "accuracy": 0.28515625,
    "f1_score": 0.13287013311649415,
    "precision": 0.2489069937249655,
    "recall": 0.09125,
    "sigui": 0.36746851504493183,
    "sse": 1471.2561941859979,
    "sc": 0.1410677686597679,
    "ch": 103.23080474848088,
    "db": 1.534082760441177,
    "bic": -7862.3873956422185,
    "xb": 865.4913878425888
}