{
    "dataset": "blobs-P10-K4-N128-dt0.30-S2",
    "algorithm": "kmeans",
    "k": 8,
    "n": 128,
    "d": 10,
    "k_true": 4,
    "rand_score": 0.8110236220472441,
    "adjusted_rand_score": 0.39204906690601743,
    "accuracy": 0.4921875,
    "f1_score": 0.30556284263276495,
    "precision": 0.4073226544622426,
    "recall": 0.24609375,
    "sigui": 0.46543948465412377,
    "sse": 657.3176715670452,
    "sc": 0.08361729201003243,
    "ch": 16.23956674747487,
    "db": 2.286283993335415,
    "bic": -1863.9255811967273,
    "xb": 278.4199737431846
}