{
    "dataset": "blobs-P10-K2-N1024-dt0.90-S8",
    "algorithm": "kmeans",
    "k": 8,
    "n": 1024,
    "d": 10,
    "k_true": 2,
    "rand_score": 0.5179179649315738,
    "adjusted_rand_score": 0.03512888848859603,
    "accuracy": 0.2041015625,
    "f1_score": 0.08028393930569465,
    "precision": 0.18914152090049147,
    "recall": 0.051025390625,
    "sigui": 0.525936378102472,
    "sse": 7473.969651616393,
    "sc": 0.07010149613019552,
    "ch": 53.71570482914977,
    "db": 2.338959200885402,
    "bic": -15348.040337127815,
    "xb": 1575.500846028853
}