{
    "dataset": "blobs-P5-K8-N64-dt0.20-S1",
    "algorithm": "kmeans",
    "k": 32,
    "n": 64,
    "d": 5,
    "k_true": 8,
    "rand_score": 0.9117063492063492,
    "adjusted_rand_score": 0.326890756302521,
    "accuracy": 0.4375,
    "f1_score": 0.15075757575757573,
    "precision": 0.25,
    "recall": 0.109375,
    "sigui": 0.10646445300555518,
    "sse": 8.26994594874539,
    "sc": 0.21900703545440564,
    "ch": 38.910273929332455,
    "db": 0.6079908685341797,
    "bic": -511.56515715600125,
    "xb": 47.81506827411167
}