{
    "dataset": "blobs-P10-K4-N128-dt0.80-S7",
    "algorithm": "kmeans",
    "k": 25,
    "n": 128,
    "d": 10,
    "k_true": 4,
    "rand_score": 0.7436023622047244,
    "adjusted_rand_score": 0.03200228221989774,
    "accuracy": 0.140625,
    "f1_score": 0.03740890688259109,
    "precision": 0.11142857142857142,
    "recall": 0.0225,
    "sigui": 0.4085053798135418,
    "sse": 507.52348849905957,
    "sc": 0.09231797615442774,
    "ch": 6.5321345126230135,
    "db": 1.4638857451920617,
    "bic": -2303.344314728574,
    "xb": 103.56912128363888
}