{
    "dataset": "blobs-P2-K16-N1024-dt0.30-S2",
    "algorithm": "kmeans",
    "k": 50,
    "n": 1024,
    "d": 2,
    "k_true": 16,
    "rand_score": 0.9598320656158358,
    "adjusted_rand_score": 0.5071411745365421,
    "accuracy": 0.439453125,
    "f1_score": 0.1921291156712222,
    "precision": 0.3193220338983051,
    "recall": 0.140625,
    "sigui": 0.03568796588010724,
    "sse": 4.217553078457507,
    "sc": 0.34859277400529654,
    "ch": 9633.17254512859,
    "db": 0.8994444930609056,
    "bic": -1011.5765432653174,
    "xb": 310.0202944358734
}