{
    "dataset": "blobs-P5-K2-N1024-dt0.90-S8",
    "algorithm": "kmeans",
    "k": 16,
    "n": 1024,
    "d": 5,
    "k_true": 2,
    "rand_score": 0.5094066929374389,
    "adjusted_rand_score": 0.01797563641660406,
    "accuracy": 0.115234375,
    "f1_score": 0.024854749127641605,
    "precision": 0.0907372039724981,
    "recall": 0.014404296875,
    "sigui": 0.4047668978184353,
    "sse": 2083.6668640008243,
    "sc": 0.13165801017540862,
    "ch": 97.92428447384674,
    "db": 1.450521159169252,
    "bic": -8118.904139678158,
    "xb": 684.6873889523159
}