{
    "dataset": "blobs-P2-K2-N1024-dt0.90-S8",
    "algorithm": "kmeans",
    "k": 16,
    "n": 1024,
    "d": 2,
    "k_true": 2,
    "rand_score": 0.5133740377565983,
    "adjusted_rand_score": 0.025941270056841787,
    "accuracy": 0.146484375,
    "f1_score": 0.030533927173476083,
    "precision": 0.09272501906941266,
    "recall": 0.018310546875,
    "sigui": 0.22168580456032355,
    "sse": 206.08098142076443,
    "sc": 0.32998182275320515,
    "ch": 600.6374990304771,
    "db": 0.8541903995583222,
    "bic": -3430.413137999352,
    "xb": 371.0971953423041
}