{
    "dataset": "blobs-P5-K8-N1024-dt0.70-S6",
    "algorithm": "kmeans",
    "k": 3,
    "n": 1024,
    "d": 5,
    "k_true": 8,
    "rand_score": 0.7018362811583577,
    "adjusted_rand_score": 0.20776000400714537,
    "accuracy": 0.3408203125,
    "f1_score": 0.1871597078028034,
    "precision": 0.12931100753369396,
    "recall": 0.3408203125,
    "sigui": 0.491296803525322,
    "sse": 3572.9688248835555,
    "sc": 0.17800215558880997,
    "ch": 221.03730919697654,
    "db": 1.7567799667746495,
    "bic": -7526.990530455026,
    "xb": 876.7784043574899
}