{
    "dataset": "blobs-P2-K32-N64-dt0.50-S4",
    "algorithm": "kmeans",
    "k": 32,
    "n": 64,
    "d": 2,
    "k_true": 32,
    "rand_score": 0.9841269841269841,
    "adjusted_rand_score": 0.5922330097087378,
    "accuracy": 0.78125,
    "f1_score": 0.7636904761904761,
    "precision": 0.8145833333333332,
    "recall": 0.78125,
    "sigui": 0.032531878767376135,
    "sse": 0.299667238724299,
    "sc": 0.5195613428707991,
    "ch": 439.8869188883783,
    "db": 0.2809270733099578,
    "bic": -220.39621933179944,
    "xb": 77.37131900287413
}