{
    "dataset": "blobs-P10-K4-N1024-dt0.50-S4",
    "algorithm": "kmeans",
    "k": 10,
    "n": 1024,
    "d": 10,
    "k_true": 4,
    "rand_score": 0.7507522299608993,
    "adjusted_rand_score": 0.170412594113131,
    "accuracy": 0.345703125,
    "f1_score": 0.19075637373488935,
    "precision": 0.31081631745184396,
    "recall": 0.13828125,
    "sigui": 0.5101147757615581,
    "sse": 6799.135517143057,
    "sc": 0.0741425298555469,
    "ch": 57.01765037007408,
    "db": 2.3400001960561765,
    "bic": -15156.838041306924,
    "xb": 1623.8178602984638
}