{
    "dataset": "blobs-P10-K8-N128-dt1.00-S9",
    "algorithm": "kmeans",
    "k": 3,
    "n": 128,
    "d": 10,
    "k_true": 8,
    "rand_score": 0.6051919291338582,
    "adjusted_rand_score": 0.018325862156179318,
    "accuracy": 0.234375,
    "f1_score": 0.1381704260651629,
    "precision": 0.10405943677671048,
    "recall": 0.234375,
    "sigui": 0.55058820468848,
    "sse": 1084.536114798167,
    "sc": 0.07686529303552474,
    "ch": 11.264256356634146,
    "db": 2.6480589112756694,
    "bic": -1921.950747379535,
    "xb": 241.37970464723088
}