{
    "dataset": "blobs-P5-K2-N64-dt1.00-S9",
    "algorithm": "kmeans",
    "k": 4,
    "n": 64,
    "d": 5,
    "k_true": 2,
    "rand_score": 0.5372023809523809,
    "adjusted_rand_score": 0.06713326667618912,
    "accuracy": 0.4375,
    "f1_score": 0.268960414354421,
    "precision": 0.34962406015037595,
    "recall": 0.21875,
    "sigui": 0.4896223802729943,
    "sse": 214.13057640705932,
    "sc": 0.13272309421760814,
    "ch": 9.888305105169504,
    "db": 1.7490577268509915,
    "bic": -526.6669374758029,
    "xb": 55.75106599870787
}