{
    "dataset": "blobs-P10-K8-N128-dt1.00-S9",
    "algorithm": "kmeans",
    "k": 50,
    "n": 128,
    "d": 10,
    "k_true": 8,
    "rand_score": 0.8658956692913385,
    "adjusted_rand_score": 0.02179289681586274,
    "accuracy": 0.1640625,
    "f1_score": 0.03828330245904616,
    "precision": 0.08685714285714287,
    "recall": 0.02625,
    "sigui": 0.3059448240444386,
    "sse": 316.7043972060529,
    "sc": 0.053906342121217254,
    "ch": 4.841768350626429,
    "db": 1.0287689533169948,
    "bic": -2791.73865804617,
    "xb": 78.75884394195147
}