{
    "dataset": "blobs-P5-K4-N1024-dt0.20-S1",
    "algorithm": "kmeans",
    "k": 50,
    "n": 1024,
    "d": 5,
    "k_true": 4,
    "rand_score": 0.7713812774926686,
    "adjusted_rand_score": 0.12027724776800733,
    "accuracy": 0.1318359375,
    "f1_score": 0.018573606882744755,
    "precision": 0.08,
    "recall": 0.010546875,
    "sigui": 0.2085760915008759,
    "sse": 393.44289145723053,
    "sc": 0.15134474070610526,
    "ch": 238.7954697261189,
    "db": 1.4393445400943607,
    "bic": -5692.075475253636,
    "xb": 964.5731473959277
}