{
    "dataset": "blobs-P10-K32-N128-dt0.30-S2",
    "algorithm": "kmeans",
    "k": 8,
    "n": 128,
    "d": 10,
    "k_true": 32,
    "rand_score": 0.8816437007874016,
    "adjusted_rand_score": 0.2157776493998331,
    "accuracy": 0.25,
    "f1_score": 0.10842490842490843,
    "precision": 0.0713601655697244,
    "recall": 0.25,
    "sigui": 0.4777290066603508,
    "sse": 694.7092096897183,
    "sc": 0.15054119763281662,
    "ch": 14.442814727906741,
    "db": 1.6599588764839477,
    "bic": -1898.1837544470172,
    "xb": 119.24181732590762
}