{
    "dataset": "blobs-P5-K8-N64-dt0.70-S6",
    "algorithm": "kmeans",
    "k": 8,
    "n": 64,
    "d": 5,
    "k_true": 8,
    "rand_score": 0.8675595238095238,
    "adjusted_rand_score": 0.39241466498103666,
    "accuracy": 0.625,
    "f1_score": 0.6076712387853692,
    "precision": 0.6072916666666666,
    "recall": 0.625,
    "sigui": 0.35942816012078393,
    "sse": 96.60636492426082,
    "sc": 0.24183841495393327,
    "ch": 18.499289172168258,
    "db": 1.1151159162713298,
    "bic": -488.83955592374286,
    "xb": 55.94637654381215
}