{
    "dataset": "blobs-P5-K2-N64-dt0.70-S6",
    "algorithm": "kmeans",
    "k": 4,
    "n": 64,
    "d": 5,
    "k_true": 2,
    "rand_score": 0.5570436507936508,
    "adjusted_rand_score": 0.10741087435942186,
    "accuracy": 0.484375,
    "f1_score": 0.2946428571428571,
    "precision": 0.3829656862745098,
    "recall": 0.2421875,
    "sigui": 0.468561516773808,
    "sse": 190.24913877053433,
    "sc": 0.17958278987281628,
    "ch": 13.640099720605038,
    "db": 1.470828661741347,
    "bic": -506.63011762449264,
    "xb": 37.220816323097
}