{
    "dataset": "blobs-P10-K4-N128-dt1.00-S9",
    "algorithm": "kmeans",
    "k": 32,
    "n": 128,
    "d": 10,
    "k_true": 4,
    "rand_score": 0.7402805118110236,
    "adjusted_rand_score": 0.0031085809476709813,
    "accuracy": 0.1171875,
    "f1_score": 0.024342105263157894,
    "precision": 0.07291666666666666,
    "recall": 0.0146484375,
    "sigui": 0.3872286359299838,
    "sse": 490.8566079064745,
    "sc": 0.05205709941409326,
    "ch": 4.978641118976436,
    "db": 1.4181933683133336,
    "bic": -2505.78383690848,
    "xb": 143.13228920047314
}