{
    "dataset": "blobs-P5-K32-N1024-dt0.70-S6",
    "algorithm": "kmeans",
    "k": 50,
    "n": 1024,
    "d": 5,
    "k_true": 32,
    "rand_score": 0.9768355174731183,
    "adjusted_rand_score": 0.5433701893742836,
    "accuracy": 0.6171875,
    "f1_score": 0.44876759148277623,
    "precision": 0.5351399602208807,
    "recall": 0.395,
    "sigui": 0.25063033591350437,
    "sse": 619.332759152317,
    "sc": 0.2041828902289246,
    "ch": 144.44939555317032,
    "db": 1.4401137213906565,
    "bic": -6828.421201202491,
    "xb": 987.8412080641065
}