{
    "dataset": "blobs-P2-K2-N1024-dt0.90-S8",
    "algorithm": "kmeans",
    "k": 20,
    "n": 1024,
    "d": 2,
    "k_true": 2,
    "rand_score": 0.5119860398338221,
    "adjusted_rand_score": 0.023133191413847974,
    "accuracy": 0.130859375,
    "f1_score": 0.022130730050933786,
    "precision": 0.0734066859066859,
    "recall": 0.0130859375,
    "sigui": 0.199862378608148,
    "sse": 166.66476792051566,
    "sc": 0.3336936279263628,
    "ch": 596.4890817010785,
    "db": 0.8149165042904782,
    "bic": -3492.845047534144,
    "xb": 345.17186293883714
}