{
    "dataset": "blobs-P5-K4-N1024-dt0.50-S4",
    "algorithm": "kmeans",
    "k": 10,
    "n": 1024,
    "d": 5,
    "k_true": 4,
    "rand_score": 0.7720189546676441,
    "adjusted_rand_score": 0.24073388404023097,
    "accuracy": 0.421875,
    "f1_score": 0.23163432206360574,
    "precision": 0.36942393871323,
    "recall": 0.16875,
    "sigui": 0.4255841750812875,
    "sse": 2221.887533262543,
    "sc": 0.15047840656105488,
    "ch": 146.95643517697246,
    "db": 1.489319432991041,
    "bic": -7679.889819486965,
    "xb": 654.044635193546
}