{
    "dataset": "blobs-P10-K16-N64-dt0.40-S3",
    "algorithm": "kmeans",
    "k": 25,
    "n": 64,
    "d": 10,
    "k_true": 16,
    "rand_score": 0.9439484126984127,
    "adjusted_rand_score": 0.3252772249075917,
    "accuracy": 0.5625,
    "f1_score": 0.39406349206349206,
    "precision": 0.49266666666666664,
    "recall": 0.36,
    "sigui": 0.3088231927881476,
    "sse": 151.14447503352662,
    "sc": 0.11088710091429993,
    "ch": 5.255833717337725,
    "db": 0.9975343530938303,
    "bic": -1246.8234336648964,
    "xb": 34.51096685241196
}