{
    "dataset": "blobs-P2-K2-N128-dt0.70-S6",
    "algorithm": "kmeans",
    "k": 3,
    "n": 128,
    "d": 2,
    "k_true": 2,
    "rand_score": 0.5973179133858267,
    "adjusted_rand_score": 0.19257866448593955,
    "accuracy": 0.5625,
    "f1_score": 0.4327165103864133,
    "precision": 0.518303499435575,
    "recall": 0.375,
    "sigui": 0.37258598073036675,
    "sse": 106.51805927300083,
    "sc": 0.3638571050360876,
    "ch": 87.70927070209515,
    "db": 0.893558729346483,
    "bic": -411.6284808824405,
    "xb": 33.84360606155227
}