{
    "dataset": "blobs-P2-K32-N64-dt0.10-S0",
    "algorithm": "kmeans",
    "k": 10,
    "n": 64,
    "d": 2,
    "k_true": 32,
    "rand_score": 0.9206349206349206,
    "adjusted_rand_score": 0.26573426573426573,
    "accuracy": 0.3125,
    "f1_score": 0.15729166666666666,
    "precision": 0.10781249999999998,
    "recall": 0.3125,
    "sigui": 0.16480094714040017,
    "sse": 7.8494721992327845,
    "sc": 0.48641464344968144,
    "ch": 91.84097331729706,
    "db": 0.6966908333022177,
    "bic": -210.5684093909734,
    "xb": 24.141053977146353
}