{
    "dataset": "blobs-P2-K8-N64-dt0.40-S3",
    "algorithm": "kmeans",
    "k": 50,
    "n": 64,
    "d": 2,
    "k_true": 8,
    "rand_score": 0.8968253968253969,
    "adjusted_rand_score": 0.12030075187969924,
    "accuracy": 0.265625,
    "f1_score": 0.06626262626262626,
    "precision": 0.16,
    "recall": 0.0425,
    "sigui": 0.008730537723171547,
    "sse": 0.04083534107163658,
    "sc": 0.25506988142574427,
    "ch": 895.2970728709321,
    "db": 0.163840666372238,
    "bic": -271.30790317730487,
    "xb": 144.3289260216598
}