{
    "dataset": "blobs-P10-K4-N128-dt0.30-S2",
    "algorithm": "kmeans",
    "k": 50,
    "n": 128,
    "d": 10,
    "k_true": 4,
    "rand_score": 0.766363188976378,
    "adjusted_rand_score": 0.08913295539953092,
    "accuracy": 0.171875,
    "f1_score": 0.02248388248388248,
    "precision": 0.07,
    "recall": 0.01375,
    "sigui": 0.28260565114992636,
    "sse": 254.14599532057196,
    "sc": 0.054878286152560914,
    "ch": 6.425409485684526,
    "db": 1.0357260270432245,
    "bic": -2654.1559086601524,
    "xb": 80.63961837167376
}