{
    "dataset": "blobs-P2-K4-N64-dt0.50-S4",
    "algorithm": "kmeans",
    "k": 16,
    "n": 64,
    "d": 2,
    "k_true": 4,
    "rand_score": 0.7678571428571429,
    "adjusted_rand_score": 0.16838720595701473,
    "accuracy": 0.328125,
    "f1_score": 0.11325132888101404,
    "precision": 0.2026098901098901,
    "recall": 0.08203125,
    "sigui": 0.14181618833517173,
    "sse": 5.515393238658404,
    "sc": 0.3804130029511135,
    "ch": 71.064876913769,
    "db": 0.6263873086758123,
    "bic": -247.6427920548375,
    "xb": 31.374264181874974
}