{
    "dataset": "blobs-P5-K16-N128-dt0.70-S6",
    "algorithm": "kmeans",
    "k": 4,
    "n": 128,
    "d": 5,
    "k_true": 16,
    "rand_score": 0.7887549212598425,
    "adjusted_rand_score": 0.22640920394921224,
    "accuracy": 0.25,
    "f1_score": 0.10021262906819822,
    "precision": 0.06270641321044547,
    "recall": 0.25,
    "sigui": 0.46090049546412415,
    "sse": 354.518356244687,
    "sc": 0.22420568884572306,
    "ch": 33.28433558950056,
    "db": 1.4820422849201604,
    "bic": -954.7076494905506,
    "xb": 87.98840167341775
}