{
    "dataset": "blobs-P2-K8-N128-dt0.20-S1",
    "algorithm": "kmeans",
    "k": 16,
    "n": 128,
    "d": 2,
    "k_true": 8,
    "rand_score": 0.9470964566929134,
    "adjusted_rand_score": 0.6849362487740149,
    "accuracy": 0.6484375,
    "f1_score": 0.38675777925777927,
    "precision": 0.5,
    "recall": 0.32421875,
    "sigui": 0.06917275633219029,
    "sse": 2.515259780394974,
    "sc": 0.4276521930958558,
    "ch": 752.4813440976557,
    "db": 0.8356675718176234,
    "bic": -234.26795706323213,
    "xb": 62.66183461078338
}