{
    "dataset": "blobs-P5-K32-N128-dt0.20-S1",
    "algorithm": "kmeans",
    "k": 25,
    "n": 128,
    "d": 5,
    "k_true": 32,
    "rand_score": 0.9783464566929134,
    "adjusted_rand_score": 0.675644299976782,
    "accuracy": 0.78125,
    "f1_score": 0.7260416666666667,
    "precision": 0.7057291666666666,
    "recall": 0.78125,
    "sigui": 0.14655104329358623,
    "sse": 28.524129705551612,
    "sc": 0.6274312144523362,
    "ch": 92.00107547901523,
    "db": 0.49247791107785566,
    "bic": -680.7894295875399,
    "xb": 23.444147886667672
}