{
    "dataset": "blobs-P10-K8-N64-dt0.20-S1",
    "algorithm": "kmeans",
    "k": 2,
    "n": 64,
    "d": 10,
    "k_true": 8,
    "rand_score": 0.5441468253968254,
    "adjusted_rand_score": 0.1566228204343836,
    "accuracy": 0.25,
    "f1_score": 0.10818120351588911,
    "precision": 0.07087486157253599,
    "recall": 0.25,
    "sigui": 0.535792231700696,
    "sse": 486.62692814237863,
    "sc": 0.22303209883161468,
    "ch": 19.54090475730993,
    "db": 1.6075213998103153,
    "bic": -906.8593691869152,
    "xb": 43.754116583209814
}