{
    "dataset": "blobs-P10-K32-N64-dt1.00-S9",
    "algorithm": "kmeans",
    "k": 3,
    "n": 64,
    "d": 10,
    "k_true": 32,
    "rand_score": 0.6686507936507936,
    "adjusted_rand_score": 0.015901225329716585,
    "accuracy": 0.09375,
    "f1_score": 0.016396103896103895,
    "precision": 0.009001068376068375,
    "recall": 0.09375,
    "sigui": 0.529641681306915,
    "sse": 514.9898845784842,
    "sc": 0.09397617399013533,
    "ch": 7.403657109647877,
    "db": 2.268706747361188,
    "bic": -977.0791589063322,
    "xb": 86.7334153375309
}