{
    "dataset": "blobs-P5-K32-N1024-dt0.50-S4",
    "algorithm": "kmeans",
    "k": 4,
    "n": 1024,
    "d": 5,
    "k_true": 32,
    "rand_score": 0.7613922745601173,
    "adjusted_rand_score": 0.12129696999395981,
    "accuracy": 0.1240234375,
    "f1_score": 0.028194545418096986,
    "precision": 0.01594574600090434,
    "recall": 0.1240234375,
    "sigui": 0.47060393340031126,
    "sse": 3031.0079407707326,
    "sc": 0.20465943760137242,
    "ch": 234.33039900164226,
    "db": 1.499800185247127,
    "bic": -7410.931054193795,
    "xb": 601.2584189777815
}