{
    "dataset": "blobs-P10-K2-N1024-dt0.50-S4",
    "algorithm": "kmeans",
    "k": 8,
    "n": 1024,
    "d": 10,
    "k_true": 2,
    "rand_score": 0.5505540536412512,
    "adjusted_rand_score": 0.10044980496692676,
    "accuracy": 0.2509765625,
    "f1_score": 0.09767859125992559,
    "precision": 0.22111598671726757,
    "recall": 0.062744140625,
    "sigui": 0.5198597884818882,
    "sse": 7339.88012514279,
    "sc": 0.06984955365659196,
    "ch": 57.3485775675897,
    "db": 2.4222361986054244,
    "bic": -15253.275571637547,
    "xb": 1726.2793662989677
}