{
    "dataset": "blobs-P10-K32-N1024-dt0.20-S1",
    "algorithm": "kmeans",
    "k": 4,
    "n": 1024,
    "d": 10,
    "k_true": 32,
    "rand_score": 0.7633683101173021,
    "adjusted_rand_score": 0.13464951291735885,
    "accuracy": 0.125,
    "f1_score": 0.028777502731120445,
    "precision": 0.016360037681352725,
    "recall": 0.125,
    "sigui": 0.5225864556848013,
    "sse": 7203.991246120046,
    "sc": 0.1483018754897364,
    "ch": 143.28765000584013,
    "db": 2.1028756933601804,
    "bic": -14280.79282686539,
    "xb": 1311.53021710506
}