{
    "dataset": "blobs-P2-K8-N1024-dt0.80-S7",
    "algorithm": "kmeans",
    "k": 3,
    "n": 1024,
    "d": 2,
    "k_true": 8,
    "rand_score": 0.7081271383186706,
    "adjusted_rand_score": 0.2633023885331386,
    "accuracy": 0.3583984375,
    "f1_score": 0.20530189900196621,
    "precision": 0.1475263085005259,
    "recall": 0.3583984375,
    "sigui": 0.3663542134995048,
    "sse": 852.293944453308,
    "sc": 0.37636918030211025,
    "ch": 716.4637644986219,
    "db": 0.8914106318139615,
    "bic": -3119.6177199076587,
    "xb": 249.44609728336047
}