{
    "dataset": "blobs-P10-K2-N64-dt0.80-S7",
    "algorithm": "kmeans",
    "k": 20,
    "n": 64,
    "d": 10,
    "k_true": 2,
    "rand_score": 0.5277777777777778,
    "adjusted_rand_score": 0.042406437603780815,
    "accuracy": 0.203125,
    "f1_score": 0.03204134366925064,
    "precision": 0.09090909090909091,
    "recall": 0.0203125,
    "sigui": 0.37220671223284824,
    "sse": 240.4635295261618,
    "sc": 0.04684584392754876,
    "ch": 3.847745038507359,
    "db": 1.2081981217902016,
    "bic": -1246.1988277943428,
    "xb": 57.32237153349531
}