{
    "dataset": "blobs-P5-K16-N128-dt0.60-S5",
    "algorithm": "kmeans",
    "k": 32,
    "n": 128,
    "d": 5,
    "k_true": 16,
    "rand_score": 0.9400836614173228,
    "adjusted_rand_score": 0.2588584918095649,
    "accuracy": 0.453125,
    "f1_score": 0.2840479832667333,
    "precision": 0.39557291666666666,
    "recall": 0.2265625,
    "sigui": 0.2730773362287628,
    "sse": 104.04009960990102,
    "sc": 0.17091255766484006,
    "ch": 15.952952703121717,
    "db": 1.1232227876532621,
    "bic": -1236.3377733450448,
    "xb": 80.58200134372417
}