{
    "dataset": "blobs-P10-K2-N128-dt0.20-S1",
    "algorithm": "kmeans",
    "k": 20,
    "n": 128,
    "d": 10,
    "k_true": 2,
    "rand_score": 0.5552411417322834,
    "adjusted_rand_score": 0.10421507969491743,
    "accuracy": 0.1953125,
    "f1_score": 0.03267259056732741,
    "precision": 0.1,
    "recall": 0.01953125,
    "sigui": 0.40613725824195396,
    "sse": 499.13345302406356,
    "sc": 0.08487903943355884,
    "ch": 8.892631457732596,
    "db": 1.6134480503516797,
    "bic": -2121.6144793846665,
    "xb": 144.2624374812223
}