{
    "dataset": "blobs-P10-K4-N64-dt0.60-S5",
    "algorithm": "kmeans",
    "k": 3,
    "n": 64,
    "d": 10,
    "k_true": 4,
    "rand_score": 0.6453373015873016,
    "adjusted_rand_score": 0.1411657038265744,
    "accuracy": 0.5,
    "f1_score": 0.42924288617886175,
    "precision": 0.3819293478260869,
    "recall": 0.5,
    "sigui": 0.5397122047953071,
    "sse": 513.4703212765813,
    "sc": 0.09259116830985534,
    "ch": 7.515829135887942,
    "db": 2.399810866441756,
    "bic": -975.8357148699208,
    "xb": 92.55044954593302
}