{
    "dataset": "blobs-P2-K4-N128-dt0.40-S3",
    "algorithm": "kmeans",
    "k": 2,
    "n": 128,
    "d": 2,
    "k_true": 4,
    "rand_score": 0.6221702755905512,
    "adjusted_rand_score": 0.3234896697906205,
    "accuracy": 0.5,
    "f1_score": 0.3721380981223501,
    "precision": 0.3266347687400319,
    "recall": 0.5,
    "sigui": 0.399524624184933,
    "sse": 113.36340853610905,
    "sc": 0.5586739550463418,
    "ch": 158.53625747964048,
    "db": 0.599704774497954,
    "bic": -346.61088052824505,
    "xb": 18.84751962388863
}