{
    "dataset": "blobs-P5-K4-N64-dt0.40-S3",
    "algorithm": "kmeans",
    "k": 32,
    "n": 64,
    "d": 5,
    "k_true": 4,
    "rand_score": 0.7787698412698413,
    "adjusted_rand_score": 0.1152465520498772,
    "accuracy": 0.234375,
    "f1_score": 0.04736842105263158,
    "precision": 0.125,
    "recall": 0.029296875,
    "sigui": 0.15922141705685428,
    "sse": 17.94910190237493,
    "sc": 0.16360113924961617,
    "ch": 17.37103489363766,
    "db": 0.7655580363197718,
    "bic": -638.3236830298042,
    "xb": 31.269867744924113
}