{
    "dataset": "blobs-P5-K8-N64-dt0.20-S1",
    "algorithm": "kmeans",
    "k": 50,
    "n": 64,
    "d": 5,
    "k_true": 8,
    "rand_score": 0.8958333333333334,
    "adjusted_rand_score": 0.11764705882352941,
    "accuracy": 0.296875,
    "f1_score": 0.07272727272727272,
    "precision": 0.16,
    "recall": 0.0475,
    "sigui": 0.04050616076719292,
    "sse": 2.382301962464476,
    "sc": 0.09666157125688346,
    "ch": 38.09253199419441,
    "db": 0.3404450348937029,
    "bic": -656.691715122731,
    "xb": 39.802691044606064
}