{
    "dataset": "blobs-P10-K2-N1024-dt0.60-S5",
    "algorithm": "kmeans",
    "k": 50,
    "n": 1024,
    "d": 10,
    "k_true": 2,
    "rand_score": 0.5059968383431085,
    "adjusted_rand_score": 0.011067489892074516,
    "accuracy": 0.0517578125,
    "f1_score": 0.003911588593526074,
    "precision": 0.03539488320355951,
    "recall": 0.0020703125,
    "sigui": 0.450523124397915,
    "sse": 4763.527680735306,
    "sc": 0.07221167296799416,
    "ch": 22.852571714505796,
    "db": 1.8472268260607212,
    "bic": -16479.940063345803,
    "xb": 1461.2915742537934
}