{
    "dataset": "blobs-P2-K2-N64-dt0.10-S0",
    "algorithm": "kmeans",
    "k": 20,
    "n": 64,
    "d": 2,
    "k_true": 2,
    "rand_score": 0.5575396825396826,
    "adjusted_rand_score": 0.10224295482139434,
    "accuracy": 0.203125,
    "f1_score": 0.033738191632928474,
    "precision": 0.1,
    "recall": 0.0203125,
    "sigui": 0.08014353098356158,
    "sse": 1.7175851516369982,
    "sc": 0.3541513502920256,
    "ch": 170.2643311387149,
    "db": 0.6260122676155575,
    "bic": -216.8893117639361,
    "xb": 48.466621969927886
}