{
    "dataset": "blobs-P2-K16-N1024-dt1.00-S9",
    "algorithm": "kmeans",
    "k": 2,
    "n": 1024,
    "d": 2,
    "k_true": 16,
    "rand_score": 0.502573619257087,
    "adjusted_rand_score": 0.09220777410767794,
    "accuracy": 0.125,
    "f1_score": 0.03042829408734928,
    "precision": 0.017561009072044727,
    "recall": 0.125,
    "sigui": 0.42025585947363575,
    "sse": 1085.7370355431735,
    "sc": 0.4429738176497377,
    "ch": 905.7743426638143,
    "db": 0.8291173014905218,
    "bic": -2929.1989502020847,
    "xb": 230.70035165093395
}