{
    "dataset": "blobs-P5-K16-N128-dt0.10-S0",
    "algorithm": "kmeans",
    "k": 8,
    "n": 128,
    "d": 5,
    "k_true": 16,
    "rand_score": 0.9212598425196851,
    "adjusted_rand_score": 0.5480427046263345,
    "accuracy": 0.5,
    "f1_score": 0.35416666666666663,
    "precision": 0.29166666666666663,
    "recall": 0.5,
    "sigui": 0.25455967706292526,
    "sse": 80.51599408567712,
    "sc": 0.5594315228404207,
    "ch": 119.1211075019048,
    "db": 0.7130333433687762,
    "bic": -619.6543166254113,
    "xb": 34.831529692628756
}