{
    "dataset": "blobs-P5-K8-N64-dt0.50-S4",
    "algorithm": "kmeans",
    "k": 10,
    "n": 64,
    "d": 5,
    "k_true": 8,
    "rand_score": 0.8556547619047619,
    "adjusted_rand_score": 0.2846216880633707,
    "accuracy": 0.484375,
    "f1_score": 0.3974403958614485,
    "precision": 0.5103246753246753,
    "recall": 0.3875,
    "sigui": 0.3521281845157937,
    "sse": 94.33181024574986,
    "sc": 0.19810601101142633,
    "ch": 14.353685517092112,
    "db": 1.0896446712767651,
    "bic": -522.0390031247989,
    "xb": 33.80760662616431
}