{
    "dataset": "blobs-P5-K8-N128-dt0.20-S1",
    "algorithm": "kmeans",
    "k": 4,
    "n": 128,
    "d": 5,
    "k_true": 8,
    "rand_score": 0.7795275590551181,
    "adjusted_rand_score": 0.4147465437788018,
    "accuracy": 0.5,
    "f1_score": 0.3833333333333333,
    "precision": 0.34375,
    "recall": 0.5,
    "sigui": 0.3476287905089464,
    "sse": 178.37872585948492,
    "sc": 0.5230312110147546,
    "ch": 106.96536767976586,
    "db": 0.7017437416953807,
    "bic": -712.9506281688621,
    "xb": 23.468355837241788
}