{
    "dataset": "blobs-P5-K2-N1024-dt0.60-S5",
    "algorithm": "kmeans",
    "k": 25,
    "n": 1024,
    "d": 5,
    "k_true": 2,
    "rand_score": 0.5117416605571847,
    "adjusted_rand_score": 0.022607477584788045,
    "accuracy": 0.087890625,
    "f1_score": 0.012461927642312931,
    "precision": 0.05529602971906199,
    "recall": 0.00703125,
    "sigui": 0.3814971089684029,
    "sse": 1685.373042327726,
    "sc": 0.1421061265829547,
    "ch": 84.82771678586526,
    "db": 1.4241241606397679,
    "bic": -8205.195692474383,
    "xb": 810.1908532365552
}