{
    "dataset": "blobs-P5-K8-N1024-dt0.70-S6",
    "algorithm": "kmeans",
    "k": 16,
    "n": 1024,
    "d": 5,
    "k_true": 8,
    "rand_score": 0.8634492607526881,
    "adjusted_rand_score": 0.20317107110997618,
    "accuracy": 0.3388671875,
    "f1_score": 0.2234570596462362,
    "precision": 0.3321412359122393,
    "recall": 0.16943359375,
    "sigui": 0.39436539770528434,
    "sse": 1863.400305972797,
    "sc": 0.13947255687464838,
    "ch": 117.44309515092611,
    "db": 1.535815221058338,
    "bic": -7839.617013775792,
    "xb": 761.1481149181326
}