{
    "dataset": "blobs-P5-K16-N1024-dt0.10-S0",
    "algorithm": "kmeans",
    "k": 25,
    "n": 1024,
    "d": 5,
    "k_true": 16,
    "rand_score": 0.9841707141984359,
    "adjusted_rand_score": 0.8443568784097139,
    "accuracy": 0.767578125,
    "f1_score": 0.5419534150679953,
    "precision": 0.64,
    "recall": 0.49125,
    "sigui": 0.06258074484323822,
    "sse": 28.386146057613658,
    "sc": 0.510205060238012,
    "ch": 7466.262811450109,
    "db": 1.2613446901141467,
    "bic": 2301.6668067097235,
    "xb": 666.8536624050377
}