{
    "dataset": "blobs-P5-K32-N64-dt0.80-S7",
    "algorithm": "kmeans",
    "k": 3,
    "n": 64,
    "d": 5,
    "k_true": 32,
    "rand_score": 0.6775793650793651,
    "adjusted_rand_score": 0.042418856982508656,
    "accuracy": 0.09375,
    "f1_score": 0.016396103896103895,
    "precision": 0.009001068376068375,
    "recall": 0.09375,
    "sigui": 0.4787399652186638,
    "sse": 208.7632920150464,
    "sc": 0.1991337246902155,
    "ch": 16.25151414692463,
    "db": 1.615721258714081,
    "bic": -492.8492301161828,
    "xb": 49.327359358036325
}