{
    "dataset": "blobs-P10-K32-N1024-dt0.90-S8",
    "algorithm": "kmeans",
    "k": 3,
    "n": 1024,
    "d": 10,
    "k_true": 32,
    "rand_score": 0.6632472660068426,
    "adjusted_rand_score": 0.018578859238349052,
    "accuracy": 0.072265625,
    "f1_score": 0.012374717640628995,
    "precision": 0.0067672933722485095,
    "recall": 0.072265625,
    "sigui": 0.5514143387587223,
    "sse": 8872.2044386384,
    "sc": 0.07040097012057031,
    "ch": 78.70588381185459,
    "db": 2.9267186907416107,
    "bic": -15034.705651451039,
    "xb": 2239.523675964464
}