{
    "dataset": "blobs-P2-K2-N1024-dt0.20-S1",
    "algorithm": "kmeans",
    "k": 20,
    "n": 1024,
    "d": 2,
    "k_true": 2,
    "rand_score": 0.5574463129276638,
    "adjusted_rand_score": 0.11412721348345475,
    "accuracy": 0.1572265625,
    "f1_score": 0.027166964824922236,
    "precision": 0.1,
    "recall": 0.01572265625,
    "sigui": 0.15248222016649404,
    "sse": 112.38075883869197,
    "sc": 0.3367558465220388,
    "ch": 910.1397494356886,
    "db": 0.883012482184362,
    "bic": -3102.742023171216,
    "xb": 509.3019417708715
}