{
    "dataset": "blobs-P2-K8-N64-dt0.30-S2",
    "algorithm": "kmeans",
    "k": 2,
    "n": 64,
    "d": 2,
    "k_true": 8,
    "rand_score": 0.5877976190476191,
    "adjusted_rand_score": 0.19606578523057078,
    "accuracy": 0.25,
    "f1_score": 0.10315925209542232,
    "precision": 0.06564102564102564,
    "recall": 0.25,
    "sigui": 0.4070396665087105,
    "sse": 64.96124733331668,
    "sc": 0.46288119085222856,
    "ch": 60.165141923465846,
    "db": 0.8543281834258731,
    "bic": -193.5430962384527,
    "xb": 14.898715557769268
}