{
    "dataset": "blobs-P2-K16-N128-dt1.00-S9",
    "algorithm": "kmeans",
    "k": 16,
    "n": 128,
    "d": 2,
    "k_true": 16,
    "rand_score": 0.936761811023622,
    "adjusted_rand_score": 0.45578991246352646,
    "accuracy": 0.5859375,
    "f1_score": 0.5602762928814129,
    "precision": 0.6010754870129871,
    "recall": 0.5859375,
    "sigui": 0.12211671737130941,
    "sse": 7.385143720390676,
    "sc": 0.4416213200263581,
    "ch": 251.35925995532054,
    "db": 0.7036460577615162,
    "bic": -367.7865017755936,
    "xb": 58.92665441564391
}