{
    "dataset": "blobs-P10-K8-N64-dt1.00-S9",
    "algorithm": "kmeans",
    "k": 10,
    "n": 64,
    "d": 10,
    "k_true": 8,
    "rand_score": 0.8100198412698413,
    "adjusted_rand_score": 0.0363433044450657,
    "accuracy": 0.3125,
    "f1_score": 0.2580524738419475,
    "precision": 0.3039393939393939,
    "recall": 0.25,
    "sigui": 0.4579684463600712,
    "sse": 333.0383449280077,
    "sc": 0.10052956277879602,
    "ch": 5.530203829322076,
    "db": 1.6688904810188034,
    "bic": -1072.1175107568322,
    "xb": 64.40884828491565
}