{
    "dataset": "blobs-P5-K2-N1024-dt0.20-S1",
    "algorithm": "kmeans",
    "k": 32,
    "n": 1024,
    "d": 5,
    "k_true": 2,
    "rand_score": 0.534768679740958,
    "adjusted_rand_score": 0.06869033487144785,
    "accuracy": 0.119140625,
    "f1_score": 0.013298650031677958,
    "precision": 0.0625,
    "recall": 0.0074462890625,
    "sigui": 0.31795047122639597,
    "sse": 1125.9295952057184,
    "sc": 0.156508653656886,
    "ch": 113.51531525385016,
    "db": 1.3933347353965728,
    "bic": -7535.09507780603,
    "xb": 865.4920089382206
}