{
    "dataset": "blobs-P2-K8-N128-dt0.90-S8",
    "algorithm": "kmeans",
    "k": 25,
    "n": 128,
    "d": 2,
    "k_true": 8,
    "rand_score": 0.8697096456692913,
    "adjusted_rand_score": 0.13660904007754873,
    "accuracy": 0.28125,
    "f1_score": 0.12422543014207182,
    "precision": 0.22195360195360195,
    "recall": 0.09,
    "sigui": 0.11936427602376724,
    "sse": 9.435781848867887,
    "sc": 0.3749442036427041,
    "ch": 112.14454225209776,
    "db": 0.690247132292891,
    "bic": -520.5936557583425,
    "xb": 72.38969235595718
}