{
    "dataset": "blobs-P10-K4-N128-dt0.80-S7",
    "algorithm": "kmeans",
    "k": 20,
    "n": 128,
    "d": 10,
    "k_true": 4,
    "rand_score": 0.7322834645669292,
    "adjusted_rand_score": 0.04339397967378361,
    "accuracy": 0.2265625,
    "f1_score": 0.06518220367057577,
    "precision": 0.1349025974025974,
    "recall": 0.0453125,
    "sigui": 0.4301978760750646,
    "sse": 606.267395408898,
    "sc": 0.05493160427025083,
    "ch": 6.316747349337482,
    "db": 1.4932197951190955,
    "bic": -2230.668247233795,
    "xb": 126.11916400819655
}