{
    "dataset": "blobs-P10-K32-N128-dt0.30-S2",
    "algorithm": "kmeans",
    "k": 20,
    "n": 128,
    "d": 10,
    "k_true": 32,
    "rand_score": 0.9627214566929134,
    "adjusted_rand_score": 0.5003700385619133,
    "accuracy": 0.6171875,
    "f1_score": 0.5065880606321782,
    "precision": 0.454007104007104,
    "recall": 0.6171875,
    "sigui": 0.37567249396698865,
    "sse": 388.9917448399224,
    "sc": 0.2250081735762043,
    "ch": 13.020015386443207,
    "db": 1.2533883585061054,
    "bic": -1967.4422004394,
    "xb": 83.1636486770839
}