{
    "dataset": "blobs-P5-K32-N1024-dt0.80-S7",
    "algorithm": "kmeans",
    "k": 20,
    "n": 1024,
    "d": 5,
    "k_true": 32,
    "rand_score": 0.9415112567204301,
    "adjusted_rand_score": 0.25025975095056613,
    "accuracy": 0.380859375,
    "f1_score": 0.2947144768322071,
    "precision": 0.24354241448172814,
    "recall": 0.380859375,
    "sigui": 0.37429325153009824,
    "sse": 1624.0177114470027,
    "sc": 0.16349699282228544,
    "ch": 113.75187769673633,
    "db": 1.4592327155944178,
    "bic": -7791.422864842757,
    "xb": 972.4009700049884
}