{
    "dataset": "blobs-P2-K32-N128-dt0.80-S7",
    "algorithm": "kmeans",
    "k": 4,
    "n": 128,
    "d": 2,
    "k_true": 32,
    "rand_score": 0.7704232283464567,
    "adjusted_rand_score": 0.12546958838594446,
    "accuracy": 0.125,
    "f1_score": 0.028490028490028487,
    "precision": 0.016149068322981366,
    "recall": 0.125,
    "sigui": 0.3290722576513949,
    "sse": 59.99276623502696,
    "sc": 0.44859818488454495,
    "ch": 135.0434866966021,
    "db": 0.7544809589821724,
    "bic": -382.3341979358958,
    "xb": 20.5561346566603
}