{
    "dataset": "blobs-P2-K8-N64-dt1.00-S9",
    "algorithm": "kmeans",
    "k": 8,
    "n": 64,
    "d": 2,
    "k_true": 8,
    "rand_score": 0.8110119047619048,
    "adjusted_rand_score": 0.12681436210847977,
    "accuracy": 0.40625,
    "f1_score": 0.3976190476190476,
    "precision": 0.4277472527472528,
    "recall": 0.40625,
    "sigui": 0.22079900257544893,
    "sse": 15.158128985494436,
    "sc": 0.416275588949151,
    "ch": 59.554511574608995,
    "db": 0.7929232679656834,
    "bic": -222.22985724575577,
    "xb": 18.646185112829265
}