{
    "dataset": "blobs-P2-K2-N128-dt0.40-S3",
    "algorithm": "kmeans",
    "k": 20,
    "n": 128,
    "d": 2,
    "k_true": 2,
    "rand_score": 0.5393700787401575,
    "adjusted_rand_score": 0.0722040539169392,
    "accuracy": 0.1484375,
    "f1_score": 0.025842280636801183,
    "precision": 0.1,
    "recall": 0.01484375,
    "sigui": 0.15432060255757515,
    "sse": 13.850121207381841,
    "sc": 0.33890719115466156,
    "ch": 99.38042197388731,
    "db": 0.779405021415538,
    "bic": -506.1843151698896,
    "xb": 49.665040421618386
}