{
    "dataset": "blobs-P2-K32-N64-dt0.50-S4",
    "algorithm": "kmeans",
    "k": 20,
    "n": 64,
    "d": 2,
    "k_true": 32,
    "rand_score": 0.9697420634920635,
    "adjusted_rand_score": 0.4921369102682701,
    "accuracy": 0.625,
    "f1_score": 0.5128472222222222,
    "precision": 0.4620535714285714,
    "recall": 0.625,
    "sigui": 0.06515862587983806,
    "sse": 1.0945543817994035,
    "sc": 0.6171050920261794,
    "ch": 268.49857805392514,
    "db": 0.44129230075530523,
    "bic": -191.44486419548258,
    "xb": 28.87444376340404
}