{
    "dataset": "blobs-P5-K2-N128-dt0.30-S2",
    "algorithm": "kmeans",
    "k": 20,
    "n": 128,
    "d": 5,
    "k_true": 2,
    "rand_score": 0.5425688976377953,
    "adjusted_rand_score": 0.07861471996628122,
    "accuracy": 0.1328125,
    "f1_score": 0.023439878234398782,
    "precision": 0.1,
    "recall": 0.01328125,
    "sigui": 0.3103143932920443,
    "sse": 136.25078094233567,
    "sc": 0.17938309672534017,
    "ch": 21.015781295248452,
    "db": 1.1715251467731567,
    "bic": -1080.5449290407264,
    "xb": 75.29913338505604
}