{
    "dataset": "blobs-P2-K8-N128-dt0.60-S5",
    "algorithm": "kmeans",
    "k": 4,
    "n": 128,
    "d": 2,
    "k_true": 8,
    "rand_score": 0.8259104330708661,
    "adjusted_rand_score": 0.46577899859388144,
    "accuracy": 0.5,
    "f1_score": 0.352781435154707,
    "precision": 0.2896903820816864,
    "recall": 0.5,
    "sigui": 0.28942529107603127,
    "sse": 45.219237521579196,
    "sc": 0.4811541680457219,
    "ch": 192.66736887407976,
    "db": 0.7312667998032701,
    "bic": -340.32791096802913,
    "xb": 32.36571056786891
}