{
    "dataset": "blobs-P2-K16-N1024-dt0.90-S8",
    "algorithm": "kmeans",
    "k": 4,
    "n": 1024,
    "d": 2,
    "k_true": 16,
    "rand_score": 0.6578060086754643,
    "adjusted_rand_score": 0.17245091674977234,
    "accuracy": 0.25,
    "f1_score": 0.14189378356217502,
    "precision": 0.11644486119977393,
    "recall": 0.25,
    "sigui": 0.27833400681058407,
    "sse": 394.25255724111906,
    "sc": 0.5624408833686436,
    "ch": 1426.1775103569996,
    "db": 0.5796705642059923,
    "bic": -2386.0236908092324,
    "xb": 199.92451536947164
}