{
    "dataset": "blobs-P10-K32-N64-dt0.50-S4",
    "algorithm": "kmeans",
    "k": 16,
    "n": 64,
    "d": 10,
    "k_true": 32,
    "rand_score": 0.9315476190476191,
    "adjusted_rand_score": 0.1038961038961039,
    "accuracy": 0.375,
    "f1_score": 0.26879960317460316,
    "precision": 0.2464285714285714,
    "recall": 0.375,
    "sigui": 0.40373044704997046,
    "sse": 258.15293944412895,
    "sc": 0.09477012035473831,
    "ch": 4.7332817376005165,
    "db": 1.433246324119939,
    "bic": -1164.73513872903,
    "xb": 60.35764874995727
}