{
    "dataset": "blobs-P5-K32-N1024-dt0.20-S1",
    "algorithm": "kmeans",
    "k": 4,
    "n": 1024,
    "d": 5,
    "k_true": 32,
    "rand_score": 0.7571041819403714,
    "adjusted_rand_score": 0.15223732255903896,
    "accuracy": 0.125,
    "f1_score": 0.02959183587988881,
    "precision": 0.016912944275954137,
    "recall": 0.125,
    "sigui": 0.4624981402417308,
    "sse": 2618.6711084554563,
    "sc": 0.2785647940161924,
    "ch": 324.7646565386204,
    "db": 1.3245898975916912,
    "bic": -7006.191945440705,
    "xb": 522.992259171935
}