{
    "dataset": "blobs-P10-K8-N1024-dt0.80-S7",
    "algorithm": "kmeans",
    "k": 8,
    "n": 1024,
    "d": 10,
    "k_true": 8,
    "rand_score": 0.7994314363391984,
    "adjusted_rand_score": 0.08207941996768933,
    "accuracy": 0.31640625,
    "f1_score": 0.3127892532233684,
    "precision": 0.31064012991503176,
    "recall": 0.31640625,
    "sigui": 0.5226385825447555,
    "sse": 7372.9182932749645,
    "sc": 0.06908512010853031,
    "ch": 56.441210118340685,
    "db": 2.4358744278600275,
    "bic": -15276.865009292429,
    "xb": 1641.9672107192127
}