{
    "dataset": "blobs-P10-K16-N128-dt0.80-S7",
    "algorithm": "kmeans",
    "k": 10,
    "n": 128,
    "d": 10,
    "k_true": 16,
    "rand_score": 0.8631889763779528,
    "adjusted_rand_score": 0.08341338040966796,
    "accuracy": 0.296875,
    "f1_score": 0.22319151702943263,
    "precision": 0.18841479700854702,
    "recall": 0.296875,
    "sigui": 0.49202680290237577,
    "sse": 767.1215257286085,
    "sc": 0.08044403904625716,
    "ch": 8.765764532917448,
    "db": 1.856614195577547,
    "bic": -2043.227465230234,
    "xb": 137.61472382582605
}