{
    "dataset": "blobs-P2-K8-N128-dt0.30-S2",
    "algorithm": "kmeans",
    "k": 50,
    "n": 128,
    "d": 2,
    "k_true": 8,
    "rand_score": 0.9007135826771654,
    "adjusted_rand_score": 0.2537733994451847,
    "accuracy": 0.328125,
    "f1_score": 0.07790020505809979,
    "precision": 0.16,
    "recall": 0.0525,
    "sigui": 0.027799269690960308,
    "sse": 0.4795994646791313,
    "sc": 0.36862059175319706,
    "ch": 848.0967765632196,
    "db": 0.5244807097381603,
    "bic": -416.74462637090693,
    "xb": 149.30735336556563
}