{
    "dataset": "blobs-P10-K4-N1024-dt0.30-S2",
    "algorithm": "kmeans",
    "k": 2,
    "n": 1024,
    "d": 10,
    "k_true": 4,
    "rand_score": 0.624633431085044,
    "adjusted_rand_score": 0.33268101761252444,
    "accuracy": 0.5,
    "f1_score": 0.375,
    "precision": 0.3333333333333333,
    "recall": 0.5,
    "sigui": 0.48478266598297604,
    "sse": 5961.807752139565,
    "sc": 0.4189168459050149,
    "ch": 733.3870294197659,
    "db": 0.9423647121743615,
    "bic": -12412.467039841786,
    "xb": 262.66455966141956
}