{
    "dataset": "blobs-P5-K4-N128-dt0.60-S5",
    "algorithm": "kmeans",
    "k": 32,
    "n": 128,
    "d": 5,
    "k_true": 4,
    "rand_score": 0.7704232283464567,
    "adjusted_rand_score": 0.11258650130313652,
    "accuracy": 0.15625,
    "f1_score": 0.03326023391812866,
    "precision": 0.11458333333333334,
    "recall": 0.01953125,
    "sigui": 0.2387433054747783,
    "sse": 75.82933223129858,
    "sc": 0.19934622476597288,
    "ch": 23.040017804376173,
    "db": 1.0886557388029763,
    "bic": -1136.3676474032095,
    "xb": 109.23531915158763
}