{
    "dataset": "blobs-P2-K32-N64-dt0.70-S6",
    "algorithm": "kmeans",
    "k": 20,
    "n": 64,
    "d": 2,
    "k_true": 32,
    "rand_score": 0.9712301587301587,
    "adjusted_rand_score": 0.4793388429752066,
    "accuracy": 0.625,
    "f1_score": 0.5023809523809524,
    "precision": 0.44166666666666665,
    "recall": 0.625,
    "sigui": 0.07314966039382251,
    "sse": 1.4782093979055717,
    "sc": 0.5933595461586099,
    "ch": 198.21131653143826,
    "db": 0.4273108753614136,
    "bic": -212.88497395534063,
    "xb": 41.84306226350225
}