{
    "dataset": "blobs-P2-K8-N128-dt0.10-S0",
    "algorithm": "kmeans",
    "k": 3,
    "n": 128,
    "d": 2,
    "k_true": 8,
    "rand_score": 0.7165354330708661,
    "adjusted_rand_score": 0.3327495621716287,
    "accuracy": 0.375,
    "f1_score": 0.2375,
    "precision": 0.19791666666666666,
    "recall": 0.375,
    "sigui": 0.24598902530721053,
    "sse": 49.86028052093815,
    "sc": 0.6904399212516095,
    "ch": 258.3967104242629,
    "db": 0.40678713667971006,
    "bic": -300.4284537131523,
    "xb": 10.012544300411413
}