{
    "dataset": "blobs-P10-K2-N128-dt0.20-S1",
    "algorithm": "kmeans",
    "k": 4,
    "n": 128,
    "d": 10,
    "k_true": 2,
    "rand_score": 0.7898622047244095,
    "adjusted_rand_score": 0.5784076685661865,
    "accuracy": 0.6953125,
    "f1_score": 0.4055104800540906,
    "precision": 0.493421052631579,
    "recall": 0.34765625,
    "sigui": 0.5110597841488376,
    "sse": 863.0041759142645,
    "sc": 0.11699087634639621,
    "ch": 19.971893388909884,
    "db": 2.4273035886224132,
    "bic": -1832.0591750758765,
    "xb": 241.9680408623451
}