{
    "dataset": "blobs-P5-K4-N64-dt0.20-S1",
    "algorithm": "kmeans",
    "k": 2,
    "n": 64,
    "d": 5,
    "k_true": 4,
    "rand_score": 0.746031746031746,
    "adjusted_rand_score": 0.4878048780487805,
    "accuracy": 0.5,
    "f1_score": 0.3333333333333333,
    "precision": 0.25,
    "recall": 0.5,
    "sigui": 0.4448525460611308,
    "sse": 160.54253561126538,
    "sc": 0.4726416588932034,
    "ch": 61.5809558162218,
    "db": 0.9575006633739087,
    "bic": -413.0929093797739,
    "xb": 16.291528383804376
}