{
    "dataset": "blobs-P5-K8-N64-dt0.60-S5",
    "algorithm": "kmeans",
    "k": 32,
    "n": 64,
    "d": 5,
    "k_true": 8,
    "rand_score": 0.8888888888888888,
    "adjusted_rand_score": 0.15294117647058825,
    "accuracy": 0.3125,
    "f1_score": 0.1117205710955711,
    "precision": 0.20677083333333335,
    "recall": 0.078125,
    "sigui": 0.17151433537565727,
    "sse": 25.172035341910398,
    "sc": 0.18239870807612132,
    "ch": 12.090343114069853,
    "db": 0.6426186389962494,
    "bic": -689.9326451987977,
    "xb": 24.748768070597464
}