{
    "dataset": "blobs-P5-K32-N1024-dt0.50-S4",
    "algorithm": "kmeans",
    "k": 50,
    "n": 1024,
    "d": 5,
    "k_true": 32,
    "rand_score": 0.9755697091886608,
    "adjusted_rand_score": 0.5188432219322934,
    "accuracy": 0.5888671875,
    "f1_score": 0.4231218864097454,
    "precision": 0.5017143564012649,
    "recall": 0.376875,
    "sigui": 0.2694605432727125,
    "sse": 742.6572724099075,
    "sc": 0.19234803705134038,
    "ch": 117.16151801642813,
    "db": 1.4736313980009002,
    "bic": -7298.10697330099,
    "xb": 1107.1937839433908
}