{
    "dataset": "blobs-P5-K32-N64-dt0.50-S4",
    "algorithm": "kmeans",
    "k": 20,
    "n": 64,
    "d": 5,
    "k_true": 32,
    "rand_score": 0.9588293650793651,
    "adjusted_rand_score": 0.3089731729879741,
    "accuracy": 0.5625,
    "f1_score": 0.4560019841269841,
    "precision": 0.4136160714285714,
    "recall": 0.5625,
    "sigui": 0.23754511877346146,
    "sse": 37.384964601392966,
    "sc": 0.28221527451619977,
    "ch": 17.506420858202414,
    "db": 0.934102843415987,
    "bic": -555.6026858380949,
    "xb": 56.11460199470831
}