{
    "dataset": "blobs-P2-K4-N128-dt0.80-S7",
    "algorithm": "kmeans",
    "k": 3,
    "n": 128,
    "d": 2,
    "k_true": 4,
    "rand_score": 0.8170521653543307,
    "adjusted_rand_score": 0.5724525303201472,
    "accuracy": 0.71875,
    "f1_score": 0.629851868561546,
    "precision": 0.5785628707518775,
    "recall": 0.71875,
    "sigui": 0.3114995313134617,
    "sse": 75.3935116902941,
    "sc": 0.47286458916358454,
    "ch": 149.7198534235378,
    "db": 0.7215649502424303,
    "bic": -363.6592799941344,
    "xb": 24.37986288745298
}