{
    "dataset": "blobs-P2-K4-N64-dt0.30-S2",
    "algorithm": "kmeans",
    "k": 10,
    "n": 64,
    "d": 2,
    "k_true": 4,
    "rand_score": 0.8387896825396826,
    "adjusted_rand_score": 0.44171779141104295,
    "accuracy": 0.515625,
    "f1_score": 0.26845930880713487,
    "precision": 0.3888888888888889,
    "recall": 0.20625,
    "sigui": 0.1402411438454121,
    "sse": 6.358444983904344,
    "sc": 0.3907624198527858,
    "ch": 114.7842486557801,
    "db": 0.6976279983191696,
    "bic": -196.54056677983806,
    "xb": 30.219219918077798
}