{
    "dataset": "blobs-P5-K8-N64-dt0.20-S1",
    "algorithm": "kmeans",
    "k": 8,
    "n": 64,
    "d": 5,
    "k_true": 8,
    "rand_score": 0.9851190476190477,
    "adjusted_rand_score": 0.924958310172318,
    "accuracy": 0.96875,
    "f1_score": 0.9686274509803922,
    "precision": 0.9722222222222222,
    "recall": 0.96875,
    "sigui": 0.24854554753337818,
    "sse": 36.74860608489202,
    "sc": 0.47313623924121895,
    "ch": 61.66250622094916,
    "db": 0.7353834874438681,
    "bic": -341.79683888575664,
    "xb": 16.044380763916106
}