{
    "dataset": "blobs-P2-K32-N64-dt0.10-S0",
    "algorithm": "kmeans",
    "k": 8,
    "n": 64,
    "d": 2,
    "k_true": 32,
    "rand_score": 0.8869047619047619,
    "adjusted_rand_score": 0.19646453345267398,
    "accuracy": 0.25,
    "f1_score": 0.11056547619047619,
    "precision": 0.07395833333333333,
    "recall": 0.25,
    "sigui": 0.19435195452134,
    "sse": 10.706227566534794,
    "sc": 0.48738334678750517,
    "ch": 87.6452675451051,
    "db": 0.6212724190656946,
    "bic": -201.67256954108515,
    "xb": 16.538168823440014
}