{
    "dataset": "blobs-P2-K4-N1024-dt0.70-S6",
    "algorithm": "kmeans",
    "k": 16,
    "n": 1024,
    "d": 2,
    "k_true": 4,
    "rand_score": 0.7737964320625611,
    "adjusted_rand_score": 0.20125645833414885,
    "accuracy": 0.2587890625,
    "f1_score": 0.0997754269083016,
    "precision": 0.21881906951367797,
    "recall": 0.064697265625,
    "sigui": 0.1787537474275661,
    "sse": 144.953788172209,
    "sc": 0.3370921141752468,
    "ch": 882.2446591247214,
    "db": 0.8534189156968277,
    "bic": -3146.9744452293617,
    "xb": 296.0804372743564
}