{
    "dataset": "blobs-P10-K32-N64-dt0.30-S2",
    "algorithm": "kmeans",
    "k": 25,
    "n": 64,
    "d": 10,
    "k_true": 32,
    "rand_score": 0.9776785714285714,
    "adjusted_rand_score": 0.5161290322580645,
    "accuracy": 0.75,
    "f1_score": 0.678422619047619,
    "precision": 0.65,
    "recall": 0.75,
    "sigui": 0.31058839904892677,
    "sse": 128.1686548147866,
    "sc": 0.22613593036349988,
    "ch": 6.489308459450389,
    "db": 0.9848375195172959,
    "bic": -1200.2415581518796,
    "xb": 29.00445868227039
}