{
    "dataset": "blobs-P2-K4-N64-dt0.10-S0",
    "algorithm": "kmeans",
    "k": 16,
    "n": 64,
    "d": 2,
    "k_true": 4,
    "rand_score": 0.8194444444444444,
    "adjusted_rand_score": 0.32687566044381827,
    "accuracy": 0.359375,
    "f1_score": 0.13203463203463203,
    "precision": 0.25,
    "recall": 0.08984375,
    "sigui": 0.03151654765817021,
    "sse": 0.2300638761433999,
    "sc": 0.4383782709554296,
    "ch": 1777.1751152340603,
    "db": 0.605889179487219,
    "bic": -50.84696244581468,
    "xb": 55.58059910183855
}