{
    "dataset": "blobs-P2-K8-N64-dt0.20-S1",
    "algorithm": "kmeans",
    "k": 25,
    "n": 64,
    "d": 2,
    "k_true": 8,
    "rand_score": 0.9201388888888888,
    "adjusted_rand_score": 0.41359773371104813,
    "accuracy": 0.46875,
    "f1_score": 0.2036363636363636,
    "precision": 0.32,
    "recall": 0.15,
    "sigui": 0.03398881972676044,
    "sse": 0.3294182591462279,
    "sc": 0.42860751368869354,
    "ch": 629.7911228921719,
    "db": 0.5136512761565084,
    "bic": -162.46828897310942,
    "xb": 94.24379538483333
}