{
    "dataset": "blobs-P2-K8-N1024-dt0.60-S5",
    "algorithm": "kmeans",
    "k": 8,
    "n": 1024,
    "d": 2,
    "k_true": 8,
    "rand_score": 0.9333875549853372,
    "adjusted_rand_score": 0.7081704684569233,
    "accuracy": 0.7890625,
    "f1_score": 0.7651644941265575,
    "precision": 0.7629354688056902,
    "recall": 0.7890625,
    "sigui": 0.1926037309707124,
    "sse": 145.1123527914909,
    "sc": 0.4497971194944353,
    "ch": 1903.6420673034536,
    "db": 0.8268609276013007,
    "bic": -2347.3962495195374,
    "xb": 257.93299862855713
}