{
    "dataset": "blobs-P10-K8-N64-dt1.00-S9",
    "algorithm": "kmeans",
    "k": 16,
    "n": 64,
    "d": 10,
    "k_true": 8,
    "rand_score": 0.8377976190476191,
    "adjusted_rand_score": 0.04664723032069971,
    "accuracy": 0.28125,
    "f1_score": 0.16220567626817628,
    "precision": 0.2064732142857143,
    "recall": 0.140625,
    "sigui": 0.4001321479076349,
    "sse": 265.0737972862288,
    "sc": 0.08400183373445108,
    "ch": 4.52615030594123,
    "db": 1.3176371535671132,
    "bic": -1167.1776625794796,
    "xb": 55.63769866288783
}