{
    "dataset": "blobs-P5-K2-N1024-dt0.30-S2",
    "algorithm": "kmeans",
    "k": 50,
    "n": 1024,
    "d": 5,
    "k_true": 2,
    "rand_score": 0.5172478311339198,
    "adjusted_rand_score": 0.033591172476967274,
    "accuracy": 0.0703125,
    "f1_score": 0.005249463180497663,
    "precision": 0.03948717948717949,
    "recall": 0.0028125,
    "sigui": 0.31367909416668155,
    "sse": 1069.1271057509389,
    "sc": 0.1455395199722503,
    "ch": 75.31511660259244,
    "db": 1.3810000081272846,
    "bic": -8245.500594322522,
    "xb": 864.9737519020605
}