{
    "dataset": "blobs-P2-K4-N128-dt0.10-S0",
    "algorithm": "kmeans",
    "k": 32,
    "n": 128,
    "d": 2,
    "k_true": 4,
    "rand_score": 0.7870324803149606,
    "adjusted_rand_score": 0.1809748410099362,
    "accuracy": 0.2265625,
    "f1_score": 0.045695319379529906,
    "precision": 0.125,
    "recall": 0.0283203125,
    "sigui": 0.019730661054768193,
    "sse": 0.20568760600294086,
    "sc": 0.40623466663097824,
    "ch": 3851.166537797415,
    "db": 0.6381847989551863,
    "bic": -118.06236158823056,
    "xb": 112.80498465019146
}