{
    "dataset": "blobs-P10-K4-N64-dt0.70-S6",
    "algorithm": "kmeans",
    "k": 32,
    "n": 64,
    "d": 10,
    "k_true": 4,
    "rand_score": 0.7569444444444444,
    "adjusted_rand_score": 0.04968599926117473,
    "accuracy": 0.203125,
    "f1_score": 0.03968253968253968,
    "precision": 0.1,
    "recall": 0.025390625,
    "sigui": 0.24231884103185014,
    "sse": 122.53331814925446,
    "sc": 0.04827638298457087,
    "ch": 4.359297238716655,
    "db": 0.8345103825190581,
    "bic": -1379.5668096014078,
    "xb": 37.84535452456643
}