{
    "dataset": "blobs-P10-K32-N1024-dt0.40-S3",
    "algorithm": "kmeans",
    "k": 4,
    "n": 1024,
    "d": 10,
    "k_true": 32,
    "rand_score": 0.7545572916666666,
    "adjusted_rand_score": 0.0955886726365529,
    "accuracy": 0.1201171875,
    "f1_score": 0.027372100106306647,
    "precision": 0.015496897633075274,
    "recall": 0.1201171875,
    "sigui": 0.5352596385030208,
    "sse": 7883.716918552271,
    "sc": 0.1005240244271437,
    "ch": 101.61910377666679,
    "db": 2.39237756563787,
    "bic": -14748.02957559848,
    "xb": 1639.3788857801858
}