{
    "dataset": "blobs-P5-K8-N64-dt1.00-S9",
    "algorithm": "kmeans",
    "k": 16,
    "n": 64,
    "d": 5,
    "k_true": 8,
    "rand_score": 0.8432539682539683,
    "adjusted_rand_score": 0.04177897574123989,
    "accuracy": 0.296875,
    "f1_score": 0.1798447875653758,
    "precision": 0.24598214285714282,
    "recall": 0.1484375,
    "sigui": 0.31135173295570434,
    "sse": 73.4626217532974,
    "sc": 0.20105648826575015,
    "ch": 10.739061465010089,
    "db": 1.0242059758838802,
    "bic": -591.6052840955084,
    "xb": 38.51185653517954
}