{
    "dataset": "blobs-P5-K4-N128-dt1.00-S9",
    "algorithm": "kmeans",
    "k": 4,
    "n": 128,
    "d": 5,
    "k_true": 4,
    "rand_score": 0.6638779527559056,
    "adjusted_rand_score": 0.09808733084133528,
    "accuracy": 0.4453125,
    "f1_score": 0.44537169660937126,
    "precision": 0.45132625994694964,
    "recall": 0.4453125,
    "sigui": 0.4850376878140227,
    "sse": 432.7044877831802,
    "sc": 0.1379618027638217,
    "ch": 19.80153834053891,
    "db": 1.7436915428404176,
    "bic": -1016.8727101873525,
    "xb": 105.3836801768873
}