{
    "dataset": "blobs-P5-K16-N1024-dt0.70-S6",
    "algorithm": "kmeans",
    "k": 50,
    "n": 1024,
    "d": 5,
    "k_true": 16,
    "rand_score": 0.9439397757820137,
    "adjusted_rand_score": 0.3003884105811961,
    "accuracy": 0.3447265625,
    "f1_score": 0.15533890570609268,
    "precision": 0.2708241632930447,
    "recall": 0.1103125,
    "sigui": 0.29129474345884926,
    "sse": 821.0605482277723,
    "sc": 0.15560923188002215,
    "ch": 104.07562325420908,
    "db": 1.494899626691291,
    "bic": -7574.013857846203,
    "xb": 926.5455952920356
}