{
    "dataset": "blobs-P5-K16-N64-dt0.60-S5",
    "algorithm": "kmeans",
    "k": 50,
    "n": 64,
    "d": 5,
    "k_true": 16,
    "rand_score": 0.9543650793650794,
    "adjusted_rand_score": 0.16724137931034483,
    "accuracy": 0.390625,
    "f1_score": 0.1699047619047619,
    "precision": 0.29333333333333333,
    "recall": 0.125,
    "sigui": 0.05520918446133888,
    "sse": 3.674137945050407,
    "sc": 0.15168410272620725,
    "ch": 24.598645745388755,
    "db": 0.3079939703915083,
    "bic": -727.0584195730246,
    "xb": 18.97143429899438
}