{
    "dataset": "blobs-P5-K4-N128-dt0.60-S5",
    "algorithm": "kmeans",
    "k": 3,
    "n": 128,
    "d": 5,
    "k_true": 4,
    "rand_score": 0.8470718503937008,
    "adjusted_rand_score": 0.6457362270900331,
    "accuracy": 0.7265625,
    "f1_score": 0.644038125617073,
    "precision": 0.6009570494864612,
    "recall": 0.7265625,
    "sigui": 0.44081669633633286,
    "sse": 302.8178899226249,
    "sc": 0.3577805362594073,
    "ch": 69.5925920533317,
    "db": 1.0229427447995658,
    "bic": -846.1030430223957,
    "xb": 39.2353530524319
}