{
    "dataset": "blobs-P5-K8-N1024-dt0.50-S4",
    "algorithm": "kmeans",
    "k": 50,
    "n": 1024,
    "d": 5,
    "k_true": 8,
    "rand_score": 0.8748949932795699,
    "adjusted_rand_score": 0.10532290005280046,
    "accuracy": 0.1650390625,
    "f1_score": 0.04325997299153438,
    "precision": 0.12323079976816262,
    "recall": 0.02640625,
    "sigui": 0.31927503199919127,
    "sse": 1069.739497779865,
    "sc": 0.15066702359803502,
    "ch": 75.26062181111706,
    "db": 1.3907581473565649,
    "bic": -8258.817286342302,
    "xb": 719.6519472963048
}