{
    "dataset": "blobs-P5-K32-N1024-dt0.60-S5",
    "algorithm": "kmeans",
    "k": 4,
    "n": 1024,
    "d": 5,
    "k_true": 32,
    "rand_score": 0.7626599920576735,
    "adjusted_rand_score": 0.12738331070426773,
    "accuracy": 0.125,
    "f1_score": 0.028650315567391837,
    "precision": 0.016268879111120134,
    "recall": 0.125,
    "sigui": 0.4819514497274586,
    "sse": 3230.158377084533,
    "sc": 0.19169239407098276,
    "ch": 198.92094342792134,
    "db": 1.5969026002898523,
    "bic": -7570.887732310751,
    "xb": 685.6456615538318
}