{
    "dataset": "blobs-P2-K4-N1024-dt0.80-S7",
    "algorithm": "kmeans",
    "k": 25,
    "n": 1024,
    "d": 2,
    "k_true": 4,
    "rand_score": 0.7544694678641252,
    "adjusted_rand_score": 0.09616410968194551,
    "accuracy": 0.16015625,
    "f1_score": 0.041288065190048705,
    "precision": 0.1075794527424929,
    "recall": 0.025625,
    "sigui": 0.1712958812669629,
    "sse": 112.03467942728146,
    "sc": 0.33362668391684647,
    "ch": 719.3537176555333,
    "db": 0.8447733781459665,
    "bic": -3414.311979211558,
    "xb": 393.78728883601093
}