{
    "dataset": "blobs-P2-K32-N64-dt0.20-S1",
    "algorithm": "kmeans",
    "k": 10,
    "n": 64,
    "d": 2,
    "k_true": 32,
    "rand_score": 0.9166666666666666,
    "adjusted_rand_score": 0.2554867754642656,
    "accuracy": 0.3125,
    "f1_score": 0.16458333333333333,
    "precision": 0.12083333333333332,
    "recall": 0.3125,
    "sigui": 0.1370004500714173,
    "sse": 4.98125617096011,
    "sc": 0.5230722560787847,
    "ch": 148.17797712900446,
    "db": 0.5728472151969857,
    "bic": -179.73740870832142,
    "xb": 17.938223563105204
}