{
    "dataset": "blobs-P10-K8-N128-dt0.20-S1",
    "algorithm": "kmeans",
    "k": 10,
    "n": 128,
    "d": 10,
    "k_true": 8,
    "rand_score": 0.9858513779527559,
    "adjusted_rand_score": 0.9283664811045442,
    "accuracy": 0.9140625,
    "f1_score": 0.7584045584045584,
    "precision": 0.8,
    "recall": 0.73125,
    "sigui": 0.3584650221667366,
    "sse": 340.56672703490796,
    "sc": 0.29039359426455763,
    "ch": 36.16622836457422,
    "db": 1.340971299699551,
    "bic": -1524.492366461759,
    "xb": 169.7375265730373
}