{
    "dataset": "blobs-P5-K2-N64-dt0.30-S2",
    "algorithm": "kmeans",
    "k": 3,
    "n": 64,
    "d": 5,
    "k_true": 2,
    "rand_score": 0.7678571428571429,
    "adjusted_rand_score": 0.5333628766776399,
    "accuracy": 0.734375,
    "f1_score": 0.5564102564102564,
    "precision": 0.6547619047619048,
    "recall": 0.4895833333333333,
    "sigui": 0.4714802621846008,
    "sse": 184.6106129234793,
    "sc": 0.23493864080004648,
    "ch": 22.368033128981054,
    "db": 1.4584722047686236,
    "bic": -472.2509300419006,
    "xb": 36.84729594921401
}