{
    "dataset": "blobs-P2-K8-N64-dt0.50-S4",
    "algorithm": "kmeans",
    "k": 16,
    "n": 64,
    "d": 2,
    "k_true": 8,
    "rand_score": 0.9037698412698413,
    "adjusted_rand_score": 0.4481668773704172,
    "accuracy": 0.546875,
    "f1_score": 0.30847069597069593,
    "precision": 0.3940705128205128,
    "recall": 0.2734375,
    "sigui": 0.11216173675534036,
    "sse": 3.735556809100379,
    "sc": 0.3878887117460713,
    "ch": 106.44898164636464,
    "db": 0.6324780477400709,
    "bic": -220.3868816923135,
    "xb": 30.40148622522621
}