{
    "dataset": "blobs-P5-K4-N128-dt0.10-S0",
    "algorithm": "kmeans",
    "k": 32,
    "n": 128,
    "d": 5,
    "k_true": 4,
    "rand_score": 0.7924458661417323,
    "adjusted_rand_score": 0.2102089039454719,
    "accuracy": 0.296875,
    "f1_score": 0.05696822557287673,
    "precision": 0.125,
    "recall": 0.037109375,
    "sigui": 0.09295107858203755,
    "sse": 9.18823468090208,
    "sc": 0.21540072481870037,
    "ch": 212.60684600135795,
    "db": 1.0149069878662937,
    "bic": -448.15221482594075,
    "xb": 104.88392012918712
}