{
    "dataset": "blobs-P5-K2-N1024-dt0.80-S7",
    "algorithm": "kmeans",
    "k": 25,
    "n": 1024,
    "d": 5,
    "k_true": 2,
    "rand_score": 0.5090286687438905,
    "adjusted_rand_score": 0.017176440102204905,
    "accuracy": 0.0830078125,
    "f1_score": 0.012218153637508476,
    "precision": 0.07640040444893832,
    "recall": 0.006640625,
    "sigui": 0.37904113680887813,
    "sse": 1708.1179732314795,
    "sc": 0.13944333806880896,
    "ch": 83.1438996544026,
    "db": 1.4494881470053513,
    "bic": -8238.91094174023,
    "xb": 765.7658896872343
}