{
    "dataset": "blobs-P5-K32-N64-dt0.40-S3",
    "algorithm": "kmeans",
    "k": 20,
    "n": 64,
    "d": 5,
    "k_true": 32,
    "rand_score": 0.96875,
    "adjusted_rand_score": 0.4580090126997132,
    "accuracy": 0.609375,
    "f1_score": 0.49494047619047615,
    "precision": 0.4395833333333333,
    "recall": 0.609375,
    "sigui": 0.22051186528855712,
    "sse": 30.963887553398166,
    "sc": 0.4130340924916057,
    "ch": 21.617013870242786,
    "db": 0.6991648665696476,
    "bic": -526.7343306053313,
    "xb": 18.6375261368209
}