{
    "dataset": "blobs-P2-K8-N1024-dt0.10-S0",
    "algorithm": "kmeans",
    "k": 50,
    "n": 1024,
    "d": 2,
    "k_true": 8,
    "rand_score": 0.9002264326735093,
    "adjusted_rand_score": 0.29966108840858063,
    "accuracy": 0.2802734375,
    "f1_score": 0.0695225925667947,
    "precision": 0.16,
    "recall": 0.04484375,
    "sigui": 0.014981477440667162,
    "sse": 0.8769918996734288,
    "sc": 0.34830463436211784,
    "ch": 46525.423557481976,
    "db": 0.8757006210917134,
    "bic": 646.1600831474665,
    "xb": 223.4838411522942
}