{
    "dataset": "blobs-P10-K2-N64-dt1.00-S9",
    "algorithm": "kmeans",
    "k": 10,
    "n": 64,
    "d": 10,
    "k_true": 2,
    "rand_score": 0.5233134920634921,
    "adjusted_rand_score": 0.034571287333960546,
    "accuracy": 0.234375,
    "f1_score": 0.07467166979362101,
    "precision": 0.18571428571428572,
    "recall": 0.046875,
    "sigui": 0.455283542885476,
    "sse": 355.7460714862623,
    "sc": 0.0858123005144815,
    "ch": 4.7942161777274555,
    "db": 1.682540639480217,
    "bic": -1093.166562113129,
    "xb": 63.12832335386144
}