{
    "dataset": "blobs-P2-K8-N64-dt0.60-S5",
    "algorithm": "kmeans",
    "k": 4,
    "n": 64,
    "d": 2,
    "k_true": 8,
    "rand_score": 0.8154761904761905,
    "adjusted_rand_score": 0.41386554621848737,
    "accuracy": 0.453125,
    "f1_score": 0.30833333333333335,
    "precision": 0.23958333333333334,
    "recall": 0.453125,
    "sigui": 0.16419062961652264,
    "sse": 9.105396963849627,
    "sc": 0.6000165917254965,
    "ch": 261.1519377094428,
    "db": 0.6589011190666628,
    "bic": -123.44151335142843,
    "xb": 24.430203562194237
}