{
    "dataset": "blobs-P5-K32-N128-dt0.80-S7",
    "algorithm": "kmeans",
    "k": 3,
    "n": 128,
    "d": 5,
    "k_true": 32,
    "rand_score": 0.6767962598425197,
    "adjusted_rand_score": 0.048733893892866406,
    "accuracy": 0.09375,
    "f1_score": 0.016212752802265747,
    "precision": 0.00888114861329147,
    "recall": 0.09375,
    "sigui": 0.49505608634729154,
    "sse": 448.2219986558092,
    "sc": 0.15879683225273755,
    "ch": 26.741492206892065,
    "db": 1.7966391408131057,
    "bic": -977.8273680870727,
    "xb": 115.33624809562602
}