{
    "dataset": "blobs-P2-K2-N64-dt0.90-S8",
    "algorithm": "kmeans",
    "k": 2,
    "n": 64,
    "d": 2,
    "k_true": 2,
    "rand_score": 0.6354166666666666,
    "adjusted_rand_score": 0.27121204967184476,
    "accuracy": 0.765625,
    "f1_score": 0.7627872498146775,
    "precision": 0.778974358974359,
    "recall": 0.765625,
    "sigui": 0.45314973242514195,
    "sse": 84.41130509481928,
    "sc": 0.30893158527675246,
    "ch": 32.01584291447078,
    "db": 1.1913346481690654,
    "bic": -210.30536452800104,
    "xb": 25.964637430494783
}