{
    "dataset": "blobs-P5-K16-N1024-dt0.90-S8",
    "algorithm": "kmeans",
    "k": 50,
    "n": 1024,
    "d": 5,
    "k_true": 16,
    "rand_score": 0.934580813172043,
    "adjusted_rand_score": 0.18188271306496834,
    "accuracy": 0.2705078125,
    "f1_score": 0.1259718460637702,
    "precision": 0.24625291038826486,
    "recall": 0.0865625,
    "sigui": 0.3064927396897658,
    "sse": 991.2477053934075,
    "sc": 0.15463373432143518,
    "ch": 82.79412294235576,
    "db": 1.4025285217459396,
    "bic": -8064.2961383838765,
    "xb": 1097.813121141783
}