{
    "dataset": "blobs-P2-K16-N64-dt0.40-S3",
    "algorithm": "kmeans",
    "k": 2,
    "n": 64,
    "d": 2,
    "k_true": 16,
    "rand_score": 0.5520833333333334,
    "adjusted_rand_score": 0.09194081310156586,
    "accuracy": 0.125,
    "f1_score": 0.027799227799227798,
    "precision": 0.015640273704789834,
    "recall": 0.125,
    "sigui": 0.4233439728205929,
    "sse": 77.52887200948996,
    "sc": 0.3674767126879075,
    "ch": 40.36186589982362,
    "db": 1.1277458668607525,
    "bic": -206.37455194774347,
    "xb": 22.060358375100247
}