{
    "dataset": "blobs-P5-K16-N1024-dt1.00-S9",
    "algorithm": "kmeans",
    "k": 8,
    "n": 1024,
    "d": 5,
    "k_true": 16,
    "rand_score": 0.8518126069159335,
    "adjusted_rand_score": 0.14334600013444998,
    "accuracy": 0.2705078125,
    "f1_score": 0.18017773870995388,
    "precision": 0.1360600118456479,
    "recall": 0.2705078125,
    "sigui": 0.441233698528226,
    "sse": 2585.8751883126442,
    "sc": 0.14462316004175754,
    "ch": 142.23815487587947,
    "db": 1.5965569857141164,
    "bic": -7800.669886135662,
    "xb": 980.5876015936044
}