{
    "dataset": "blobs-P2-K2-N1024-dt0.30-S2",
    "algorithm": "kmeans",
    "k": 4,
    "n": 1024,
    "d": 2,
    "k_true": 2,
    "rand_score": 0.6849111070381232,
    "adjusted_rand_score": 0.3695413789751903,
    "accuracy": 0.6025390625,
    "f1_score": 0.36763458723483355,
    "precision": 0.48183198380566805,
    "recall": 0.30126953125,
    "sigui": 0.326570673199411,
    "sse": 686.2097265683185,
    "sc": 0.343079279179282,
    "ch": 674.7335035343235,
    "db": 0.9249993393766904,
    "bic": -3202.789508206868,
    "xb": 292.32783142557724
}