{
    "dataset": "blobs-P2-K4-N128-dt0.70-S6",
    "algorithm": "kmeans",
    "k": 20,
    "n": 128,
    "d": 2,
    "k_true": 4,
    "rand_score": 0.7629183070866141,
    "adjusted_rand_score": 0.13871184579595486,
    "accuracy": 0.2421875,
    "f1_score": 0.07142497629131085,
    "precision": 0.1387987012987013,
    "recall": 0.0484375,
    "sigui": 0.15385312960586653,
    "sse": 13.021385059580956,
    "sc": 0.34034986315677906,
    "ch": 106.06718059518073,
    "db": 0.7328384291547478,
    "bic": -487.27761643313374,
    "xb": 37.8184908187555
}