{
    "dataset": "blobs-P2-K8-N128-dt0.40-S3",
    "algorithm": "kmeans",
    "k": 8,
    "n": 128,
    "d": 2,
    "k_true": 8,
    "rand_score": 0.9755167322834646,
    "adjusted_rand_score": 0.8829482245163561,
    "accuracy": 0.9453125,
    "f1_score": 0.9464439655172414,
    "precision": 0.9514802631578947,
    "recall": 0.9453125,
    "sigui": 0.12135561837931304,
    "sse": 7.436481507464403,
    "sc": 0.5742316235387264,
    "ch": 572.9979808551102,
    "db": 0.5731935940811602,
    "bic": -234.37244080436824,
    "xb": 31.174971088654253
}