{
    "dataset": "blobs-P5-K32-N128-dt0.40-S3",
    "algorithm": "kmeans",
    "k": 32,
    "n": 128,
    "d": 5,
    "k_true": 32,
    "rand_score": 0.9942175196850394,
    "adjusted_rand_score": 0.8780517702821419,
    "accuracy": 0.9296875,
    "f1_score": 0.9209167568542569,
    "precision": 0.9194196428571428,
    "recall": 0.9296875,
    "sigui": 0.1462357549536482,
    "sse": 23.043948411895425,
    "sc": 0.5041809655470536,
    "ch": 82.90999202746436,
    "db": 0.6358519108919172,
    "bic": -762.85087148472,
    "xb": 90.86788514065461
}