{
    "dataset": "blobs-P5-K2-N64-dt0.40-S3",
    "algorithm": "kmeans",
    "k": 20,
    "n": 64,
    "d": 5,
    "k_true": 2,
    "rand_score": 0.5376984126984127,
    "adjusted_rand_score": 0.0621046578493387,
    "accuracy": 0.171875,
    "f1_score": 0.028289473684210524,
    "precision": 0.08125,
    "recall": 0.0171875,
    "sigui": 0.28812558413511785,
    "sse": 62.85997534205175,
    "sc": 0.18789358465191197,
    "ch": 9.47315297413762,
    "db": 0.9379726706342248,
    "bic": -633.8617645181489,
    "xb": 37.06806145671882
}