{
    "dataset": "blobs-P2-K2-N1024-dt0.60-S5",
    "algorithm": "kmeans",
    "k": 20,
    "n": 1024,
    "d": 2,
    "k_true": 2,
    "rand_score": 0.5218834005376344,
    "adjusted_rand_score": 0.042942351967083285,
    "accuracy": 0.1201171875,
    "f1_score": 0.021076717913770922,
    "precision": 0.08636363636363636,
    "recall": 0.01201171875,
    "sigui": 0.1854654452479104,
    "sse": 161.3700057232292,
    "sc": 0.3322813521123373,
    "ch": 617.7944922502608,
    "db": 0.8237152562931456,
    "bic": -3459.038535562524,
    "xb": 277.4249269883169
}