{
    "dataset": "blobs-P10-K8-N1024-dt0.30-S2",
    "algorithm": "kmeans",
    "k": 8,
    "n": 1024,
    "d": 10,
    "k_true": 8,
    "rand_score": 0.9446309109237536,
    "adjusted_rand_score": 0.7607743792171314,
    "accuracy": 0.796875,
    "f1_score": 0.7701385673573823,
    "precision": 0.7703218194476735,
    "recall": 0.796875,
    "sigui": 0.4302077224529684,
    "sse": 4316.130813140787,
    "sc": 0.2082820536528166,
    "ch": 199.20788695827554,
    "db": 1.804767342290726,
    "bic": -12465.114245916078,
    "xb": 2258.8985514696783
}