{
    "dataset": "blobs-P5-K4-N64-dt0.50-S4",
    "algorithm": "kmeans",
    "k": 2,
    "n": 64,
    "d": 5,
    "k_true": 4,
    "rand_score": 0.6369047619047619,
    "adjusted_rand_score": 0.2812792219936413,
    "accuracy": 0.5,
    "f1_score": 0.3386243386243386,
    "precision": 0.2591093117408907,
    "recall": 0.5,
    "sigui": 0.5072332751693999,
    "sse": 225.52048327790487,
    "sc": 0.26502471490695234,
    "ch": 25.974270503631015,
    "db": 1.4471535364620753,
    "bic": -466.33755316628316,
    "xb": 34.990338799470415
}