{
    "dataset": "blobs-P5-K16-N1024-dt0.20-S1",
    "algorithm": "kmeans",
    "k": 10,
    "n": 1024,
    "d": 5,
    "k_true": 16,
    "rand_score": 0.9452590420332356,
    "adjusted_rand_score": 0.6653581943081452,
    "accuracy": 0.625,
    "f1_score": 0.5104166666666666,
    "precision": 0.4583333333333333,
    "recall": 0.625,
    "sigui": 0.255601981995033,
    "sse": 730.993811170136,
    "sc": 0.581232932993936,
    "ch": 676.4690613225174,
    "db": 0.7066230342862682,
    "bic": -4763.286155884074,
    "xb": 236.5143104381545
}