{
    "dataset": "blobs-P10-K32-N128-dt0.50-S4",
    "algorithm": "kmeans",
    "k": 4,
    "n": 128,
    "d": 10,
    "k_true": 32,
    "rand_score": 0.7528297244094488,
    "adjusted_rand_score": 0.07375326273601517,
    "accuracy": 0.125,
    "f1_score": 0.02866144284298025,
    "precision": 0.016250548681507986,
    "recall": 0.125,
    "sigui": 0.5338966318847935,
    "sse": 945.428050091363,
    "sc": 0.0999205218759858,
    "ch": 14.627209260631327,
    "db": 2.3078975828791815,
    "bic": -1904.1261256692371,
    "xb": 221.39196168157002
}