{
    "dataset": "blobs-P2-K4-N64-dt0.90-S8",
    "algorithm": "kmeans",
    "k": 3,
    "n": 64,
    "d": 2,
    "k_true": 4,
    "rand_score": 0.7266865079365079,
    "adjusted_rand_score": 0.3431166619358501,
    "accuracy": 0.609375,
    "f1_score": 0.5292207792207791,
    "precision": 0.47716718266253866,
    "recall": 0.609375,
    "sigui": 0.3895481411102131,
    "sse": 51.95079408949429,
    "sc": 0.3499296605874035,
    "ch": 44.648033219178146,
    "db": 0.9170127845588198,
    "bic": -211.4585910563732,
    "xb": 16.77472877060348
}