{
    "dataset": "blobs-P2-K2-N128-dt0.70-S6",
    "algorithm": "kmeans",
    "k": 20,
    "n": 128,
    "d": 2,
    "k_true": 2,
    "rand_score": 0.5200541338582677,
    "adjusted_rand_score": 0.033341463176687514,
    "accuracy": 0.15625,
    "f1_score": 0.026543319694004624,
    "precision": 0.0905982905982906,
    "recall": 0.015625,
    "sigui": 0.16156996824219555,
    "sse": 13.245927118961824,
    "sc": 0.35236281269185543,
    "ch": 104.17279545507397,
    "db": 0.7639662729146697,
    "bic": -497.0028166944483,
    "xb": 77.7908936778245
}