{
    "dataset": "blobs-P2-K32-N1024-dt0.90-S8",
    "algorithm": "kmeans",
    "k": 20,
    "n": 1024,
    "d": 2,
    "k_true": 32,
    "rand_score": 0.9615560850439883,
    "adjusted_rand_score": 0.5381561498277698,
    "accuracy": 0.5458984375,
    "f1_score": 0.4243790197013819,
    "precision": 0.36951898959660945,
    "recall": 0.5458984375,
    "sigui": 0.12257853779598486,
    "sse": 53.32608953474189,
    "sc": 0.45666556257045665,
    "ch": 1976.5703741282246,
    "db": 0.7732021835462668,
    "bic": -2365.782896017985,
    "xb": 435.97354477780704
}