{
    "dataset": "blobs-P10-K8-N128-dt0.30-S2",
    "algorithm": "kmeans",
    "k": 25,
    "n": 128,
    "d": 10,
    "k_true": 8,
    "rand_score": 0.9016978346456693,
    "adjusted_rand_score": 0.3518131703172809,
    "accuracy": 0.421875,
    "f1_score": 0.18078418972332017,
    "precision": 0.3042857142857143,
    "recall": 0.135,
    "sigui": 0.3577127002619125,
    "sse": 347.9797233118208,
    "sc": 0.11529075807085305,
    "ch": 11.49469375988847,
    "db": 1.5136507244550714,
    "bic": -2058.794933681649,
    "xb": 164.5997533239429
}