{
    "dataset": "blobs-P5-K8-N128-dt0.60-S5",
    "algorithm": "kmeans",
    "k": 2,
    "n": 128,
    "d": 5,
    "k_true": 8,
    "rand_score": 0.5301427165354331,
    "adjusted_rand_score": 0.09317770062204472,
    "accuracy": 0.25,
    "f1_score": 0.10364372469635627,
    "precision": 0.06613278222681478,
    "recall": 0.25,
    "sigui": 0.5206213377384301,
    "sse": 512.5066662117124,
    "sc": 0.1934253265731048,
    "ch": 31.344294848036693,
    "db": 1.8493276337649864,
    "bic": -951.357189275026,
    "xb": 109.57387901141695
}