{
    "dataset": "blobs-P5-K32-N1024-dt0.10-S0",
    "algorithm": "kmeans",
    "k": 8,
    "n": 1024,
    "d": 5,
    "k_true": 32,
    "rand_score": 0.8807429130009775,
    "adjusted_rand_score": 0.3017689906347555,
    "accuracy": 0.25,
    "f1_score": 0.11927083333333333,
    "precision": 0.08831845238095237,
    "recall": 0.25,
    "sigui": 0.36487679962509795,
    "sse": 1682.7262385849033,
    "sc": 0.3785590345092665,
    "ch": 296.48062951315967,
    "db": 1.046670528869925,
    "bic": -6596.012411702119,
    "xb": 467.7103546862938
}