{
    "dataset": "blobs-P5-K32-N128-dt0.10-S0",
    "algorithm": "kmeans",
    "k": 16,
    "n": 128,
    "d": 5,
    "k_true": 32,
    "rand_score": 0.9591535433070866,
    "adjusted_rand_score": 0.514351531905091,
    "accuracy": 0.5,
    "f1_score": 0.3553571428571428,
    "precision": 0.29374999999999996,
    "recall": 0.5,
    "sigui": 0.262006751567373,
    "sse": 84.00234892231408,
    "sc": 0.4857100790413766,
    "ch": 49.42063146217504,
    "db": 0.7751214925066762,
    "bic": -839.9627099740505,
    "xb": 38.27734519808269
}