{
    "dataset": "blobs-P5-K2-N128-dt1.00-S9",
    "algorithm": "kmeans",
    "k": 2,
    "n": 128,
    "d": 5,
    "k_true": 2,
    "rand_score": 0.5020915354330708,
    "adjusted_rand_score": 0.005526048469017559,
    "accuracy": 0.5546875,
    "f1_score": 0.5339508144362823,
    "precision": 0.5665280665280665,
    "recall": 0.5546875,
    "sigui": 0.5254369074402239,
    "sse": 557.8965998784533,
    "sc": 0.13357575661874888,
    "ch": 18.54291353911952,
    "db": 2.1960915881437524,
    "bic": -970.305761458498,
    "xb": 154.9239816670505
}