{
    "dataset": "blobs-P10-K8-N1024-dt0.40-S3",
    "algorithm": "kmeans",
    "k": 3,
    "n": 1024,
    "d": 10,
    "k_true": 8,
    "rand_score": 0.7315245448435973,
    "adjusted_rand_score": 0.28737190274458446,
    "accuracy": 0.361328125,
    "f1_score": 0.19791095208686355,
    "precision": 0.13664563666559215,
    "recall": 0.361328125,
    "sigui": 0.5319106451220506,
    "sse": 7855.27388423285,
    "sc": 0.12901242804044502,
    "ch": 154.97902428872732,
    "db": 2.2587082873101956,
    "bic": -14406.804633797728,
    "xb": 1306.5875124798174
}