{
    "dataset": "blobs-P10-K4-N128-dt1.00-S9",
    "algorithm": "kmeans",
    "k": 8,
    "n": 128,
    "d": 10,
    "k_true": 4,
    "rand_score": 0.7057086614173228,
    "adjusted_rand_score": 0.04159410413669519,
    "accuracy": 0.28125,
    "f1_score": 0.17820713190936752,
    "precision": 0.2443609022556391,
    "recall": 0.140625,
    "sigui": 0.5066767286310523,
    "sse": 844.2081200181714,
    "sc": 0.08159073031267974,
    "ch": 8.84937939519562,
    "db": 1.9903655086759278,
    "bic": -2028.2780225758293,
    "xb": 159.4208911523122
}