{
    "dataset": "blobs-P5-K2-N64-dt0.60-S5",
    "algorithm": "kmeans",
    "k": 50,
    "n": 64,
    "d": 5,
    "k_true": 2,
    "rand_score": 0.5084325396825397,
    "adjusted_rand_score": 0.0013116851955530672,
    "accuracy": 0.078125,
    "f1_score": 0.005686274509803921,
    "precision": 0.035,
    "recall": 0.003125,
    "sigui": 0.0683290817624837,
    "sse": 6.921576893935237,
    "sc": 0.09025700562909443,
    "ch": 12.923496972009682,
    "db": 0.40627017502157486,
    "bic": -827.0041389948292,
    "xb": 20.539187853086972
}