{
    "dataset": "blobs-P10-K16-N64-dt0.10-S0",
    "algorithm": "kmeans",
    "k": 8,
    "n": 64,
    "d": 10,
    "k_true": 16,
    "rand_score": 0.9126984126984127,
    "adjusted_rand_score": 0.48552338530066813,
    "accuracy": 0.5,
    "f1_score": 0.3645833333333333,
    "precision": 0.3125,
    "recall": 0.5,
    "sigui": 0.3516225556753104,
    "sse": 178.65020824721697,
    "sc": 0.43731717210465504,
    "ch": 20.659356461062284,
    "db": 0.9120802845166159,
    "bic": -812.3145471126916,
    "xb": 21.095079941020565
}