{
    "dataset": "blobs-P5-K8-N1024-dt0.10-S0",
    "algorithm": "kmeans",
    "k": 32,
    "n": 1024,
    "d": 5,
    "k_true": 8,
    "rand_score": 0.9088178916177908,
    "adjusted_rand_score": 0.38772306052093597,
    "accuracy": 0.3349609375,
    "f1_score": 0.12490086878069151,
    "precision": 0.25,
    "recall": 0.083740234375,
    "sigui": 0.07625168083412964,
    "sse": 46.47555332934041,
    "sc": 0.16355147521169439,
    "ch": 3493.2942302586084,
    "db": 1.5746453357923642,
    "bic": 598.9975364646884,
    "xb": 668.2437454745772
}