{
    "dataset": "blobs-P2-K8-N128-dt0.20-S1",
    "algorithm": "kmeans",
    "k": 8,
    "n": 128,
    "d": 2,
    "k_true": 8,
    "rand_score": 0.9606299212598425,
    "adjusted_rand_score": 0.8260750479320734,
    "accuracy": 0.8125,
    "f1_score": 0.7916666666666666,
    "precision": 0.8125,
    "recall": 0.8125,
    "sigui": 0.1262646276801898,
    "sse": 7.709656763054837,
    "sc": 0.6834894151466542,
    "ch": 552.0875980444271,
    "db": 0.5078434415570019,
    "bic": -228.465637451955,
    "xb": 64.54457530426684
}