{
    "dataset": "blobs-P2-K2-N64-dt0.30-S2",
    "algorithm": "kmeans",
    "k": 3,
    "n": 64,
    "d": 2,
    "k_true": 2,
    "rand_score": 0.7455357142857143,
    "adjusted_rand_score": 0.4882752505660497,
    "accuracy": 0.6875,
    "f1_score": 0.5407636738906089,
    "precision": 0.6666666666666666,
    "recall": 0.4583333333333333,
    "sigui": 0.27838046139262823,
    "sse": 36.602476323454425,
    "sc": 0.39907069939460416,
    "ch": 76.15945018311137,
    "db": 0.922533568037159,
    "bic": -190.12681232313668,
    "xb": 22.702477462191023
}