{
    "dataset": "blobs-P5-K2-N1024-dt0.40-S3",
    "algorithm": "kmeans",
    "k": 16,
    "n": 1024,
    "d": 5,
    "k_true": 2,
    "rand_score": 0.5377661443059628,
    "adjusted_rand_score": 0.07474339507637835,
    "accuracy": 0.1494140625,
    "f1_score": 0.03217420393722217,
    "precision": 0.11752717391304349,
    "recall": 0.0186767578125,
    "sigui": 0.3966616632879202,
    "sse": 1855.7817020825892,
    "sc": 0.1429099646676249,
    "ch": 118.20111674443476,
    "db": 1.45377798919063,
    "bic": -7820.739010418413,
    "xb": 751.1286769775154
}