{
    "dataset": "blobs-P5-K32-N64-dt0.30-S2",
    "algorithm": "kmeans",
    "k": 2,
    "n": 64,
    "d": 5,
    "k_true": 32,
    "rand_score": 0.5218253968253969,
    "adjusted_rand_score": 0.03249856623972472,
    "accuracy": 0.0625,
    "f1_score": 0.007378472222222222,
    "precision": 0.00392156862745098,
    "recall": 0.0625,
    "sigui": 0.5348354620445693,
    "sse": 253.966334921768,
    "sc": 0.19108606677403417,
    "ch": 16.1205902983619,
    "db": 1.8979756678916837,
    "bic": -486.3506745461952,
    "xb": 55.5876740447616
}