{
    "dataset": "blobs-P5-K4-N128-dt0.40-S3",
    "algorithm": "kmeans",
    "k": 3,
    "n": 128,
    "d": 5,
    "k_true": 4,
    "rand_score": 0.8045029527559056,
    "adjusted_rand_score": 0.5306939719025217,
    "accuracy": 0.7109375,
    "f1_score": 0.6159544159544159,
    "precision": 0.5509531875991504,
    "recall": 0.7109375,
    "sigui": 0.46340021125530695,
    "sse": 359.1358753196329,
    "sc": 0.27476188896031417,
    "ch": 48.878457984460034,
    "db": 1.2961816976744922,
    "bic": -905.8510870112102,
    "xb": 61.1915954385791
}