{
    "dataset": "blobs-P5-K8-N128-dt0.90-S8",
    "algorithm": "kmeans",
    "k": 32,
    "n": 128,
    "d": 5,
    "k_true": 8,
    "rand_score": 0.8693405511811023,
    "adjusted_rand_score": 0.0661247438098931,
    "accuracy": 0.1875,
    "f1_score": 0.0718073593073593,
    "precision": 0.15625,
    "recall": 0.046875,
    "sigui": 0.2676533988913876,
    "sse": 111.73770050345661,
    "sc": 0.15473898314134518,
    "ch": 14.640618601729843,
    "db": 1.0801720498267129,
    "bic": -1259.3350067334832,
    "xb": 92.02822976725552
}