{
    "dataset": "blobs-P5-K32-N128-dt0.30-S2",
    "algorithm": "kmeans",
    "k": 50,
    "n": 128,
    "d": 5,
    "k_true": 32,
    "rand_score": 0.9928641732283464,
    "adjusted_rand_score": 0.820700063288058,
    "accuracy": 0.8359375,
    "f1_score": 0.5752380952380952,
    "precision": 0.64,
    "recall": 0.535,
    "sigui": 0.09332260232696273,
    "sse": 10.83217455312563,
    "sc": 0.37912978993891355,
    "ch": 92.45903968052356,
    "db": 0.5655152585517753,
    "bic": -848.6341362288986,
    "xb": 90.36141560562623
}