{
    "dataset": "blobs-P10-K16-N1024-dt0.30-S2",
    "algorithm": "kmeans",
    "k": 10,
    "n": 1024,
    "d": 10,
    "k_true": 16,
    "rand_score": 0.935955446603128,
    "adjusted_rand_score": 0.5980644497753133,
    "accuracy": 0.6181640625,
    "f1_score": 0.4951707921615213,
    "precision": 0.42979573164192086,
    "recall": 0.6181640625,
    "sigui": 0.4430167137154417,
    "sse": 4700.588461251052,
    "sc": 0.20726993110350556,
    "ch": 132.77210683523876,
    "db": 1.4373304922280223,
    "bic": -13223.484250331896,
    "xb": 706.8678531203038
}