{
    "dataset": "blobs-P5-K16-N128-dt0.10-S0",
    "algorithm": "kmeans",
    "k": 16,
    "n": 128,
    "d": 5,
    "k_true": 16,
    "rand_score": 1.0,
    "adjusted_rand_score": 1.0,
    "accuracy": 1.0,
    "f1_score": 1.0,
    "precision": 1.0,
    "recall": 1.0,
    "sigui": 0.07460007321465928,
    "sse": 5.695451642746892,
    "sc": 0.7797454889698758,
    "ch": 831.5654183045497,
    "db": 0.294658976942496,
    "bic": 12.336572782654855,
    "xb": 14.430140293511107
}