{
    "dataset": "blobs-P5-K16-N64-dt0.70-S6",
    "algorithm": "kmeans",
    "k": 8,
    "n": 64,
    "d": 5,
    "k_true": 16,
    "rand_score": 0.8903769841269841,
    "adjusted_rand_score": 0.29628506444275965,
    "accuracy": 0.46875,
    "f1_score": 0.3189674908424908,
    "precision": 0.24998421717171718,
    "recall": 0.46875,
    "sigui": 0.3674192723368034,
    "sse": 108.918837011788,
    "sc": 0.22853318283649768,
    "ch": 15.503739759201965,
    "db": 1.1842201593769075,
    "bic": -513.5921325143968,
    "xb": 36.09047638318762
}