{
    "dataset": "blobs-P10-K16-N64-dt0.70-S6",
    "algorithm": "kmeans",
    "k": 3,
    "n": 64,
    "d": 10,
    "k_true": 16,
    "rand_score": 0.6701388888888888,
    "adjusted_rand_score": 0.04434407719154178,
    "accuracy": 0.1875,
    "f1_score": 0.05996865203761756,
    "precision": 0.035793650793650794,
    "recall": 0.1875,
    "sigui": 0.5347879132129515,
    "sse": 517.7080358644413,
    "sc": 0.09168937600964538,
    "ch": 7.204649431231148,
    "db": 2.375054340806159,
    "bic": -978.9819874411162,
    "xb": 94.24315044438266
}