{
    "dataset": "blobs-P5-K8-N128-dt1.00-S9",
    "algorithm": "kmeans",
    "k": 8,
    "n": 128,
    "d": 5,
    "k_true": 8,
    "rand_score": 0.8201279527559056,
    "adjusted_rand_score": 0.1702462349734102,
    "accuracy": 0.421875,
    "f1_score": 0.4101592264898717,
    "precision": 0.41557800751879703,
    "recall": 0.421875,
    "sigui": 0.42563109273085614,
    "sse": 283.09932269186413,
    "sc": 0.16899044510644523,
    "ch": 21.611840208963386,
    "db": 1.4814911436964149,
    "bic": -1024.309200229988,
    "xb": 91.79729413117285
}