{
    "dataset": "blobs-P5-K32-N128-dt1.00-S9",
    "algorithm": "kmeans",
    "k": 20,
    "n": 128,
    "d": 5,
    "k_true": 32,
    "rand_score": 0.9571850393700787,
    "adjusted_rand_score": 0.4104212801152584,
    "accuracy": 0.53125,
    "f1_score": 0.41805590243090246,
    "precision": 0.3725739538239538,
    "recall": 0.53125,
    "sigui": 0.286666120443175,
    "sse": 110.33214886447146,
    "sc": 0.2633433176844831,
    "ch": 27.2879990633912,
    "db": 1.0483150644602988,
    "bic": -1012.9508342366754,
    "xb": 72.48830863464835
}