{
    "dataset": "blobs-P5-K8-N64-dt0.80-S7",
    "algorithm": "kmeans",
    "k": 16,
    "n": 64,
    "d": 5,
    "k_true": 8,
    "rand_score": 0.8640873015873016,
    "adjusted_rand_score": 0.1449375866851595,
    "accuracy": 0.390625,
    "f1_score": 0.24848484848484848,
    "precision": 0.36011904761904756,
    "recall": 0.1953125,
    "sigui": 0.31225128291424065,
    "sse": 69.59658061804343,
    "sc": 0.1912307324668742,
    "ch": 11.51336653189712,
    "db": 1.0393714066037867,
    "bic": -585.5427140243094,
    "xb": 52.84848899328545
}