{
    "dataset": "blobs-P10-K8-N128-dt0.60-S5",
    "algorithm": "kmeans",
    "k": 3,
    "n": 128,
    "d": 10,
    "k_true": 8,
    "rand_score": 0.671136811023622,
    "adjusted_rand_score": 0.1206576333178777,
    "accuracy": 0.3046875,
    "f1_score": 0.167387987552494,
    "precision": 0.11605481727574751,
    "recall": 0.3046875,
    "sigui": 0.5400915022963484,
    "sse": 1039.5632887102572,
    "sc": 0.09094503863559261,
    "ch": 14.455391623392797,
    "db": 2.6234202172486136,
    "bic": -1902.6103399670642,
    "xb": 234.7588985094436
}