{
    "dataset": "blobs-P5-K16-N64-dt1.00-S9",
    "algorithm": "kmeans",
    "k": 20,
    "n": 64,
    "d": 5,
    "k_true": 16,
    "rand_score": 0.9246031746031746,
    "adjusted_rand_score": 0.15196599362380447,
    "accuracy": 0.4375,
    "f1_score": 0.36464285714285716,
    "precision": 0.44416666666666665,
    "recall": 0.35,
    "sigui": 0.2798761443235771,
    "sse": 58.53248485366669,
    "sc": 0.14224826919521477,
    "ch": 10.34474652494297,
    "db": 1.0088220670432804,
    "bic": -626.3153198555756,
    "xb": 41.32897663215587
}