{
    "dataset": "blobs-P5-K16-N128-dt0.40-S3",
    "algorithm": "kmeans",
    "k": 50,
    "n": 128,
    "d": 5,
    "k_true": 16,
    "rand_score": 0.9564468503937008,
    "adjusted_rand_score": 0.3739486436807219,
    "accuracy": 0.4375,
    "f1_score": 0.19047086247086248,
    "precision": 0.3093333333333333,
    "recall": 0.14,
    "sigui": 0.1585770955382777,
    "sse": 32.0812265935515,
    "sc": 0.19018449515135064,
    "ch": 30.164290395708946,
    "db": 0.9200482803962777,
    "bic": -1199.4750645690324,
    "xb": 77.76743720611869
}