{
    "dataset": "blobs-P2-K4-N1024-dt0.40-S3",
    "algorithm": "kmeans",
    "k": 50,
    "n": 1024,
    "d": 2,
    "k_true": 4,
    "rand_score": 0.7697336265884653,
    "adjusted_rand_score": 0.11716029048837581,
    "accuracy": 0.1455078125,
    "f1_score": 0.020294328418953244,
    "precision": 0.08,
    "recall": 0.011640625,
    "sigui": 0.09386610109693241,
    "sse": 34.25149705311172,
    "sc": 0.32873065612596264,
    "ch": 1168.6609945115026,
    "db": 0.8431081135364845,
    "bic": -3133.7585286984568,
    "xb": 328.43575210569276
}