{
    "dataset": "blobs-P2-K32-N1024-dt0.80-S7",
    "algorithm": "kmeans",
    "k": 50,
    "n": 1024,
    "d": 2,
    "k_true": 32,
    "rand_score": 0.9858546401515151,
    "adjusted_rand_score": 0.7273858490892122,
    "accuracy": 0.705078125,
    "f1_score": 0.4976256476149621,
    "precision": 0.5833898410661618,
    "recall": 0.45125,
    "sigui": 0.05531950663352044,
    "sse": 10.217355764186935,
    "sc": 0.4370571697050837,
    "ch": 3964.4433857611684,
    "db": 0.8482668722811749,
    "bic": -1906.748127094579,
    "xb": 372.403132496325
}