{
    "dataset": "blobs-P5-K8-N1024-dt0.20-S1",
    "algorithm": "kmeans",
    "k": 8,
    "n": 1024,
    "d": 5,
    "k_true": 8,
    "rand_score": 0.9980602394916911,
    "adjusted_rand_score": 0.9910803833414671,
    "accuracy": 0.99609375,
    "f1_score": 0.9960936453382787,
    "precision": 0.9961240310077519,
    "recall": 0.99609375,
    "sigui": 0.24923840395998476,
    "sse": 582.7697166799466,
    "sc": 0.5296103413668511,
    "ch": 1130.0288055253172,
    "db": 0.710289520730593,
    "bic": -3997.5349009936026,
    "xb": 205.20644825929972
}