{
    "dataset": "blobs-P2-K2-N64-dt0.60-S5",
    "algorithm": "kmeans",
    "k": 50,
    "n": 64,
    "d": 2,
    "k_true": 2,
    "rand_score": 0.5114087301587301,
    "adjusted_rand_score": 0.007294716129961127,
    "accuracy": 0.078125,
    "f1_score": 0.005781512605042016,
    "precision": 0.04,
    "recall": 0.003125,
    "sigui": 0.016005443629467424,
    "sse": 0.11755819606170924,
    "sc": 0.25014708240496636,
    "ch": 310.8064068644888,
    "db": 0.1606194739520953,
    "bic": -339.5038289142292,
    "xb": 84.21850213283936
}