{
    "dataset": "blobs-P5-K32-N128-dt0.90-S8",
    "algorithm": "kmeans",
    "k": 4,
    "n": 128,
    "d": 5,
    "k_true": 32,
    "rand_score": 0.7460629921259843,
    "adjusted_rand_score": 0.06764456901396428,
    "accuracy": 0.125,
    "f1_score": 0.02943402517295991,
    "precision": 0.016835919274943663,
    "recall": 0.125,
    "sigui": 0.4818962446858784,
    "sse": 405.55105553804844,
    "sc": 0.16032595842106945,
    "ch": 23.89478769383907,
    "db": 1.608876028547483,
    "bic": -993.5157071574284,
    "xb": 99.0997605258466
}