{
    "dataset": "blobs-P2-K2-N64-dt0.50-S4",
    "algorithm": "kmeans",
    "k": 10,
    "n": 64,
    "d": 2,
    "k_true": 2,
    "rand_score": 0.5510912698412699,
    "adjusted_rand_score": 0.09091633847282236,
    "accuracy": 0.25,
    "f1_score": 0.07875457875457875,
    "precision": 0.19,
    "recall": 0.05,
    "sigui": 0.19203005710816773,
    "sse": 14.013750405669652,
    "sc": 0.3555154732218276,
    "ch": 48.80331658320989,
    "db": 0.7929042963897395,
    "bic": -242.84378606255075,
    "xb": 31.135894456305923
}