{
    "dataset": "blobs-P2-K8-N128-dt0.70-S6",
    "algorithm": "kmeans",
    "k": 32,
    "n": 128,
    "d": 2,
    "k_true": 8,
    "rand_score": 0.8881643700787402,
    "adjusted_rand_score": 0.21282602025161093,
    "accuracy": 0.3046875,
    "f1_score": 0.10887098861283644,
    "precision": 0.2019469246031746,
    "recall": 0.076171875,
    "sigui": 0.08522274184464157,
    "sse": 4.576470626877279,
    "sc": 0.35422104261477055,
    "ch": 170.13151856386202,
    "db": 0.7261665990203583,
    "bic": -513.7335427778539,
    "xb": 101.89736862046104
}