{
    "dataset": "blobs-P2-K32-N64-dt0.30-S2",
    "algorithm": "kmeans",
    "k": 16,
    "n": 64,
    "d": 2,
    "k_true": 32,
    "rand_score": 0.9563492063492064,
    "adjusted_rand_score": 0.40616966580976865,
    "accuracy": 0.5,
    "f1_score": 0.3614583333333333,
    "precision": 0.3046875,
    "recall": 0.5,
    "sigui": 0.1144958978285459,
    "sse": 3.3548681920531074,
    "sc": 0.5736611967528978,
    "ch": 118.89123475260395,
    "db": 0.5236008374978183,
    "bic": -222.3190415239479,
    "xb": 20.736549285420757
}