{
    "dataset": "blobs-P10-K4-N64-dt0.10-S0",
    "algorithm": "kmeans",
    "k": 10,
    "n": 64,
    "d": 10,
    "k_true": 4,
    "rand_score": 0.8670634920634921,
    "adjusted_rand_score": 0.5465678375765388,
    "accuracy": 0.59375,
    "f1_score": 0.29743589743589743,
    "precision": 0.4,
    "recall": 0.2375,
    "sigui": 0.2625606277373248,
    "sse": 79.71012555312015,
    "sc": 0.24281961326229595,
    "ch": 42.17455716389456,
    "db": 1.2216951179331492,
    "bic": -615.5765176035471,
    "xb": 39.71158193179391
}