{
    "dataset": "blobs-P2-K2-N128-dt0.20-S1",
    "algorithm": "kmeans",
    "k": 50,
    "n": 128,
    "d": 2,
    "k_true": 2,
    "rand_score": 0.5239911417322834,
    "adjusted_rand_score": 0.04073943201407178,
    "accuracy": 0.109375,
    "f1_score": 0.007873015873015872,
    "precision": 0.04,
    "recall": 0.004375,
    "sigui": 0.0550468965812361,
    "sse": 1.9671292783433247,
    "sc": 0.3674109210236952,
    "ch": 205.56801217204867,
    "db": 0.4639985023655042,
    "bic": -593.584970898281,
    "xb": 123.73287142626681
}