{
    "dataset": "blobs-P2-K8-N1024-dt0.90-S8",
    "algorithm": "kmeans",
    "k": 20,
    "n": 1024,
    "d": 2,
    "k_true": 8,
    "rand_score": 0.8739995723362659,
    "adjusted_rand_score": 0.232843680113673,
    "accuracy": 0.3046875,
    "f1_score": 0.17043529295454105,
    "precision": 0.29269709124656396,
    "recall": 0.121875,
    "sigui": 0.1540875591045525,
    "sse": 107.09259899540608,
    "sc": 0.32562036869464484,
    "ch": 957.691139742781,
    "db": 0.8680459051125953,
    "bic": -3117.3605236270087,
    "xb": 358.9342407275301
}