{
    "dataset": "blobs-P10-K8-N64-dt0.90-S8",
    "algorithm": "kmeans",
    "k": 10,
    "n": 64,
    "d": 10,
    "k_true": 8,
    "rand_score": 0.8224206349206349,
    "adjusted_rand_score": 0.06824754193175246,
    "accuracy": 0.34375,
    "f1_score": 0.29789215686274506,
    "precision": 0.37146825396825395,
    "recall": 0.275,
    "sigui": 0.45554631522519407,
    "sse": 328.85660858270484,
    "sc": 0.08753871955826192,
    "ch": 5.676821750821741,
    "db": 1.636797792431724,
    "bic": -1069.7633854982623,
    "xb": 76.32195888226178
}