{
    "dataset": "blobs-P2-K4-N128-dt0.90-S8",
    "algorithm": "kmeans",
    "k": 3,
    "n": 128,
    "d": 2,
    "k_true": 4,
    "rand_score": 0.6849163385826772,
    "adjusted_rand_score": 0.2575337337323627,
    "accuracy": 0.53125,
    "f1_score": 0.4593796620148386,
    "precision": 0.42188731284475967,
    "recall": 0.53125,
    "sigui": 0.32562910088647323,
    "sse": 92.3272963628269,
    "sc": 0.38019538627704563,
    "ch": 110.79652909063158,
    "db": 0.9900803925433769,
    "bic": -390.2891044342132,
    "xb": 41.295908681628184
}