{
    "dataset": "blobs-P2-K8-N1024-dt0.80-S7",
    "algorithm": "kmeans",
    "k": 25,
    "n": 1024,
    "d": 2,
    "k_true": 8,
    "rand_score": 0.8707863666911045,
    "adjusted_rand_score": 0.18377382765896644,
    "accuracy": 0.25390625,
    "f1_score": 0.11788628715828274,
    "precision": 0.223696918460339,
    "recall": 0.08125,
    "sigui": 0.16491042864657735,
    "sse": 100.6892533940631,
    "sc": 0.34099863108991685,
    "ch": 805.0194742257511,
    "db": 0.8228871020465514,
    "bic": -3294.197056437972,
    "xb": 326.64097049332076
}