{
    "dataset": "blobs-P10-K32-N128-dt1.00-S9",
    "algorithm": "kmeans",
    "k": 4,
    "n": 128,
    "d": 10,
    "k_true": 32,
    "rand_score": 0.7481545275590551,
    "adjusted_rand_score": 0.03068616959794779,
    "accuracy": 0.125,
    "f1_score": 0.028136446886446887,
    "precision": 0.01588360116585923,
    "recall": 0.125,
    "sigui": 0.5411196506466925,
    "sse": 993.8855819645469,
    "sc": 0.08647157332786698,
    "ch": 11.898816953110726,
    "db": 2.4276669425619755,
    "bic": -1937.8413617821916,
    "xb": 206.8555431785924
}