{
    "dataset": "blobs-P2-K8-N64-dt0.80-S7",
    "algorithm": "kmeans",
    "k": 4,
    "n": 64,
    "d": 2,
    "k_true": 8,
    "rand_score": 0.8363095238095238,
    "adjusted_rand_score": 0.45040710584752036,
    "accuracy": 0.484375,
    "f1_score": 0.3240821678321678,
    "precision": 0.24417162698412698,
    "recall": 0.484375,
    "sigui": 0.23360416863987715,
    "sse": 17.37923159635515,
    "sc": 0.5038888457728321,
    "ch": 127.30225475198188,
    "db": 0.7013354844067499,
    "bic": -167.38780122130817,
    "xb": 17.009387178837727
}