{
    "dataset": "blobs-P5-K32-N1024-dt0.40-S3",
    "algorithm": "kmeans",
    "k": 32,
    "n": 1024,
    "d": 5,
    "k_true": 32,
    "rand_score": 0.9892091275659824,
    "adjusted_rand_score": 0.8239099402572488,
    "accuracy": 0.8779296875,
    "f1_score": 0.8628926743152324,
    "precision": 0.8567118438593918,
    "recall": 0.8779296875,
    "sigui": 0.2311310421434836,
    "sse": 500.46448647106655,
    "sc": 0.3462760557232366,
    "ch": 295.3758766686676,
    "db": 1.0319202271065377,
    "bic": -5479.418152795508,
    "xb": 659.5595061338913
}