{
    "dataset": "blobs-P2-K32-N1024-dt0.70-S6",
    "algorithm": "kmeans",
    "k": 3,
    "n": 1024,
    "d": 2,
    "k_true": 32,
    "rand_score": 0.6179149101906158,
    "adjusted_rand_score": 0.08477250450082395,
    "accuracy": 0.09375,
    "f1_score": 0.019109634146805686,
    "precision": 0.0108145580126623,
    "recall": 0.09375,
    "sigui": 0.3334798054816774,
    "sse": 701.3665518418438,
    "sc": 0.47376255287731495,
    "ch": 980.1670374491391,
    "db": 0.7067379933737422,
    "bic": -2849.4817800380492,
    "xb": 190.08337616132349
}