{
    "dataset": "blobs-P10-K8-N128-dt0.80-S7",
    "algorithm": "kmeans",
    "k": 25,
    "n": 128,
    "d": 10,
    "k_true": 8,
    "rand_score": 0.8473179133858267,
    "adjusted_rand_score": 0.040789001211132686,
    "accuracy": 0.2421875,
    "f1_score": 0.10046316002837742,
    "precision": 0.15228851540616248,
    "recall": 0.0775,
    "sigui": 0.4171628291558875,
    "sse": 546.2940903029487,
    "sc": 0.06900040378122804,
    "ch": 5.763967159221865,
    "db": 1.361054575866008,
    "bic": -2331.7559097250996,
    "xb": 126.94014385445875
}