{
    "dataset": "blobs-P5-K2-N1024-dt0.90-S8",
    "algorithm": "kmeans",
    "k": 25,
    "n": 1024,
    "d": 5,
    "k_true": 2,
    "rand_score": 0.5075910312805474,
    "adjusted_rand_score": 0.014300136109262018,
    "accuracy": 0.0908203125,
    "f1_score": 0.012953802851373677,
    "precision": 0.06483516483516484,
    "recall": 0.007265625,
    "sigui": 0.37290629956974686,
    "sse": 1683.3472747813678,
    "sc": 0.14290217850034792,
    "ch": 84.97989204622381,
    "db": 1.3709952921227404,
    "bic": -8194.905345845928,
    "xb": 721.6980639033947
}