{
    "dataset": "blobs-P5-K8-N1024-dt0.60-S5",
    "algorithm": "kmeans",
    "k": 3,
    "n": 1024,
    "d": 5,
    "k_true": 8,
    "rand_score": 0.7077624786168133,
    "adjusted_rand_score": 0.29708500898489754,
    "accuracy": 0.375,
    "f1_score": 0.22261750942638436,
    "precision": 0.1658936646608114,
    "recall": 0.375,
    "sigui": 0.4503737066246234,
    "sse": 2643.601728581254,
    "sc": 0.33475624465063747,
    "ch": 478.21171543783606,
    "db": 1.128361767777926,
    "bic": -6676.505225215251,
    "xb": 361.2490813519912
}