{
    "dataset": "blobs-P10-K4-N64-dt1.00-S9",
    "algorithm": "kmeans",
    "k": 32,
    "n": 64,
    "d": 10,
    "k_true": 4,
    "rand_score": 0.7470238095238095,
    "adjusted_rand_score": -0.003372681281618887,
    "accuracy": 0.125,
    "f1_score": 0.02582236842105263,
    "precision": 0.07552083333333333,
    "recall": 0.015625,
    "sigui": 0.2739866569072718,
    "sse": 138.18711704286105,
    "sc": 0.07735847307407204,
    "ch": 3.748543325858146,
    "db": 0.9303670632125973,
    "bic": -1423.1301873893915,
    "xb": 31.392263415647594
}