{
    "dataset": "blobs-P10-K32-N128-dt0.10-S0",
    "algorithm": "kmeans",
    "k": 10,
    "n": 128,
    "d": 10,
    "k_true": 32,
    "rand_score": 0.9002214566929134,
    "adjusted_rand_score": 0.2897787217023741,
    "accuracy": 0.3125,
    "f1_score": 0.1692956349206349,
    "precision": 0.12278225806451612,
    "recall": 0.3125,
    "sigui": 0.4312021710803836,
    "sse": 553.1208800777621,
    "sc": 0.271898425598395,
    "ch": 17.22985562271179,
    "db": 1.45357141966436,
    "bic": -1826.6523762834702,
    "xb": 90.08497496420702
}