{
    "dataset": "blobs-P2-K4-N64-dt0.10-S0",
    "algorithm": "kmeans",
    "k": 32,
    "n": 64,
    "d": 2,
    "k_true": 4,
    "rand_score": 0.7872023809523809,
    "adjusted_rand_score": 0.15336904426275727,
    "accuracy": 0.25,
    "f1_score": 0.049282296650717705,
    "precision": 0.125,
    "recall": 0.03125,
    "sigui": 0.014043777657376112,
    "sse": 0.0524446553893985,
    "sc": 0.36504457654160016,
    "ch": 2518.367121662822,
    "db": 0.4255684301678245,
    "bic": -107.87243415908348,
    "xb": 122.60896580771306
}