{
    "dataset": "blobs-P5-K8-N64-dt0.90-S8",
    "algorithm": "kmeans",
    "k": 4,
    "n": 64,
    "d": 5,
    "k_true": 8,
    "rand_score": 0.7544642857142857,
    "adjusted_rand_score": 0.1723945755155118,
    "accuracy": 0.390625,
    "f1_score": 0.26021739130434784,
    "precision": 0.1952205882352941,
    "recall": 0.390625,
    "sigui": 0.4518814834498663,
    "sse": 201.96505984783857,
    "sc": 0.1712086916610232,
    "ch": 11.688649535824604,
    "db": 1.6633895066833502,
    "bic": -519.3171838610257,
    "xb": 48.90605123604669
}