{
    "dataset": "blobs-P2-K32-N128-dt0.80-S7",
    "algorithm": "kmeans",
    "k": 8,
    "n": 128,
    "d": 2,
    "k_true": 32,
    "rand_score": 0.8921013779527559,
    "adjusted_rand_score": 0.267431382737324,
    "accuracy": 0.25,
    "f1_score": 0.10523809523809524,
    "precision": 0.06759218110321052,
    "recall": 0.25,
    "sigui": 0.20766720737064479,
    "sse": 20.7882326453389,
    "sc": 0.5061671072952473,
    "ch": 193.96558595778458,
    "db": 0.6260533839700798,
    "bic": -360.965219802759,
    "xb": 23.13206194384457
}