{
    "dataset": "blobs-P10-K2-N64-dt0.80-S7",
    "algorithm": "kmeans",
    "k": 50,
    "n": 64,
    "d": 10,
    "k_true": 2,
    "rand_score": 0.5104166666666666,
    "adjusted_rand_score": 0.0052790708835244995,
    "accuracy": 0.078125,
    "f1_score": 0.005781512605042016,
    "precision": 0.04,
    "recall": 0.003125,
    "sigui": 0.11498767728556973,
    "sse": 35.178353659694004,
    "sc": 0.0629303845723973,
    "ch": 4.912287435061337,
    "db": 0.5239076552967495,
    "bic": -1606.062983065384,
    "xb": 11.86433673506607
}