{
    "dataset": "blobs-P10-K4-N1024-dt0.10-S0",
    "algorithm": "kmeans",
    "k": 3,
    "n": 1024,
    "d": 10,
    "k_true": 4,
    "rand_score": 0.8748778103616813,
    "adjusted_rand_score": 0.7136859781696053,
    "accuracy": 0.75,
    "f1_score": 0.6666666666666666,
    "precision": 0.625,
    "recall": 0.75,
    "sigui": 0.4079801170613042,
    "sse": 3938.3506063434397,
    "sc": 0.47087823273616436,
    "ch": 816.8373862601559,
    "db": 0.8947467309880511,
    "bic": -10816.633137489427,
    "xb": 232.30414873698336
}