{
    "dataset": "blobs-P2-K16-N64-dt0.90-S8",
    "algorithm": "kmeans",
    "k": 20,
    "n": 64,
    "d": 2,
    "k_true": 16,
    "rand_score": 0.9682539682539683,
    "adjusted_rand_score": 0.6199095022624435,
    "accuracy": 0.75,
    "f1_score": 0.6406746031746031,
    "precision": 0.7141666666666666,
    "recall": 0.6,
    "sigui": 0.08565981418621661,
    "sse": 2.0009051392111736,
    "sc": 0.4813567022329269,
    "ch": 145.82769160530313,
    "db": 0.5834341424534726,
    "bic": -233.02885879816836,
    "xb": 37.54242337860189
}