{
    "dataset": "blobs-P5-K2-N64-dt0.50-S4",
    "algorithm": "kmeans",
    "k": 4,
    "n": 64,
    "d": 5,
    "k_true": 2,
    "rand_score": 0.6130952380952381,
    "adjusted_rand_score": 0.22187737522168735,
    "accuracy": 0.5625,
    "f1_score": 0.3203125,
    "precision": 0.42447916666666663,
    "recall": 0.28125,
    "sigui": 0.45910483439694094,
    "sse": 179.58373910486532,
    "sc": 0.22846989452121064,
    "ch": 15.637970519495717,
    "db": 1.4852012295079042,
    "bic": -490.8560661601276,
    "xb": 38.83679023799418
}