{
    "dataset": "blobs-P10-K2-N1024-dt0.70-S6",
    "algorithm": "kmeans",
    "k": 2,
    "n": 1024,
    "d": 10,
    "k_true": 2,
    "rand_score": 0.6131781524926686,
    "adjusted_rand_score": 0.2263559815645261,
    "accuracy": 0.73828125,
    "f1_score": 0.7382453034626948,
    "precision": 0.7384122137404581,
    "recall": 0.73828125,
    "sigui": 0.5680400164418808,
    "sse": 9426.774874646548,
    "sc": 0.07771712622498428,
    "ch": 88.16547431789527,
    "db": 3.3117772848331097,
    "bic": -14892.020332797583,
    "xb": 2563.597316686947
}