{
    "dataset": "blobs-P2-K8-N128-dt0.90-S8",
    "algorithm": "kmeans",
    "k": 16,
    "n": 128,
    "d": 2,
    "k_true": 8,
    "rand_score": 0.8624507874015748,
    "adjusted_rand_score": 0.19701168406646233,
    "accuracy": 0.359375,
    "f1_score": 0.2153530480023685,
    "precision": 0.2762570762570763,
    "recall": 0.1796875,
    "sigui": 0.18820536025223628,
    "sse": 17.971284133295715,
    "sc": 0.3464895810796528,
    "ch": 98.89560842113627,
    "db": 0.7953211158102416,
    "bic": -479.462278790493,
    "xb": 48.87555057956955
}