{
    "dataset": "blobs-P5-K4-N64-dt0.10-S0",
    "algorithm": "kmeans",
    "k": 3,
    "n": 64,
    "d": 5,
    "k_true": 4,
    "rand_score": 0.873015873015873,
    "adjusted_rand_score": 0.704225352112676,
    "accuracy": 0.75,
    "f1_score": 0.6666666666666666,
    "precision": 0.625,
    "recall": 0.75,
    "sigui": 0.3547587521628226,
    "sse": 123.50869544648984,
    "sc": 0.43693971894961603,
    "ch": 48.52277620791909,
    "db": 0.86565834546821,
    "bic": -405.8923733823929,
    "xb": 16.196694167164996
}