{
    "dataset": "blobs-P10-K32-N128-dt0.70-S6",
    "algorithm": "kmeans",
    "k": 32,
    "n": 128,
    "d": 10,
    "k_true": 32,
    "rand_score": 0.9424212598425197,
    "adjusted_rand_score": 0.043453070683661645,
    "accuracy": 0.3125,
    "f1_score": 0.3064182345432345,
    "precision": 0.38328373015873013,
    "recall": 0.3125,
    "sigui": 0.38464168322512815,
    "sse": 452.54436085686956,
    "sc": 0.05842557575899125,
    "ch": 5.662302950262552,
    "db": 1.2991771162801853,
    "bic": -2443.0659847170305,
    "xb": 127.03579059692343
}