{
    "dataset": "blobs-P2-K32-N1024-dt0.40-S3",
    "algorithm": "kmeans",
    "k": 16,
    "n": 1024,
    "d": 2,
    "k_true": 32,
    "rand_score": 0.9506468413978495,
    "adjusted_rand_score": 0.5270402884829695,
    "accuracy": 0.5,
    "f1_score": 0.37263066472815587,
    "precision": 0.3247689274735406,
    "recall": 0.5,
    "sigui": 0.09277448811641871,
    "sse": 37.334901340155675,
    "sc": 0.6191333410833922,
    "ch": 3619.045177028936,
    "db": 0.4978283996114351,
    "bic": -1675.4420207752069,
    "xb": 140.18232719076548
}