{
    "dataset": "blobs-P2-K16-N128-dt0.80-S7",
    "algorithm": "kmeans",
    "k": 4,
    "n": 128,
    "d": 2,
    "k_true": 16,
    "rand_score": 0.7935531496062992,
    "adjusted_rand_score": 0.26260389345254986,
    "accuracy": 0.25,
    "f1_score": 0.10212846449780248,
    "precision": 0.06458801641307949,
    "recall": 0.25,
    "sigui": 0.313774997785168,
    "sse": 55.42991969634424,
    "sc": 0.4598835224611573,
    "ch": 149.56236688236075,
    "db": 0.8468298197100202,
    "bic": -371.8720592823346,
    "xb": 30.419710847096077
}