{
    "dataset": "blobs-P10-K32-N64-dt0.20-S1",
    "algorithm": "kmeans",
    "k": 16,
    "n": 64,
    "d": 10,
    "k_true": 32,
    "rand_score": 0.9543650793650794,
    "adjusted_rand_score": 0.37095723898415456,
    "accuracy": 0.5,
    "f1_score": 0.36106150793650793,
    "precision": 0.3047619047619048,
    "recall": 0.5,
    "sigui": 0.37420101597460187,
    "sse": 189.57929209035908,
    "sc": 0.21410891946427368,
    "ch": 7.602867641387029,
    "db": 1.2126872744617225,
    "bic": -1068.6222543851718,
    "xb": 35.71800917491064
}