{
    "dataset": "blobs-P2-K32-N128-dt0.50-S4",
    "algorithm": "kmeans",
    "k": 10,
    "n": 128,
    "d": 2,
    "k_true": 32,
    "rand_score": 0.8997293307086615,
    "adjusted_rand_score": 0.2886498745747569,
    "accuracy": 0.3125,
    "f1_score": 0.1767786561264822,
    "precision": 0.13849345886267392,
    "recall": 0.3125,
    "sigui": 0.16426458431211674,
    "sse": 15.957242060272511,
    "sc": 0.5511747635668922,
    "ch": 197.22877292190236,
    "db": 0.5071453947172124,
    "bic": -357.308210608389,
    "xb": 40.71057458055819
}