{
    "dataset": "blobs-P5-K32-N1024-dt0.20-S1",
    "algorithm": "kmeans",
    "k": 10,
    "n": 1024,
    "d": 5,
    "k_true": 32,
    "rand_score": 0.9173940768572825,
    "adjusted_rand_score": 0.3895747106829588,
    "accuracy": 0.3125,
    "f1_score": 0.16285094604418965,
    "precision": 0.11837243668521058,
    "recall": 0.3125,
    "sigui": 0.34669583839269297,
    "sse": 1284.2375783932926,
    "sc": 0.3901918426154383,
    "ch": 336.51294233919464,
    "db": 0.9995296876435041,
    "bic": -6220.814967659874,
    "xb": 345.24747413600755
}