{
    "dataset": "blobs-P2-K16-N64-dt0.30-S2",
    "algorithm": "kmeans",
    "k": 10,
    "n": 64,
    "d": 2,
    "k_true": 16,
    "rand_score": 0.9489087301587301,
    "adjusted_rand_score": 0.6193911666373394,
    "accuracy": 0.625,
    "f1_score": 0.5005827505827505,
    "precision": 0.4384920634920635,
    "recall": 0.625,
    "sigui": 0.10621844821779251,
    "sse": 3.2269820030979375,
    "sc": 0.6605785569074827,
    "ch": 231.99327026389096,
    "db": 0.47365481119802955,
    "bic": -153.37929545757532,
    "xb": 15.239140178492056
}