{
    "dataset": "blobs-P5-K16-N1024-dt0.30-S2",
    "algorithm": "kmeans",
    "k": 4,
    "n": 1024,
    "d": 5,
    "k_true": 16,
    "rand_score": 0.7833004948680352,
    "adjusted_rand_score": 0.2737697074227352,
    "accuracy": 0.25,
    "f1_score": 0.10494500939537968,
    "precision": 0.06734472797303803,
    "recall": 0.25,
    "sigui": 0.4259725493892515,
    "sse": 2307.686033978464,
    "sc": 0.3163395014008989,
    "ch": 414.34871744612957,
    "db": 1.3040148813581929,
    "bic": -6686.811033778485,
    "xb": 523.4065513739662
}