{
    "dataset": "blobs-P10-K2-N1024-dt0.30-S2",
    "algorithm": "kmeans",
    "k": 20,
    "n": 1024,
    "d": 10,
    "k_true": 2,
    "rand_score": 0.5386997495112414,
    "adjusted_rand_score": 0.0765884135596087,
    "accuracy": 0.134765625,
    "f1_score": 0.023653938328806516,
    "precision": 0.09939024390243903,
    "recall": 0.0134765625,
    "sigui": 0.4743526065423654,
    "sse": 5557.422465007208,
    "sc": 0.07650383509285166,
    "ch": 44.523743977535915,
    "db": 2.05436598099765,
    "bic": -15216.1754818783,
    "xb": 1389.6532075836958
}