{
    "dataset": "blobs-P5-K16-N64-dt0.70-S6",
    "algorithm": "kmeans",
    "k": 10,
    "n": 64,
    "d": 5,
    "k_true": 16,
    "rand_score": 0.8958333333333334,
    "adjusted_rand_score": 0.26105898123324395,
    "accuracy": 0.46875,
    "f1_score": 0.35739989177489173,
    "precision": 0.3150635822510822,
    "recall": 0.46875,
    "sigui": 0.3549682842547324,
    "sse": 97.23938224888776,
    "sc": 0.21594675179934503,
    "ch": 13.745086358998966,
    "db": 1.1252773727764265,
    "bic": -531.7811078623408,
    "xb": 34.94639140700417
}