{
    "dataset": "blobs-P10-K2-N128-dt0.30-S2",
    "algorithm": "kmeans",
    "k": 20,
    "n": 128,
    "d": 10,
    "k_true": 2,
    "rand_score": 0.5529035433070866,
    "adjusted_rand_score": 0.09958248790385515,
    "accuracy": 0.25,
    "f1_score": 0.03997499609313955,
    "precision": 0.1,
    "recall": 0.025,
    "sigui": 0.4233704310705235,
    "sse": 549.1039449266245,
    "sc": 0.08279298389183598,
    "ch": 7.5660848702260415,
    "db": 1.5948883525609117,
    "bic": -2178.39936363978,
    "xb": 128.4548365321779
}