{
    "dataset": "blobs-P5-K2-N128-dt0.10-S0",
    "algorithm": "kmeans",
    "k": 8,
    "n": 128,
    "d": 5,
    "k_true": 2,
    "rand_score": 0.6359498031496063,
    "adjusted_rand_score": 0.267655616336378,
    "accuracy": 0.3203125,
    "f1_score": 0.1209700028034763,
    "precision": 0.25,
    "recall": 0.080078125,
    "sigui": 0.2854560063662189,
    "sse": 116.16375101357399,
    "sc": 0.25809559444523056,
    "ch": 77.30509650618212,
    "db": 1.1514011764108472,
    "bic": -737.6796720802901,
    "xb": 64.57508157668671
}