{
    "dataset": "blobs-P5-K4-N1024-dt0.20-S1",
    "algorithm": "kmeans",
    "k": 32,
    "n": 1024,
    "d": 5,
    "k_true": 4,
    "rand_score": 0.7830981182795699,
    "adjusted_rand_score": 0.18402261565170386,
    "accuracy": 0.171875,
    "f1_score": 0.036484742423754386,
    "precision": 0.125,
    "recall": 0.021484375,
    "sigui": 0.22439251734595497,
    "sse": 481.7135616651791,
    "sc": 0.15057123744872442,
    "ch": 308.11913518407226,
    "db": 1.5188235713336455,
    "bic": -5385.239762494046,
    "xb": 908.9074115538953
}