{
    "dataset": "blobs-P5-K8-N64-dt0.90-S8",
    "algorithm": "kmeans",
    "k": 10,
    "n": 64,
    "d": 5,
    "k_true": 8,
    "rand_score": 0.8263888888888888,
    "adjusted_rand_score": 0.10714285714285714,
    "accuracy": 0.390625,
    "f1_score": 0.32736792962799155,
    "precision": 0.39505050505050504,
    "recall": 0.3125,
    "sigui": 0.38588442130525963,
    "sse": 121.03156212802413,
    "sc": 0.1674003020330012,
    "ch": 9.863630661637439,
    "db": 1.297978390209058,
    "bic": -565.573152920721,
    "xb": 42.13229147045705
}