{
    "dataset": "blobs-P2-K8-N1024-dt1.00-S9",
    "algorithm": "kmeans",
    "k": 2,
    "n": 1024,
    "d": 2,
    "k_true": 8,
    "rand_score": 0.5885130284701857,
    "adjusted_rand_score": 0.21511143609143138,
    "accuracy": 0.25,
    "f1_score": 0.10437290891068421,
    "precision": 0.0668781099096672,
    "recall": 0.25,
    "sigui": 0.4200312061130629,
    "sse": 991.4934484879385,
    "sc": 0.49459718997989544,
    "ch": 1089.0134446092227,
    "db": 0.8587445494590383,
    "bic": -2859.8555910173422,
    "xb": 202.5823469768342
}