{
    "dataset": "blobs-P2-K8-N1024-dt0.90-S8",
    "algorithm": "kmeans",
    "k": 3,
    "n": 1024,
    "d": 2,
    "k_true": 8,
    "rand_score": 0.7198439791055719,
    "adjusted_rand_score": 0.2525749962964586,
    "accuracy": 0.359375,
    "f1_score": 0.19629848794806848,
    "precision": 0.13511001045976273,
    "recall": 0.359375,
    "sigui": 0.3797561290296612,
    "sse": 776.0403727453562,
    "sc": 0.3493469577724785,
    "ch": 836.8222417380898,
    "db": 0.9770217483223081,
    "bic": -3067.238773993923,
    "xb": 411.3144128444027
}