{
    "dataset": "blobs-P10-K4-N64-dt0.90-S8",
    "algorithm": "kmeans",
    "k": 32,
    "n": 64,
    "d": 10,
    "k_true": 4,
    "rand_score": 0.7425595238095238,
    "adjusted_rand_score": -0.003498757020532179,
    "accuracy": 0.171875,
    "f1_score": 0.03165305804035781,
    "precision": 0.06473214285714285,
    "recall": 0.021484375,
    "sigui": 0.2585798242024798,
    "sse": 131.8160210723064,
    "sc": 0.08114850159631734,
    "ch": 3.9796149681855035,
    "db": 0.8936952285316668,
    "bic": -1403.043990173529,
    "xb": 31.517847732305945
}