{
    "dataset": "blobs-P2-K8-N1024-dt0.90-S8",
    "algorithm": "kmeans",
    "k": 8,
    "n": 1024,
    "d": 2,
    "k_true": 8,
    "rand_score": 0.8742210410557185,
    "adjusted_rand_score": 0.43162946356925236,
    "accuracy": 0.59765625,
    "f1_score": 0.5856501200111766,
    "precision": 0.5787504150012868,
    "recall": 0.59765625,
    "sigui": 0.2276429812400101,
    "sse": 243.0960952070486,
    "sc": 0.3752118044460895,
    "ch": 1077.6352017782337,
    "db": 0.8398699572623294,
    "bic": -2914.539500829157,
    "xb": 288.32073544232964
}