{
    "dataset": "blobs-P10-K32-N128-dt1.00-S9",
    "algorithm": "kmeans",
    "k": 2,
    "n": 128,
    "d": 10,
    "k_true": 32,
    "rand_score": 0.5039370078740157,
    "adjusted_rand_score": 0.008803512113539755,
    "accuracy": 0.0625,
    "f1_score": 0.0074106364428945075,
    "precision": 0.003940886699507389,
    "recall": 0.0625,
    "sigui": 0.562234374169974,
    "sse": 1149.4815352235767,
    "sc": 0.09043135563203594,
    "ch": 14.306733999542427,
    "db": 2.8821188434626435,
    "bic": -1889.0207073547472,
    "xb": 249.9738755950867
}