{
    "dataset": "blobs-P10-K8-N1024-dt0.30-S2",
    "algorithm": "kmeans",
    "k": 20,
    "n": 1024,
    "d": 10,
    "k_true": 8,
    "rand_score": 0.9179706592130987,
    "adjusted_rand_score": 0.49744913088515896,
    "accuracy": 0.4375,
    "f1_score": 0.2367912221867277,
    "precision": 0.3715200516673143,
    "recall": 0.175,
    "sigui": 0.3962990093181573,
    "sse": 3467.2533576061564,
    "sc": 0.09295597102518051,
    "ch": 103.2189327073475,
    "db": 2.5303431003611268,
    "bic": -12785.388102739691,
    "xb": 1978.9185759337383
}