{
    "dataset": "blobs-P5-K32-N128-dt0.10-S0",
    "algorithm": "kmeans",
    "k": 50,
    "n": 128,
    "d": 5,
    "k_true": 32,
    "rand_score": 0.9927411417322834,
    "adjusted_rand_score": 0.8148825258788942,
    "accuracy": 0.796875,
    "f1_score": 0.5552380952380952,
    "precision": 0.64,
    "recall": 0.51,
    "sigui": 0.05098389201943176,
    "sse": 2.7988762173113972,
    "sc": 0.57120621304358,
    "ch": 362.40264930324827,
    "db": 0.4203127930641334,
    "bic": -418.37691663020354,
    "xb": 132.27162503475597
}