{
    "dataset": "blobs-P5-K2-N128-dt0.70-S6",
    "algorithm": "kmeans",
    "k": 10,
    "n": 128,
    "d": 5,
    "k_true": 2,
    "rand_score": 0.5377706692913385,
    "adjusted_rand_score": 0.06980838176263825,
    "accuracy": 0.265625,
    "f1_score": 0.08044943820224719,
    "precision": 0.172,
    "recall": 0.053125,
    "sigui": 0.40165572772583785,
    "sse": 266.65732262012364,
    "sc": 0.1638079491424728,
    "ch": 18.356658191684197,
    "db": 1.367690879201505,
    "bic": -1060.0241224044796,
    "xb": 80.23972673292302
}