{
    "dataset": "blobs-P5-K16-N64-dt0.40-S3",
    "algorithm": "kmeans",
    "k": 10,
    "n": 64,
    "d": 5,
    "k_true": 16,
    "rand_score": 0.9255952380952381,
    "adjusted_rand_score": 0.4820782637290365,
    "accuracy": 0.625,
    "f1_score": 0.5115906968848145,
    "precision": 0.45732600732600737,
    "recall": 0.625,
    "sigui": 0.3378451666838602,
    "sse": 76.87046808656754,
    "sc": 0.2903362602414267,
    "ch": 18.97708219803989,
    "db": 1.0322599973585045,
    "bic": -494.3959198295148,
    "xb": 26.847782082103652
}