{
    "dataset": "blobs-P5-K4-N128-dt0.80-S7",
    "algorithm": "kmeans",
    "k": 50,
    "n": 128,
    "d": 5,
    "k_true": 4,
    "rand_score": 0.7543061023622047,
    "adjusted_rand_score": 0.03166700392878551,
    "accuracy": 0.1328125,
    "f1_score": 0.018378378378378378,
    "precision": 0.068,
    "recall": 0.010625,
    "sigui": 0.20737469242132758,
    "sse": 63.33196074655584,
    "sc": 0.1567434178905045,
    "ch": 14.494441002404061,
    "db": 0.8153514676667736,
    "bic": -1408.8583203941462,
    "xb": 102.55130189740564
}