{
    "dataset": "blobs-P5-K2-N64-dt0.20-S1",
    "algorithm": "kmeans",
    "k": 4,
    "n": 64,
    "d": 5,
    "k_true": 2,
    "rand_score": 0.7703373015873016,
    "adjusted_rand_score": 0.5371836572788576,
    "accuracy": 0.609375,
    "f1_score": 0.37575757575757573,
    "precision": 0.5,
    "recall": 0.3046875,
    "sigui": 0.4148751755744736,
    "sse": 124.94672509566985,
    "sc": 0.2258842404425824,
    "ch": 31.221830705043434,
    "db": 1.4518005035108486,
    "bic": -439.3780132968011,
    "xb": 39.20082679609905
}