{
    "dataset": "blobs-P2-K16-N128-dt0.40-S3",
    "algorithm": "kmeans",
    "k": 50,
    "n": 128,
    "d": 2,
    "k_true": 16,
    "rand_score": 0.9597687007874016,
    "adjusted_rand_score": 0.44019680528408706,
    "accuracy": 0.4921875,
    "f1_score": 0.2051248751248751,
    "precision": 0.30928571428571433,
    "recall": 0.1575,
    "sigui": 0.025341866800690054,
    "sse": 0.35800254676263243,
    "sc": 0.33964072986586136,
    "ch": 1136.696725083347,
    "db": 0.5339273649314672,
    "bic": -380.26426269079775,
    "xb": 163.44548046790166
}