{
    "dataset": "blobs-P2-K8-N1024-dt0.50-S4",
    "algorithm": "kmeans",
    "k": 3,
    "n": 1024,
    "d": 2,
    "k_true": 8,
    "rand_score": 0.6583806818181818,
    "adjusted_rand_score": 0.2704489545851401,
    "accuracy": 0.375,
    "f1_score": 0.2449454036733581,
    "precision": 0.20156494522691706,
    "recall": 0.375,
    "sigui": 0.3056615376803781,
    "sse": 571.0813847646435,
    "sc": 0.559103249191035,
    "ch": 1320.2869863147819,
    "db": 0.5680290197690305,
    "bic": -2569.3248621720263,
    "xb": 115.41755216286796
}