{
    "dataset": "blobs-P5-K2-N1024-dt0.10-S0",
    "algorithm": "kmeans",
    "k": 3,
    "n": 1024,
    "d": 5,
    "k_true": 2,
    "rand_score": 0.8750687316715543,
    "adjusted_rand_score": 0.7500761819120567,
    "accuracy": 0.759765625,
    "f1_score": 0.561268209083119,
    "precision": 0.6666666666666666,
    "recall": 0.5065104166666666,
    "sigui": 0.37645108876550454,
    "sse": 2028.127114275886,
    "sc": 0.3622622989637053,
    "ch": 778.255513203228,
    "db": 1.2355223802868422,
    "bic": -6020.976199331013,
    "xb": 685.9261245396183
}