{
    "dataset": "blobs-P10-K16-N1024-dt1.00-S9",
    "algorithm": "kmeans",
    "k": 8,
    "n": 1024,
    "d": 10,
    "k_true": 16,
    "rand_score": 0.8364911717986315,
    "adjusted_rand_score": 0.041989599110088496,
    "accuracy": 0.177734375,
    "f1_score": 0.11848999174816567,
    "precision": 0.08892769038097702,
    "recall": 0.177734375,
    "sigui": 0.5229852864833897,
    "sse": 7438.1506317834355,
    "sc": 0.07138001064519822,
    "ch": 54.673324421416766,
    "db": 2.2516884907006176,
    "bic": -15326.56100525707,
    "xb": 1436.3293644070902
}