{
    "dataset": "blobs-P5-K4-N128-dt0.20-S1",
    "algorithm": "kmeans",
    "k": 20,
    "n": 128,
    "d": 5,
    "k_true": 4,
    "rand_score": 0.8053641732283464,
    "adjusted_rand_score": 0.2812383732577774,
    "accuracy": 0.3203125,
    "f1_score": 0.09591611541844594,
    "precision": 0.2,
    "recall": 0.0640625,
    "sigui": 0.24172014139846207,
    "sse": 68.49973060827183,
    "sc": 0.18058313706855933,
    "ch": 47.42395069618693,
    "db": 1.3327409374510704,
    "bic": -860.3129446612866,
    "xb": 112.17815502215481
}