{
    "dataset": "blobs-P5-K16-N1024-dt0.30-S2",
    "algorithm": "kmeans",
    "k": 10,
    "n": 1024,
    "d": 5,
    "k_true": 16,
    "rand_score": 0.9343612536656891,
    "adjusted_rand_score": 0.5947482693050223,
    "accuracy": 0.619140625,
    "f1_score": 0.5022581505687906,
    "precision": 0.44413956487886497,
    "recall": 0.619140625,
    "sigui": 0.3189246136169859,
    "sse": 1097.4969921700547,
    "sc": 0.36036399197436847,
    "ch": 412.9414556779194,
    "db": 0.9489080816718175,
    "bic": -5814.225257877438,
    "xb": 298.9356098831678
}