{
    "dataset": "blobs-P5-K4-N64-dt0.90-S8",
    "algorithm": "kmeans",
    "k": 16,
    "n": 64,
    "d": 5,
    "k_true": 4,
    "rand_score": 0.7470238095238095,
    "adjusted_rand_score": 0.07480995162404976,
    "accuracy": 0.3125,
    "f1_score": 0.10946557971014494,
    "precision": 0.19308035714285715,
    "recall": 0.078125,
    "sigui": 0.3104097571673483,
    "sse": 70.43811929334059,
    "sc": 0.2011042164546204,
    "ch": 11.337582920627634,
    "db": 0.9799061588987674,
    "bic": -584.8364214241078,
    "xb": 31.713683570921532
}