{
    "dataset": "blobs-P2-K32-N64-dt1.00-S9",
    "algorithm": "kmeans",
    "k": 32,
    "n": 64,
    "d": 2,
    "k_true": 32,
    "rand_score": 0.9875992063492064,
    "adjusted_rand_score": 0.6513172459597077,
    "accuracy": 0.828125,
    "f1_score": 0.8114583333333333,
    "precision": 0.84375,
    "recall": 0.828125,
    "sigui": 0.05200627416241275,
    "sse": 0.6732153042591976,
    "sc": 0.44788489544331805,
    "ch": 195.2333815044752,
    "db": 0.4172650051380658,
    "bic": -275.039152139159,
    "xb": 49.958573800512596
}