{
    "dataset": "blobs-P2-K4-N64-dt0.60-S5",
    "algorithm": "kmeans",
    "k": 10,
    "n": 64,
    "d": 2,
    "k_true": 4,
    "rand_score": 0.7599206349206349,
    "adjusted_rand_score": 0.17966101694915254,
    "accuracy": 0.375,
    "f1_score": 0.19339337474120083,
    "precision": 0.2791666666666667,
    "recall": 0.15,
    "sigui": 0.20519022799357814,
    "sse": 12.67653212708341,
    "sc": 0.3872010343756882,
    "ch": 54.58439266360302,
    "db": 0.6862016415929538,
    "bic": -238.3170811414537,
    "xb": 19.493731519476977
}