{
    "dataset": "blobs-P2-K8-N1024-dt0.60-S5",
    "algorithm": "kmeans",
    "k": 20,
    "n": 1024,
    "d": 2,
    "k_true": 8,
    "rand_score": 0.903351814516129,
    "adjusted_rand_score": 0.41620776504694007,
    "accuracy": 0.41796875,
    "f1_score": 0.2235120243618786,
    "precision": 0.34988634173181465,
    "recall": 0.1671875,
    "sigui": 0.136189491135341,
    "sse": 65.89923316761838,
    "sc": 0.3430604459611587,
    "ch": 1589.425430303604,
    "db": 0.9157796390507379,
    "bic": -2602.492737861539,
    "xb": 319.1742715628201
}