{
    "dataset": "blobs-P5-K32-N128-dt0.20-S1",
    "algorithm": "kmeans",
    "k": 2,
    "n": 128,
    "d": 5,
    "k_true": 32,
    "rand_score": 0.49606299212598426,
    "adjusted_rand_score": 0.04241281809613572,
    "accuracy": 0.0625,
    "f1_score": 0.007783882783882784,
    "precision": 0.004166666666666667,
    "recall": 0.0625,
    "sigui": 0.5342374705548011,
    "sse": 496.78698893278033,
    "sc": 0.22593542322554733,
    "ch": 36.32309178071349,
    "db": 1.7463851900873866,
    "bic": -940.8942240841384,
    "xb": 95.10483731744236
}