{
    "dataset": "blobs-P5-K4-N1024-dt0.20-S1",
    "algorithm": "kmeans",
    "k": 20,
    "n": 1024,
    "d": 5,
    "k_true": 4,
    "rand_score": 0.8017778592375366,
    "adjusted_rand_score": 0.2799493336619974,
    "accuracy": 0.2509765625,
    "f1_score": 0.07977711697855344,
    "precision": 0.2,
    "recall": 0.0501953125,
    "sigui": 0.2493828797196149,
    "sse": 581.3905064157067,
    "sc": 0.14995166871044566,
    "ch": 412.51048643175744,
    "db": 1.6427348302641822,
    "bic": -5150.047848444126,
    "xb": 862.6746432578493
}