{
    "dataset": "blobs-P2-K32-N128-dt0.10-S0",
    "algorithm": "kmeans",
    "k": 2,
    "n": 128,
    "d": 2,
    "k_true": 32,
    "rand_score": 0.5196850393700787,
    "adjusted_rand_score": 0.046523076923076924,
    "accuracy": 0.0625,
    "f1_score": 0.007456140350877193,
    "precision": 0.003968253968253968,
    "recall": 0.0625,
    "sigui": 0.4234001211225895,
    "sse": 149.81807807831396,
    "sc": 0.3836223020853481,
    "ch": 89.30111995655774,
    "db": 1.0568225389241874,
    "bic": -396.9636340118226,
    "xb": 39.57496367922296
}