{
    "dataset": "blobs-P10-K4-N128-dt0.70-S6",
    "algorithm": "kmeans",
    "k": 3,
    "n": 128,
    "d": 10,
    "k_true": 4,
    "rand_score": 0.6048228346456693,
    "adjusted_rand_score": 0.10658186373711091,
    "accuracy": 0.4296875,
    "f1_score": 0.3467762460233298,
    "precision": 0.31722222222222224,
    "recall": 0.4296875,
    "sigui": 0.5447382517279822,
    "sse": 1054.6241051782029,
    "sc": 0.09251802459097648,
    "ch": 13.356411404973707,
    "db": 2.381809682080964,
    "bic": -1900.297326369213,
    "xb": 196.53860463714565
}