{
    "dataset": "blobs-P2-K2-N1024-dt0.70-S6",
    "algorithm": "kmeans",
    "k": 10,
    "n": 1024,
    "d": 2,
    "k_true": 2,
    "rand_score": 0.5292720552297165,
    "adjusted_rand_score": 0.05783427037365298,
    "accuracy": 0.2314453125,
    "f1_score": 0.06959155687479388,
    "precision": 0.1407647907647908,
    "recall": 0.0462890625,
    "sigui": 0.26838097060196553,
    "sse": 327.90992048629874,
    "sc": 0.3048675509085136,
    "ch": 591.0062597002388,
    "db": 0.9152770041050715,
    "bic": -3417.461396421358,
    "xb": 302.40316294766393
}