{
    "dataset": "blobs-P5-K32-N1024-dt0.50-S4",
    "algorithm": "kmeans",
    "k": 25,
    "n": 1024,
    "d": 5,
    "k_true": 32,
    "rand_score": 0.9707928580156403,
    "adjusted_rand_score": 0.58365373671996,
    "accuracy": 0.6708984375,
    "f1_score": 0.5993161356094747,
    "precision": 0.5579604237809801,
    "recall": 0.6708984375,
    "sigui": 0.31888503206191743,
    "sse": 1041.7008373403448,
    "sc": 0.2419965108330752,
    "ch": 162.9634887105735,
    "db": 1.2635308801100316,
    "bic": -6963.260886104292,
    "xb": 819.2054011880964
}