{
    "dataset": "blobs-P2-K8-N1024-dt0.80-S7",
    "algorithm": "kmeans",
    "k": 8,
    "n": 1024,
    "d": 2,
    "k_true": 8,
    "rand_score": 0.8676228005865103,
    "adjusted_rand_score": 0.39734208923218467,
    "accuracy": 0.5986328125,
    "f1_score": 0.6038822067191658,
    "precision": 0.6155511152147104,
    "recall": 0.5986328125,
    "sigui": 0.2427238369928042,
    "sse": 301.32110620018324,
    "sc": 0.3501598054774488,
    "ch": 841.3548202919624,
    "db": 0.8693060745293615,
    "bic": -3144.315595674003,
    "xb": 298.66720043083535
}