{
    "dataset": "blobs-P10-K32-N128-dt1.00-S9",
    "algorithm": "kmeans",
    "k": 20,
    "n": 128,
    "d": 10,
    "k_true": 32,
    "rand_score": 0.9318405511811023,
    "adjusted_rand_score": 0.06443806180522313,
    "accuracy": 0.296875,
    "f1_score": 0.23418652426005368,
    "precision": 0.22147661366411367,
    "recall": 0.296875,
    "sigui": 0.4310567447130243,
    "sse": 569.8589212196939,
    "sc": 0.08726263340814688,
    "ch": 7.083492501148484,
    "db": 1.5548000767112444,
    "bic": -2211.757009209341,
    "xb": 124.59456861503708
}