{
    "dataset": "blobs-P10-K32-N1024-dt0.20-S1",
    "algorithm": "kmeans",
    "k": 8,
    "n": 1024,
    "d": 10,
    "k_true": 32,
    "rand_score": 0.8823180138074291,
    "adjusted_rand_score": 0.28231584020672934,
    "accuracy": 0.25,
    "f1_score": 0.10957226332833525,
    "precision": 0.0724605044760799,
    "recall": 0.25,
    "sigui": 0.48410935723846693,
    "sse": 5636.002153800608,
    "sc": 0.17742297848570285,
    "ch": 118.56585278739095,
    "db": 1.7467430520025282,
    "bic": -13833.834470509923,
    "xb": 1015.8864324477913
}