{
    "dataset": "blobs-P2-K16-N1024-dt0.50-S4",
    "algorithm": "kmeans",
    "k": 2,
    "n": 1024,
    "d": 2,
    "k_true": 16,
    "rand_score": 0.5542693823313783,
    "adjusted_rand_score": 0.1187622165781271,
    "accuracy": 0.125,
    "f1_score": 0.028092850284251118,
    "precision": 0.015849982393208034,
    "recall": 0.125,
    "sigui": 0.35914238198280507,
    "sse": 1053.5370965927282,
    "sc": 0.5195465470083687,
    "ch": 964.6941627107465,
    "db": 0.8621329595764071,
    "bic": -2948.616736430173,
    "xb": 238.14088118715904
}