{
    "dataset": "blobs-P2-K2-N64-dt0.80-S7",
    "algorithm": "kmeans",
    "k": 4,
    "n": 64,
    "d": 2,
    "k_true": 2,
    "rand_score": 0.5337301587301587,
    "adjusted_rand_score": 0.06053683609366076,
    "accuracy": 0.390625,
    "f1_score": 0.23714285714285716,
    "precision": 0.3055555555555556,
    "recall": 0.1953125,
    "sigui": 0.3342292733001363,
    "sse": 37.96593899226113,
    "sc": 0.3728016550132449,
    "ch": 47.42886039304396,
    "db": 0.8164407371419109,
    "bic": -213.9498848390454,
    "xb": 14.978395515838786
}