{
    "dataset": "blobs-P2-K16-N64-dt0.10-S0",
    "algorithm": "kmeans",
    "k": 20,
    "n": 64,
    "d": 2,
    "k_true": 16,
    "rand_score": 0.9940476190476191,
    "adjusted_rand_score": 0.9302325581395349,
    "accuracy": 0.9375,
    "f1_score": 0.7714285714285715,
    "precision": 0.8,
    "recall": 0.75,
    "sigui": 0.012048066899859653,
    "sse": 0.03322547393227375,
    "sc": 0.7902664038180665,
    "ch": 8919.183817598847,
    "db": 0.16197792070021583,
    "bic": 31.599949088436375,
    "xb": 76.54105300777208
}