{
    "dataset": "blobs-P10-K8-N64-dt0.60-S5",
    "algorithm": "kmeans",
    "k": 3,
    "n": 64,
    "d": 10,
    "k_true": 8,
    "rand_score": 0.6612103174603174,
    "adjusted_rand_score": 0.06679823895551845,
    "accuracy": 0.28125,
    "f1_score": 0.15312648975051646,
    "precision": 0.10530538302277433,
    "recall": 0.28125,
    "sigui": 0.5298724734819866,
    "sse": 532.3275272775354,
    "sc": 0.0816436879016221,
    "ch": 6.1691538568942175,
    "db": 2.4998219953553638,
    "bic": -988.3607643966616,
    "xb": 104.25018133222237
}