{
    "dataset": "blobs-P2-K4-N64-dt0.30-S2",
    "algorithm": "kmeans",
    "k": 8,
    "n": 64,
    "d": 2,
    "k_true": 4,
    "rand_score": 0.8531746031746031,
    "adjusted_rand_score": 0.5212569316081331,
    "accuracy": 0.625,
    "f1_score": 0.3778205128205128,
    "precision": 0.4910714285714286,
    "recall": 0.3125,
    "sigui": 0.18934393492715662,
    "sse": 10.078581973141674,
    "sc": 0.39086853885960726,
    "ch": 93.60159462202611,
    "db": 0.7362709121706081,
    "bic": -197.3299121397508,
    "xb": 38.42250837372373
}