{
    "dataset": "blobs-P2-K8-N64-dt1.00-S9",
    "algorithm": "kmeans",
    "k": 2,
    "n": 64,
    "d": 2,
    "k_true": 8,
    "rand_score": 0.5416666666666666,
    "adjusted_rand_score": 0.0972644376899696,
    "accuracy": 0.25,
    "f1_score": 0.10230179028132992,
    "precision": 0.06477732793522267,
    "recall": 0.25,
    "sigui": 0.41998532910989256,
    "sse": 68.40629847664653,
    "sc": 0.39621976740095755,
    "ch": 54.012709015519924,
    "db": 0.9261976782891311,
    "bic": -197.26224839479877,
    "xb": 16.573693410490794
}