{
    "dataset": "blobs-P5-K32-N64-dt0.60-S5",
    "algorithm": "kmeans",
    "k": 16,
    "n": 64,
    "d": 5,
    "k_true": 32,
    "rand_score": 0.9340277777777778,
    "adjusted_rand_score": 0.21079400960723368,
    "accuracy": 0.4375,
    "f1_score": 0.3160141941391941,
    "precision": 0.2733901515151515,
    "recall": 0.4375,
    "sigui": 0.28948236901135393,
    "sse": 67.00960939013808,
    "sc": 0.22125476643427167,
    "ch": 12.081390375492981,
    "db": 1.0152471086849486,
    "bic": -577.3497452368458,
    "xb": 32.855319803640526
}