{
    "dataset": "blobs-P2-K8-N128-dt0.10-S0",
    "algorithm": "kmeans",
    "k": 2,
    "n": 128,
    "d": 2,
    "k_true": 8,
    "rand_score": 0.5905511811023622,
    "adjusted_rand_score": 0.21418372203712518,
    "accuracy": 0.25,
    "f1_score": 0.10416666666666666,
    "precision": 0.06666666666666667,
    "recall": 0.25,
    "sigui": 0.37212289661225667,
    "sse": 116.4278856695896,
    "sc": 0.5708086463374271,
    "ch": 151.04703056739552,
    "db": 0.6893584221105755,
    "bic": -361.64835207427564,
    "xb": 23.499767083819066
}