{
    "dataset": "blobs-P2-K2-N128-dt0.20-S1",
    "algorithm": "kmeans",
    "k": 16,
    "n": 128,
    "d": 2,
    "k_true": 2,
    "rand_score": 0.5770177165354331,
    "adjusted_rand_score": 0.14831604448935165,
    "accuracy": 0.234375,
    "f1_score": 0.047435897435897434,
    "precision": 0.125,
    "recall": 0.029296875,
    "sigui": 0.1716808366797443,
    "sse": 14.966379786856338,
    "sc": 0.33071062691536357,
    "ch": 120.25070345816079,
    "db": 0.8088795634039596,
    "bic": -452.24454110352303,
    "xb": 65.05876645482424
}