{
    "dataset": "blobs-P10-K4-N64-dt0.10-S0",
    "algorithm": "kmeans",
    "k": 4,
    "n": 64,
    "d": 10,
    "k_true": 4,
    "rand_score": 1.0,
    "adjusted_rand_score": 1.0,
    "accuracy": 1.0,
    "f1_score": 1.0,
    "precision": 1.0,
    "recall": 1.0,
    "sigui": 0.32546590781406287,
    "sse": 136.75976916623532,
    "sc": 0.5258727985259495,
    "ch": 73.5947762857163,
    "db": 0.7351038813597165,
    "bic": -595.1537191337534,
    "xb": 13.80370306077475
}