{
    "dataset": "blobs-P2-K4-N128-dt0.50-S4",
    "algorithm": "kmeans",
    "k": 50,
    "n": 128,
    "d": 2,
    "k_true": 4,
    "rand_score": 0.7626722440944882,
    "adjusted_rand_score": 0.06603050670407887,
    "accuracy": 0.1484375,
    "f1_score": 0.02048996364785839,
    "precision": 0.076,
    "recall": 0.011875,
    "sigui": 0.0552567261865706,
    "sse": 1.864174522456273,
    "sc": 0.4716469207067627,
    "ch": 217.00905023842554,
    "db": 0.4072914129244563,
    "bic": -591.2448855630265,
    "xb": 78.58678854637705
}