{
    "dataset": "blobs-P5-K4-N128-dt0.20-S1",
    "algorithm": "kmeans",
    "k": 3,
    "n": 128,
    "d": 5,
    "k_true": 4,
    "rand_score": 0.8503937007874016,
    "adjusted_rand_score": 0.6449904369574813,
    "accuracy": 0.75,
    "f1_score": 0.654040404040404,
    "precision": 0.5928571428571429,
    "recall": 0.75,
    "sigui": 0.4017263836019605,
    "sse": 242.96671538924582,
    "sc": 0.42976873808475374,
    "ch": 102.13160369895866,
    "db": 0.9032633612911823,
    "bic": -779.125685037648,
    "xb": 31.707730953550715
}