{
    "dataset": "blobs-P2-K16-N64-dt0.90-S8",
    "algorithm": "kmeans",
    "k": 32,
    "n": 64,
    "d": 2,
    "k_true": 16,
    "rand_score": 0.964781746031746,
    "adjusted_rand_score": 0.5005025125628141,
    "accuracy": 0.625,
    "f1_score": 0.3613095238095238,
    "precision": 0.4666666666666667,
    "recall": 0.3125,
    "sigui": 0.044314033304140826,
    "sse": 0.5744594176206436,
    "sc": 0.4463161333867025,
    "ch": 228.9736017146315,
    "db": 0.30955260501058474,
    "bic": -260.4749101347769,
    "xb": 61.86801856128466
}