{
    "dataset": "blobs-P5-K2-N128-dt1.00-S9",
    "algorithm": "kmeans",
    "k": 8,
    "n": 128,
    "d": 5,
    "k_true": 2,
    "rand_score": 0.531126968503937,
    "adjusted_rand_score": 0.05683574224953865,
    "accuracy": 0.28125,
    "f1_score": 0.10398860398860399,
    "precision": 0.20751633986928103,
    "recall": 0.0703125,
    "sigui": 0.44536426033080245,
    "sse": 316.16589340550263,
    "sc": 0.13156836232302993,
    "ch": 17.55863596651195,
    "db": 1.5077707390863577,
    "bic": -1056.7197624646146,
    "xb": 107.22127678043235
}