{
    "dataset": "blobs-P5-K4-N128-dt0.90-S8",
    "algorithm": "kmeans",
    "k": 25,
    "n": 128,
    "d": 5,
    "k_true": 4,
    "rand_score": 0.7576279527559056,
    "adjusted_rand_score": 0.09229105896353056,
    "accuracy": 0.1953125,
    "f1_score": 0.04914857500223354,
    "precision": 0.1165079365079365,
    "recall": 0.03125,
    "sigui": 0.3219469348223808,
    "sse": 146.1672091519304,
    "sc": 0.16355664008937335,
    "ch": 14.499597684640076,
    "db": 1.116912972336915,
    "bic": -1198.5911769752597,
    "xb": 110.04504731781667
}