{
    "dataset": "blobs-P2-K8-N64-dt1.00-S9",
    "algorithm": "kmeans",
    "k": 32,
    "n": 64,
    "d": 2,
    "k_true": 8,
    "rand_score": 0.8695436507936508,
    "adjusted_rand_score": 0.014160766347355268,
    "accuracy": 0.234375,
    "f1_score": 0.0835955710955711,
    "precision": 0.15208333333333335,
    "recall": 0.05859375,
    "sigui": 0.06717192130259428,
    "sse": 1.2625040597480846,
    "sc": 0.2980012177381023,
    "ch": 103.6240646125207,
    "db": 0.4342730840934077,
    "bic": -309.1438846741049,
    "xb": 67.888550300566
}