{
    "dataset": "blobs-P5-K4-N128-dt0.80-S7",
    "algorithm": "kmeans",
    "k": 4,
    "n": 128,
    "d": 5,
    "k_true": 4,
    "rand_score": 0.6922982283464567,
    "adjusted_rand_score": 0.170844721502168,
    "accuracy": 0.4765625,
    "f1_score": 0.48049967553536665,
    "precision": 0.48870656370656373,
    "recall": 0.4765625,
    "sigui": 0.4712461629098779,
    "sse": 389.1496658626456,
    "sc": 0.1645910091942958,
    "ch": 26.643940332553132,
    "db": 1.5533316542282694,
    "bic": -983.7185524642198,
    "xb": 106.93915882768704
}