{
    "dataset": "blobs-P10-K2-N64-dt0.20-S1",
    "algorithm": "kmeans",
    "k": 16,
    "n": 64,
    "d": 10,
    "k_true": 2,
    "rand_score": 0.5749007936507936,
    "adjusted_rand_score": 0.13800590724036083,
    "accuracy": 0.25,
    "f1_score": 0.04987492182614134,
    "precision": 0.125,
    "recall": 0.03125,
    "sigui": 0.3672621392432889,
    "sse": 196.94983733819083,
    "sc": 0.10986272835642569,
    "ch": 7.198586907605783,
    "db": 1.3287834478855638,
    "bic": -1075.622218562794,
    "xb": 53.930715557276855
}