{
    "dataset": "blobs-P2-K32-N128-dt0.40-S3",
    "algorithm": "kmeans",
    "k": 4,
    "n": 128,
    "d": 2,
    "k_true": 32,
    "rand_score": 0.7750984251968503,
    "adjusted_rand_score": 0.13321584850430862,
    "accuracy": 0.125,
    "f1_score": 0.028062266573295986,
    "precision": 0.015826676065162908,
    "recall": 0.125,
    "sigui": 0.31210971551932876,
    "sse": 56.61520492850312,
    "sc": 0.4432774854800471,
    "ch": 145.565810575022,
    "db": 0.729215119851517,
    "bic": -375.87550085551607,
    "xb": 21.35171671962709
}