{
    "dataset": "blobs-P5-K8-N1024-dt0.20-S1",
    "algorithm": "kmeans",
    "k": 50,
    "n": 1024,
    "d": 5,
    "k_true": 8,
    "rand_score": 0.8966791147360704,
    "adjusted_rand_score": 0.2622458615569087,
    "accuracy": 0.2294921875,
    "f1_score": 0.05953961137290083,
    "precision": 0.16,
    "recall": 0.03671875,
    "sigui": 0.17380435030765534,
    "sse": 269.8907169288892,
    "sc": 0.16532859945769987,
    "ch": 357.2123407053045,
    "db": 1.5186588243430743,
    "bic": -4723.7724509917225,
    "xb": 892.4131987508804
}