{
    "dataset": "blobs-P10-K8-N64-dt0.90-S8",
    "algorithm": "kmeans",
    "k": 8,
    "n": 64,
    "d": 10,
    "k_true": 8,
    "rand_score": 0.8095238095238095,
    "adjusted_rand_score": 0.09576138147566719,
    "accuracy": 0.359375,
    "f1_score": 0.35465902454099046,
    "precision": 0.36941287878787876,
    "recall": 0.359375,
    "sigui": 0.4832878470034826,
    "sse": 374.1518355011259,
    "sc": 0.06853306825851799,
    "ch": 5.6842840638278584,
    "db": 1.7767567356540384,
    "bic": -1050.5062894965201,
    "xb": 70.79839316890379
}