{
    "dataset": "blobs-P10-K4-N64-dt0.30-S2",
    "algorithm": "kmeans",
    "k": 3,
    "n": 64,
    "d": 10,
    "k_true": 4,
    "rand_score": 0.779265873015873,
    "adjusted_rand_score": 0.46004506846940546,
    "accuracy": 0.671875,
    "f1_score": 0.5784749034749035,
    "precision": 0.5098684210526316,
    "recall": 0.671875,
    "sigui": 0.5047078461545976,
    "sse": 417.15458700726504,
    "sc": 0.18614004866383269,
    "ch": 16.293204744647927,
    "db": 1.5874130212107127,
    "bic": -910.157476355067,
    "xb": 40.768352346675975
}