{
    "dataset": "blobs-P5-K4-N128-dt0.70-S6",
    "algorithm": "kmeans",
    "k": 50,
    "n": 128,
    "d": 5,
    "k_true": 4,
    "rand_score": 0.7556594488188977,
    "adjusted_rand_score": 0.03580439469700445,
    "accuracy": 0.125,
    "f1_score": 0.017482625482625483,
    "precision": 0.07200000000000001,
    "recall": 0.01,
    "sigui": 0.2114326428983114,
    "sse": 62.90948283589615,
    "sc": 0.16244665126242247,
    "ch": 14.602470773152437,
    "db": 0.8341357312587643,
    "bic": -1409.1914070900534,
    "xb": 91.61449322749384
}