{
    "dataset": "blobs-P2-K4-N1024-dt0.60-S5",
    "algorithm": "kmeans",
    "k": 3,
    "n": 1024,
    "d": 2,
    "k_true": 4,
    "rand_score": 0.8191116049608993,
    "adjusted_rand_score": 0.5794690401823749,
    "accuracy": 0.703125,
    "f1_score": 0.6201177838571967,
    "precision": 0.5703717228625604,
    "recall": 0.703125,
    "sigui": 0.3383457524054134,
    "sse": 570.5653917922601,
    "sc": 0.5116823648023758,
    "ch": 1321.8999580764298,
    "db": 0.6542511775020675,
    "bic": -2712.647050416703,
    "xb": 130.3545206283349
}