{
    "dataset": "blobs-P10-K4-N1024-dt0.90-S8",
    "algorithm": "kmeans",
    "k": 2,
    "n": 1024,
    "d": 10,
    "k_true": 4,
    "rand_score": 0.5603158602150538,
    "adjusted_rand_score": 0.12117021444220746,
    "accuracy": 0.396484375,
    "f1_score": 0.26474421635711953,
    "precision": 0.1988622461463176,
    "recall": 0.396484375,
    "sigui": 0.5619022037465744,
    "sse": 9399.685098703516,
    "sc": 0.07998948739637655,
    "ch": 91.36495745410214,
    "db": 3.2565026528906715,
    "bic": -14876.441641883826,
    "xb": 2481.1868617217615
}