{
    "dataset": "blobs-P5-K16-N1024-dt0.40-S3",
    "algorithm": "kmeans",
    "k": 2,
    "n": 1024,
    "d": 5,
    "k_true": 16,
    "rand_score": 0.557140838831867,
    "adjusted_rand_score": 0.11402360463763694,
    "accuracy": 0.125,
    "f1_score": 0.02779193442840471,
    "precision": 0.015635079683175873,
    "recall": 0.125,
    "sigui": 0.5384837270869995,
    "sse": 4049.515627559167,
    "sc": 0.2205529379083436,
    "ch": 270.16441699570794,
    "db": 1.8950720957738507,
    "bic": -7415.545271473935,
    "xb": 865.3843068140534
}