{
    "dataset": "blobs-P2-K16-N64-dt0.90-S8",
    "algorithm": "kmeans",
    "k": 8,
    "n": 64,
    "d": 2,
    "k_true": 16,
    "rand_score": 0.9067460317460317,
    "adjusted_rand_score": 0.39963503649635035,
    "accuracy": 0.484375,
    "f1_score": 0.32973137973137967,
    "precision": 0.2567550505050505,
    "recall": 0.484375,
    "sigui": 0.23929198386087805,
    "sse": 15.884044496366172,
    "sc": 0.33736805881431575,
    "ch": 56.46720797302368,
    "db": 0.8395192479305819,
    "bic": -229.51678990548973,
    "xb": 26.058767131202767
}