{
    "dataset": "blobs-P2-K16-N64-dt0.10-S0",
    "algorithm": "kmeans",
    "k": 2,
    "n": 64,
    "d": 2,
    "k_true": 16,
    "rand_score": 0.48412698412698413,
    "adjusted_rand_score": 0.07457627118644068,
    "accuracy": 0.125,
    "f1_score": 0.03125,
    "precision": 0.01818181818181818,
    "recall": 0.125,
    "sigui": 0.46295777006604155,
    "sse": 92.5698793956536,
    "sc": 0.3337753544258286,
    "ch": 23.729829743870386,
    "db": 1.1768743172940994,
    "bic": -213.14197325603035,
    "xb": 30.92452978754004
}