{
    "dataset": "blobs-P5-K8-N128-dt1.00-S9",
    "algorithm": "kmeans",
    "k": 32,
    "n": 128,
    "d": 5,
    "k_true": 8,
    "rand_score": 0.8676181102362205,
    "adjusted_rand_score": 0.0785683460999029,
    "accuracy": 0.2265625,
    "f1_score": 0.08213879560561482,
    "precision": 0.15892857142857142,
    "recall": 0.056640625,
    "sigui": 0.2786896606765564,
    "sse": 112.18787170300598,
    "sc": 0.1708501277580583,
    "ch": 14.569444567760584,
    "db": 1.0488244242879476,
    "bic": -1252.7420112358304,
    "xb": 78.40969486003775
}