{
    "dataset": "blobs-P10-K2-N1024-dt0.50-S4",
    "algorithm": "kmeans",
    "k": 4,
    "n": 1024,
    "d": 10,
    "k_true": 2,
    "rand_score": 0.5975206958699902,
    "adjusted_rand_score": 0.19464938999279854,
    "accuracy": 0.46484375,
    "f1_score": 0.3021572580645161,
    "precision": 0.4322553601605408,
    "recall": 0.232421875,
    "sigui": 0.5446934877157388,
    "sse": 8326.447091683727,
    "sc": 0.0723533078632639,
    "ch": 78.1375275268784,
    "db": 2.9003440242798453,
    "bic": -15039.312551548179,
    "xb": 2131.183787056617
}