{
    "dataset": "blobs-P10-K4-N1024-dt0.40-S3",
    "algorithm": "kmeans",
    "k": 50,
    "n": 1024,
    "d": 10,
    "k_true": 4,
    "rand_score": 0.7569056237781037,
    "adjusted_rand_score": 0.0632222048395277,
    "accuracy": 0.1083984375,
    "f1_score": 0.01541008079730735,
    "precision": 0.06930952380952381,
    "recall": 0.008671875,
    "sigui": 0.4317279062624643,
    "sse": 4433.536683405563,
    "sc": 0.07551024304648088,
    "ch": 26.033002333269813,
    "db": 1.9490248945557471,
    "bic": -16127.866440948412,
    "xb": 1495.5169618020157
}