{
    "dataset": "blobs-P2-K2-N128-dt0.70-S6",
    "algorithm": "kmeans",
    "k": 2,
    "n": 128,
    "d": 2,
    "k_true": 2,
    "rand_score": 0.5792322834645669,
    "adjusted_rand_score": 0.1585754248386272,
    "accuracy": 0.703125,
    "f1_score": 0.7013018914271678,
    "precision": 0.7082082082082082,
    "recall": 0.703125,
    "sigui": 0.4267388772946392,
    "sse": 158.85567700348088,
    "sc": 0.35410713264924787,
    "ch": 77.05223337591642,
    "db": 1.103131226453448,
    "bic": -403.894851032545,
    "xb": 44.844826194570025
}