{
    "dataset": "blobs-P2-K16-N128-dt1.00-S9",
    "algorithm": "kmeans",
    "k": 2,
    "n": 128,
    "d": 2,
    "k_true": 16,
    "rand_score": 0.5508120078740157,
    "adjusted_rand_score": 0.09707728287983736,
    "accuracy": 0.125,
    "f1_score": 0.02782608695652174,
    "precision": 0.01565940787863959,
    "recall": 0.125,
    "sigui": 0.47001056844933925,
    "sse": 171.0550127382362,
    "sc": 0.3155535736928945,
    "ch": 62.570913436842915,
    "db": 1.287094242514564,
    "bic": -414.7937023941874,
    "xb": 54.96667701936344
}