{
    "dataset": "blobs-P10-K4-N64-dt0.60-S5",
    "algorithm": "kmeans",
    "k": 50,
    "n": 64,
    "d": 10,
    "k_true": 4,
    "rand_score": 0.7628968253968254,
    "adjusted_rand_score": 0.02125585023400936,
    "accuracy": 0.140625,
    "f1_score": 0.019415204678362573,
    "precision": 0.07333333333333333,
    "recall": 0.01125,
    "sigui": 0.10554453352209434,
    "sse": 29.09475630995466,
    "sc": 0.09009255343662434,
    "ch": 5.999168835804731,
    "db": 0.49130839338949145,
    "bic": -1544.780381901679,
    "xb": 14.209680573453355
}