{
    "dataset": "blobs-P5-K2-N1024-dt0.40-S3",
    "algorithm": "kmeans",
    "k": 4,
    "n": 1024,
    "d": 5,
    "k_true": 2,
    "rand_score": 0.6545870753910068,
    "adjusted_rand_score": 0.30884222086904406,
    "accuracy": 0.501953125,
    "f1_score": 0.3223537691660234,
    "precision": 0.45468308565492255,
    "recall": 0.2509765625,
    "sigui": 0.4698857423786481,
    "sse": 3086.9542590306755,
    "sc": 0.14637525481763947,
    "ch": 223.92154010944842,
    "db": 2.004690412179484,
    "bic": -7462.431396590836,
    "xb": 1099.2140277889996
}