{
    "dataset": "blobs-P10-K8-N128-dt0.50-S4",
    "algorithm": "kmeans",
    "k": 20,
    "n": 128,
    "d": 10,
    "k_true": 8,
    "rand_score": 0.8815206692913385,
    "adjusted_rand_score": 0.2521325970904955,
    "accuracy": 0.390625,
    "f1_score": 0.19920227920227923,
    "precision": 0.28444444444444444,
    "recall": 0.15625,
    "sigui": 0.4210400603608967,
    "sse": 521.1583419977668,
    "sc": 0.08734142860131242,
    "ch": 8.276593489204293,
    "db": 1.6368977057699208,
    "bic": -2153.467544056279,
    "xb": 163.36933928143065
}