{
    "dataset": "blobs-P2-K4-N1024-dt0.50-S4",
    "algorithm": "kmeans",
    "k": 2,
    "n": 1024,
    "d": 2,
    "k_true": 4,
    "rand_score": 0.6772437072336266,
    "adjusted_rand_score": 0.3588920474930335,
    "accuracy": 0.5,
    "f1_score": 0.3355199836171883,
    "precision": 0.2537204800619435,
    "recall": 0.5,
    "sigui": 0.3655944540324544,
    "sse": 838.7650110747644,
    "sc": 0.4963016259774538,
    "ch": 1473.467308114691,
    "db": 0.7441745645691835,
    "bic": -2714.92600759432,
    "xb": 159.2078240712019
}