{
    "dataset": "blobs-P2-K4-N64-dt0.20-S1",
    "algorithm": "kmeans",
    "k": 8,
    "n": 64,
    "d": 2,
    "k_true": 4,
    "rand_score": 0.8968253968253969,
    "adjusted_rand_score": 0.6658506731946144,
    "accuracy": 0.640625,
    "f1_score": 0.37933566433566435,
    "precision": 0.5,
    "recall": 0.3203125,
    "sigui": 0.10174539349441444,
    "sse": 2.8982661043242626,
    "sc": 0.3825010948000751,
    "ch": 345.31469338587453,
    "db": 0.993910703518877,
    "bic": -117.43937378214252,
    "xb": 35.57346456796175
}