{
    "dataset": "blobs-P5-K2-N128-dt0.80-S7",
    "algorithm": "kmeans",
    "k": 32,
    "n": 128,
    "d": 5,
    "k_true": 2,
    "rand_score": 0.5084891732283464,
    "adjusted_rand_score": 0.009735475346099271,
    "accuracy": 0.1171875,
    "f1_score": 0.012925703957382038,
    "precision": 0.055121527777777776,
    "recall": 0.00732421875,
    "sigui": 0.2866780625415023,
    "sse": 127.41799097016647,
    "sc": 0.13608048516816618,
    "ch": 12.457822679157106,
    "db": 1.0632961251695576,
    "bic": -1289.5982802118988,
    "xb": 85.61823184849356
}