{
    "dataset": "blobs-P5-K16-N128-dt0.60-S5",
    "algorithm": "kmeans",
    "k": 10,
    "n": 128,
    "d": 5,
    "k_true": 16,
    "rand_score": 0.9005905511811023,
    "adjusted_rand_score": 0.3096897451766542,
    "accuracy": 0.4765625,
    "f1_score": 0.3736074343289312,
    "precision": 0.31701305821371606,
    "recall": 0.4765625,
    "sigui": 0.39828251313238794,
    "sse": 234.61354766913038,
    "sc": 0.1753063574839354,
    "ch": 22.654560541170824,
    "db": 1.3396453832791595,
    "bic": -1023.9039847556282,
    "xb": 84.82837066649506
}