{
    "dataset": "blobs-P5-K4-N1024-dt1.00-S9",
    "algorithm": "kmeans",
    "k": 10,
    "n": 1024,
    "d": 5,
    "k_true": 4,
    "rand_score": 0.7178603066959922,
    "adjusted_rand_score": 0.059725792793764075,
    "accuracy": 0.2294921875,
    "f1_score": 0.13138867772622898,
    "precision": 0.23388072307732086,
    "recall": 0.091796875,
    "sigui": 0.42865897630043304,
    "sse": 2447.2599008002185,
    "sc": 0.14241471818505858,
    "ch": 123.04729781447043,
    "db": 1.5004835891551707,
    "bic": -7930.173941397543,
    "xb": 708.2926032842457
}