{
    "dataset": "blobs-P2-K4-N64-dt0.90-S8",
    "algorithm": "kmeans",
    "k": 2,
    "n": 64,
    "d": 2,
    "k_true": 4,
    "rand_score": 0.6254960317460317,
    "adjusted_rand_score": 0.24825755061400598,
    "accuracy": 0.484375,
    "f1_score": 0.32483660130718955,
    "precision": 0.24507389162561577,
    "recall": 0.484375,
    "sigui": 0.4430450734156429,
    "sse": 77.06213000923137,
    "sc": 0.35597469965200507,
    "ch": 40.98184074394695,
    "db": 1.1314521889854132,
    "bic": -205.73768411788805,
    "xb": 21.626429605229742
}