{
    "dataset": "blobs-P5-K4-N128-dt0.30-S2",
    "algorithm": "kmeans",
    "k": 16,
    "n": 128,
    "d": 5,
    "k_true": 4,
    "rand_score": 0.8174212598425197,
    "adjusted_rand_score": 0.3490733513390298,
    "accuracy": 0.3828125,
    "f1_score": 0.1367694805194805,
    "precision": 0.24479166666666666,
    "recall": 0.095703125,
    "sigui": 0.28856340844895206,
    "sse": 112.07541971946968,
    "sc": 0.2122383603511791,
    "ch": 35.17128801267253,
    "db": 1.2189520775718479,
    "bic": -922.4977175272129,
    "xb": 123.31993637382578
}