{
    "dataset": "blobs-P2-K16-N1024-dt0.50-S4",
    "algorithm": "kmeans",
    "k": 10,
    "n": 1024,
    "d": 2,
    "k_true": 16,
    "rand_score": 0.9077544599217986,
    "adjusted_rand_score": 0.5249546110994113,
    "accuracy": 0.625,
    "f1_score": 0.545473160348521,
    "precision": 0.5216683087578037,
    "recall": 0.625,
    "sigui": 0.098583365036409,
    "sse": 40.24113928990781,
    "sc": 0.6544604530473626,
    "ch": 5621.2995531019105,
    "db": 0.41685066840816,
    "bic": -1130.9682268843164,
    "xb": 107.14189684170265
}