{
    "dataset": "blobs-P2-K8-N128-dt0.80-S7",
    "algorithm": "kmeans",
    "k": 2,
    "n": 128,
    "d": 2,
    "k_true": 8,
    "rand_score": 0.6024852362204725,
    "adjusted_rand_score": 0.20392318153687367,
    "accuracy": 0.25,
    "f1_score": 0.10039215686274511,
    "precision": 0.06288381233112257,
    "recall": 0.25,
    "sigui": 0.4110830728281627,
    "sse": 126.54689181268327,
    "sc": 0.43766826103397094,
    "ch": 128.8936567145864,
    "db": 0.9097591298935113,
    "bic": -375.9677023603286,
    "xb": 28.579853050008037
}