{
    "dataset": "blobs-P5-K8-N128-dt0.80-S7",
    "algorithm": "kmeans",
    "k": 32,
    "n": 128,
    "d": 5,
    "k_true": 8,
    "rand_score": 0.8729084645669292,
    "adjusted_rand_score": 0.0958767220526109,
    "accuracy": 0.21875,
    "f1_score": 0.08157738095238096,
    "precision": 0.16961805555555554,
    "recall": 0.0546875,
    "sigui": 0.277855634470146,
    "sse": 102.26738515326986,
    "sc": 0.20686331290175783,
    "ch": 16.283162830367967,
    "db": 1.005231896079978,
    "bic": -1230.6099268370926,
    "xb": 87.86421554221283
}