{
    "dataset": "blobs-P2-K4-N64-dt0.30-S2",
    "algorithm": "kmeans",
    "k": 32,
    "n": 64,
    "d": 2,
    "k_true": 4,
    "rand_score": 0.7847222222222222,
    "adjusted_rand_score": 0.14438603079233947,
    "accuracy": 0.234375,
    "f1_score": 0.046650717703349276,
    "precision": 0.125,
    "recall": 0.029296875,
    "sigui": 0.04784002979182603,
    "sse": 0.7177448335536574,
    "sc": 0.3706862209900338,
    "ch": 183.05688626812187,
    "db": 0.4085914106595133,
    "bic": -274.7959501986478,
    "xb": 55.65617770609644
}