{
    "dataset": "blobs-P5-K32-N128-dt0.60-S5",
    "algorithm": "kmeans",
    "k": 16,
    "n": 128,
    "d": 5,
    "k_true": 32,
    "rand_score": 0.9515255905511811,
    "adjusted_rand_score": 0.41551220651793014,
    "accuracy": 0.4921875,
    "f1_score": 0.3459505772005772,
    "precision": 0.2788284632034632,
    "recall": 0.4921875,
    "sigui": 0.29369689039130564,
    "sse": 117.75219204838896,
    "sc": 0.2850581913935309,
    "ch": 33.11573425121116,
    "db": 1.0331531408849202,
    "bic": -949.7001282279609,
    "xb": 77.52602790125908
}