{
    "dataset": "blobs-P2-K4-N1024-dt0.80-S7",
    "algorithm": "kmeans",
    "k": 8,
    "n": 1024,
    "d": 2,
    "k_true": 4,
    "rand_score": 0.7564397757820137,
    "adjusted_rand_score": 0.23399969745058538,
    "accuracy": 0.4404296875,
    "f1_score": 0.2686002729363779,
    "precision": 0.34797138618452594,
    "recall": 0.22021484375,
    "sigui": 0.2630210366975896,
    "sse": 335.3281475700753,
    "sc": 0.3311728059311875,
    "ch": 741.3099312156068,
    "db": 0.8717864371758398,
    "bic": -3212.8461799016104,
    "xb": 219.99861763820692
}