{
    "dataset": "blobs-P5-K2-N1024-dt0.30-S2",
    "algorithm": "kmeans",
    "k": 3,
    "n": 1024,
    "d": 5,
    "k_true": 2,
    "rand_score": 0.7640212609970675,
    "adjusted_rand_score": 0.5279037784962229,
    "accuracy": 0.70703125,
    "f1_score": 0.5329894991171824,
    "precision": 0.619952537422417,
    "recall": 0.4713541666666667,
    "sigui": 0.48339881022191966,
    "sse": 3447.2671460068614,
    "sc": 0.18152622303843352,
    "ch": 247.71754314558385,
    "db": 1.7849004932470534,
    "bic": -7413.618860484579,
    "xb": 1000.0648779695465
}