{
    "dataset": "blobs-P5-K32-N1024-dt0.70-S6",
    "algorithm": "kmeans",
    "k": 8,
    "n": 1024,
    "d": 5,
    "k_true": 32,
    "rand_score": 0.8687759652981427,
    "adjusted_rand_score": 0.23979882197031396,
    "accuracy": 0.2490234375,
    "f1_score": 0.11786765523436828,
    "precision": 0.0863467750534857,
    "recall": 0.2490234375,
    "sigui": 0.39658624818868604,
    "sse": 1965.9380233377099,
    "sc": 0.2533132802175385,
    "ch": 232.86063012362467,
    "db": 1.2234158635094552,
    "bic": -6993.597435989475,
    "xb": 525.6166558593861
}