{
    "dataset": "blobs-P5-K16-N128-dt0.70-S6",
    "algorithm": "kmeans",
    "k": 3,
    "n": 128,
    "d": 5,
    "k_true": 16,
    "rand_score": 0.7006643700787402,
    "adjusted_rand_score": 0.15721069528051518,
    "accuracy": 0.1875,
    "f1_score": 0.06033064388546115,
    "precision": 0.03609622085231841,
    "recall": 0.1875,
    "sigui": 0.482730308078315,
    "sse": 402.9487055828994,
    "sc": 0.23355218187649035,
    "ch": 36.76821812750738,
    "db": 1.5381315146890662,
    "bic": -942.7289364114743,
    "xb": 77.61627528122007
}