{
    "dataset": "blobs-P2-K4-N1024-dt0.80-S7",
    "algorithm": "kmeans",
    "k": 4,
    "n": 1024,
    "d": 2,
    "k_true": 4,
    "rand_score": 0.7404711174242424,
    "adjusted_rand_score": 0.3073785544696618,
    "accuracy": 0.5869140625,
    "f1_score": 0.585324357053133,
    "precision": 0.5847853074035939,
    "recall": 0.5869140625,
    "sigui": 0.31607905961176647,
    "sse": 610.9354101450537,
    "sc": 0.36116176100330105,
    "ch": 799.8625151576091,
    "db": 0.8888148860845682,
    "bic": -3126.7145080093587,
    "xb": 266.7993389289277
}