{
    "dataset": "blobs-P5-K8-N1024-dt1.00-S9",
    "algorithm": "kmeans",
    "k": 25,
    "n": 1024,
    "d": 5,
    "k_true": 8,
    "rand_score": 0.8554859329178885,
    "adjusted_rand_score": 0.06655926837977941,
    "accuracy": 0.166015625,
    "f1_score": 0.08035929002390013,
    "precision": 0.17185146525012915,
    "recall": 0.053125,
    "sigui": 0.375033604517008,
    "sse": 1657.4358222034657,
    "sc": 0.1429750970427296,
    "ch": 86.95916425238664,
    "db": 1.4599630289446326,
    "bic": -8171.8803015081085,
    "xb": 875.7750028063281
}