{
    "dataset": "blobs-P2-K2-N1024-dt0.50-S4",
    "algorithm": "kmeans",
    "k": 4,
    "n": 1024,
    "d": 2,
    "k_true": 2,
    "rand_score": 0.6168381140029325,
    "adjusted_rand_score": 0.2333109544576118,
    "accuracy": 0.501953125,
    "f1_score": 0.31740514057205654,
    "precision": 0.4319963573012353,
    "recall": 0.2509765625,
    "sigui": 0.35283194100776766,
    "sse": 681.2732521161361,
    "sc": 0.3451720447599951,
    "ch": 682.1136573593459,
    "db": 0.8940142375892683,
    "bic": -3225.5748145765397,
    "xb": 243.9507217617267
}