{
    "dataset": "blobs-P5-K8-N128-dt0.70-S6",
    "algorithm": "kmeans",
    "k": 50,
    "n": 128,
    "d": 5,
    "k_true": 8,
    "rand_score": 0.8857037401574803,
    "adjusted_rand_score": 0.13238224804206347,
    "accuracy": 0.2421875,
    "f1_score": 0.06074868990658464,
    "precision": 0.145,
    "recall": 0.03875,
    "sigui": 0.19177758980253728,
    "sse": 53.06308418326938,
    "sc": 0.1577270306385592,
    "ch": 17.607490365959237,
    "db": 0.8799316075473576,
    "bic": -1355.6639311390968,
    "xb": 65.86022759637815
}