{
    "dataset": "blobs-P2-K4-N128-dt0.10-S0",
    "algorithm": "kmeans",
    "k": 2,
    "n": 128,
    "d": 2,
    "k_true": 4,
    "rand_score": 0.6220472440944882,
    "adjusted_rand_score": 0.328042328042328,
    "accuracy": 0.5,
    "f1_score": 0.375,
    "precision": 0.3333333333333333,
    "recall": 0.5,
    "sigui": 0.33571153005789045,
    "sse": 83.26228365329833,
    "sc": 0.6835965685280885,
    "ch": 261.4022977115668,
    "db": 0.37155356879193113,
    "bic": -306.03177628086206,
    "xb": 11.751972293256205
}