{
    "dataset": "blobs-P5-K8-N64-dt0.70-S6",
    "algorithm": "kmeans",
    "k": 50,
    "n": 64,
    "d": 5,
    "k_true": 8,
    "rand_score": 0.8888888888888888,
    "adjusted_rand_score": 0.05263157894736842,
    "accuracy": 0.21875,
    "f1_score": 0.055353535353535356,
    "precision": 0.14,
    "recall": 0.035,
    "sigui": 0.0546990670656725,
    "sse": 3.5892351586374893,
    "sc": 0.14926021160520025,
    "ch": 25.18728132131601,
    "db": 0.3301878551318183,
    "bic": -723.3177155244009,
    "xb": 19.232171223442656
}