{
    "dataset": "blobs-P5-K32-N128-dt0.50-S4",
    "algorithm": "kmeans",
    "k": 50,
    "n": 128,
    "d": 5,
    "k_true": 32,
    "rand_score": 0.9793307086614174,
    "adjusted_rand_score": 0.5122531089978054,
    "accuracy": 0.6328125,
    "f1_score": 0.43151948051948047,
    "precision": 0.5085238095238095,
    "recall": 0.405,
    "sigui": 0.16816899542416286,
    "sse": 37.19842141429832,
    "sc": 0.2316007317310249,
    "ch": 25.795763907210905,
    "db": 0.727992516753695,
    "bic": -1237.3691730556666,
    "xb": 65.14442665073149
}