{
    "dataset": "blobs-P5-K16-N64-dt1.00-S9",
    "algorithm": "kmeans",
    "k": 4,
    "n": 64,
    "d": 5,
    "k_true": 16,
    "rand_score": 0.7614087301587301,
    "adjusted_rand_score": 0.13004909137886486,
    "accuracy": 0.25,
    "f1_score": 0.10399021268586485,
    "precision": 0.06675266597867216,
    "recall": 0.25,
    "sigui": 0.47457891477159186,
    "sse": 188.76935230365768,
    "sc": 0.1891498534821887,
    "ch": 13.903808652714176,
    "db": 1.5041013421825054,
    "bic": -506.8528848521719,
    "xb": 40.93948925842979
}