{
    "dataset": "blobs-P10-K16-N64-dt0.30-S2",
    "algorithm": "kmeans",
    "k": 50,
    "n": 64,
    "d": 10,
    "k_true": 16,
    "rand_score": 0.9603174603174603,
    "adjusted_rand_score": 0.27586206896551724,
    "accuracy": 0.453125,
    "f1_score": 0.19428571428571428,
    "precision": 0.32,
    "recall": 0.145,
    "sigui": 0.08931513985718517,
    "sse": 20.62022436035596,
    "sc": 0.11528776321591214,
    "ch": 8.58213989771063,
    "db": 0.4052600848098527,
    "bic": -1434.6089888902088,
    "xb": 12.607003605427298
}