{
    "dataset": "blobs-P10-K16-N1024-dt0.20-S1",
    "algorithm": "kmeans",
    "k": 50,
    "n": 1024,
    "d": 10,
    "k_true": 16,
    "rand_score": 0.9602234543010753,
    "adjusted_rand_score": 0.5082363762242705,
    "accuracy": 0.4296875,
    "f1_score": 0.1894246434605477,
    "precision": 0.31894736842105265,
    "recall": 0.1375,
    "sigui": 0.2526157498999478,
    "sse": 1130.8305622865464,
    "sc": 0.12101045608889036,
    "ch": 160.11946112030378,
    "db": 2.1272033615353716,
    "bic": -9088.454015924459,
    "xb": 2031.0257814538456
}