{
    "dataset": "blobs-P10-K2-N128-dt0.70-S6",
    "algorithm": "kmeans",
    "k": 3,
    "n": 128,
    "d": 10,
    "k_true": 2,
    "rand_score": 0.5451525590551181,
    "adjusted_rand_score": 0.08809482653138516,
    "accuracy": 0.4921875,
    "f1_score": 0.3687998343170757,
    "precision": 0.4215766503000546,
    "recall": 0.328125,
    "sigui": 0.5528070499028681,
    "sse": 1076.3340304292503,
    "sc": 0.07523209396653663,
    "ch": 11.82636870925226,
    "db": 2.8005269347977664,
    "bic": -1922.5535775711944,
    "xb": 258.8569321837737
}