{
    "dataset": "blobs-P10-K16-N128-dt1.00-S9",
    "algorithm": "kmeans",
    "k": 25,
    "n": 128,
    "d": 10,
    "k_true": 16,
    "rand_score": 0.9141240157480315,
    "adjusted_rand_score": 0.061072744990043636,
    "accuracy": 0.265625,
    "f1_score": 0.1887307333189686,
    "precision": 0.2429206349206349,
    "recall": 0.17,
    "sigui": 0.4059349108415443,
    "sse": 497.511932586776,
    "sc": 0.08978855195399224,
    "ch": 6.749944546095929,
    "db": 1.4387575087667752,
    "bic": -2289.161890048551,
    "xb": 122.36619661470546
}