{
    "dataset": "blobs-P2-K2-N128-dt0.60-S5",
    "algorithm": "kmeans",
    "k": 10,
    "n": 128,
    "d": 2,
    "k_true": 2,
    "rand_score": 0.5521653543307087,
    "adjusted_rand_score": 0.09862692108208446,
    "accuracy": 0.2421875,
    "f1_score": 0.0779746835443038,
    "precision": 0.2,
    "recall": 0.0484375,
    "sigui": 0.24790790253712328,
    "sse": 35.39827500027523,
    "sc": 0.3097671226713446,
    "ch": 81.70832414154872,
    "db": 0.8792579652399454,
    "bic": -474.4505370110421,
    "xb": 42.456667448683234
}