{
    "dataset": "blobs-P5-K2-N128-dt1.00-S9",
    "algorithm": "kmeans",
    "k": 50,
    "n": 128,
    "d": 5,
    "k_true": 2,
    "rand_score": 0.5072588582677166,
    "adjusted_rand_score": 0.0070008843838889855,
    "accuracy": 0.0703125,
    "f1_score": 0.005169842584921293,
    "precision": 0.03428571428571429,
    "recall": 0.0028125,
    "sigui": 0.21578045600252843,
    "sse": 69.60039115127574,
    "sc": 0.16140365459633138,
    "ch": 13.0456601723247,
    "db": 0.822292790647011,
    "bic": -1438.8295856953268,
    "xb": 90.0461015078149
}