{
    "dataset": "blobs-P5-K16-N1024-dt1.00-S9",
    "algorithm": "kmeans",
    "k": 50,
    "n": 1024,
    "d": 5,
    "k_true": 16,
    "rand_score": 0.9254395008553274,
    "adjusted_rand_score": 0.07453853834042048,
    "accuracy": 0.166015625,
    "f1_score": 0.07702403534282135,
    "precision": 0.15181517610916923,
    "recall": 0.053125,
    "sigui": 0.33730412282910804,
    "sse": 1184.573183192317,
    "sc": 0.14682486885680557,
    "ch": 66.0378340892063,
    "db": 1.3950424885799535,
    "bic": -8497.793826012798,
    "xb": 801.6727729304457
}