{
    "dataset": "blobs-P2-K4-N128-dt0.80-S7",
    "algorithm": "kmeans",
    "k": 20,
    "n": 128,
    "d": 2,
    "k_true": 4,
    "rand_score": 0.7694389763779528,
    "adjusted_rand_score": 0.16488413547237077,
    "accuracy": 0.3046875,
    "f1_score": 0.08862971175166297,
    "precision": 0.17222222222222222,
    "recall": 0.0609375,
    "sigui": 0.1488152062763339,
    "sse": 10.991679700374963,
    "sc": 0.3630817926710511,
    "ch": 126.70300729692569,
    "db": 0.7639635275554186,
    "bic": -467.2694181508115,
    "xb": 54.808744405079274
}