{
    "dataset": "blobs-P10-K2-N64-dt0.80-S7",
    "algorithm": "kmeans",
    "k": 32,
    "n": 64,
    "d": 10,
    "k_true": 2,
    "rand_score": 0.5128968253968254,
    "adjusted_rand_score": 0.010840368380660015,
    "accuracy": 0.109375,
    "f1_score": 0.012113899613899614,
    "precision": 0.05625,
    "recall": 0.0068359375,
    "sigui": 0.26957938840215545,
    "sse": 131.06852023609895,
    "sc": 0.07884085115470428,
    "ch": 4.0081983326437385,
    "db": 0.9170760360018371,
    "bic": -1408.52444683384,
    "xb": 31.71476669186839
}