{
    "dataset": "blobs-P2-K8-N64-dt0.70-S6",
    "algorithm": "kmeans",
    "k": 3,
    "n": 64,
    "d": 2,
    "k_true": 8,
    "rand_score": 0.7495039682539683,
    "adjusted_rand_score": 0.32436450126356475,
    "accuracy": 0.375,
    "f1_score": 0.20845552297165199,
    "precision": 0.14597826086956522,
    "recall": 0.375,
    "sigui": 0.3353839691241196,
    "sse": 37.78241717067396,
    "sc": 0.47444413702815214,
    "ch": 72.82848696166045,
    "db": 0.692815078831592,
    "bic": -191.5386002258335,
    "xb": 11.29053075324357
}