{
    "dataset": "blobs-P5-K4-N1024-dt1.00-S9",
    "algorithm": "kmeans",
    "k": 8,
    "n": 1024,
    "d": 5,
    "k_true": 4,
    "rand_score": 0.7089022788367546,
    "adjusted_rand_score": 0.06679955262898676,
    "accuracy": 0.28125,
    "f1_score": 0.1861436298838373,
    "precision": 0.27580000637282165,
    "recall": 0.140625,
    "sigui": 0.44147706393205255,
    "sse": 2653.3120762280228,
    "sc": 0.144137854231873,
    "ch": 134.93404569469854,
    "db": 1.5511134312140316,
    "bic": -7874.5806822443465,
    "xb": 741.046662500764
}