{
    "dataset": "blobs-P5-K32-N128-dt0.70-S6",
    "algorithm": "kmeans",
    "k": 3,
    "n": 128,
    "d": 5,
    "k_true": 32,
    "rand_score": 0.6868848425196851,
    "adjusted_rand_score": 0.08474235503665675,
    "accuracy": 0.09375,
    "f1_score": 0.016335570875665215,
    "precision": 0.008963358070500927,
    "recall": 0.09375,
    "sigui": 0.4974438611867217,
    "sse": 410.4106404259258,
    "sc": 0.20470192431915965,
    "ch": 34.963360010568564,
    "db": 1.6332434746102293,
    "bic": -949.1181893953258,
    "xb": 102.38434370725012
}