{
    "dataset": "blobs-P2-K4-N64-dt0.60-S5",
    "algorithm": "kmeans",
    "k": 4,
    "n": 64,
    "d": 2,
    "k_true": 4,
    "rand_score": 0.7991071428571429,
    "adjusted_rand_score": 0.4513965039024705,
    "accuracy": 0.765625,
    "f1_score": 0.7695015937409446,
    "precision": 0.7835052374526059,
    "recall": 0.765625,
    "sigui": 0.3291996389490019,
    "sse": 35.367991965955476,
    "sc": 0.355428292899504,
    "ch": 52.381830511164026,
    "db": 0.8835975904788428,
    "bic": -212.29596271897998,
    "xb": 22.008036775187716
}