{
    "dataset": "blobs-P5-K8-N128-dt0.40-S3",
    "algorithm": "kmeans",
    "k": 50,
    "n": 128,
    "d": 5,
    "k_true": 8,
    "rand_score": 0.8874261811023622,
    "adjusted_rand_score": 0.15747688961392062,
    "accuracy": 0.25,
    "f1_score": 0.060670190628085374,
    "precision": 0.14322222222222222,
    "recall": 0.04,
    "sigui": 0.1897282915236689,
    "sse": 51.580481818402276,
    "sc": 0.20545832198309882,
    "ch": 18.159345772496565,
    "db": 0.8000340682397905,
    "bic": -1342.1391672218829,
    "xb": 56.79837144493196
}