{
    "dataset": "blobs-P10-K16-N128-dt0.40-S3",
    "algorithm": "kmeans",
    "k": 2,
    "n": 128,
    "d": 10,
    "k_true": 16,
    "rand_score": 0.453371062992126,
    "adjusted_rand_score": 0.05148523506065838,
    "accuracy": 0.125,
    "f1_score": 0.03232323232323232,
    "precision": 0.01900801900801901,
    "recall": 0.125,
    "sigui": 0.5591531817528893,
    "sse": 1112.3381520537187,
    "sc": 0.13924972806264108,
    "ch": 18.991880124067922,
    "db": 2.275027375556814,
    "bic": -1856.8069655412426,
    "xb": 162.749223697423
}