{
    "dataset": "blobs-P2-K16-N128-dt0.60-S5",
    "algorithm": "kmeans",
    "k": 50,
    "n": 128,
    "d": 2,
    "k_true": 16,
    "rand_score": 0.9541092519685039,
    "adjusted_rand_score": 0.3413833854709767,
    "accuracy": 0.4296875,
    "f1_score": 0.1852027972027972,
    "precision": 0.29533333333333334,
    "recall": 0.1375,
    "sigui": 0.028432656348544104,
    "sse": 0.41855636053851814,
    "sc": 0.42311671448072313,
    "ch": 972.0170783402712,
    "db": 0.5269810951710384,
    "bic": -407.0890416247328,
    "xb": 131.14009574871815
}