{
    "dataset": "blobs-P10-K16-N64-dt0.60-S5",
    "algorithm": "kmeans",
    "k": 32,
    "n": 64,
    "d": 10,
    "k_true": 16,
    "rand_score": 0.9270833333333334,
    "adjusted_rand_score": 0.0928592418454305,
    "accuracy": 0.40625,
    "f1_score": 0.2419642857142857,
    "precision": 0.38541666666666663,
    "recall": 0.203125,
    "sigui": 0.23701771691557338,
    "sse": 124.52042337658091,
    "sc": 0.06580372282085062,
    "ch": 4.273258439329722,
    "db": 0.8003716395132376,
    "bic": -1383.1961472509652,
    "xb": 41.72946983657861
}