{
    "dataset": "blobs-P10-K4-N1024-dt0.70-S6",
    "algorithm": "kmeans",
    "k": 20,
    "n": 1024,
    "d": 10,
    "k_true": 4,
    "rand_score": 0.7386039070136853,
    "adjusted_rand_score": 0.04769506910602015,
    "accuracy": 0.1494140625,
    "f1_score": 0.048488807161005246,
    "precision": 0.13082397377660193,
    "recall": 0.0298828125,
    "sigui": 0.48497451398429553,
    "sse": 6046.859047638283,
    "sc": 0.06850008183042894,
    "ch": 36.64289077062178,
    "db": 2.0852909131359665,
    "bic": -15651.471796777587,
    "xb": 1703.9153952632769
}