{
    "dataset": "blobs-P2-K8-N128-dt0.10-S0",
    "algorithm": "kmeans",
    "k": 4,
    "n": 128,
    "d": 2,
    "k_true": 8,
    "rand_score": 0.8110236220472441,
    "adjusted_rand_score": 0.4641350210970464,
    "accuracy": 0.5,
    "f1_score": 0.375,
    "precision": 0.3333333333333333,
    "recall": 0.5,
    "sigui": 0.15883078731160521,
    "sse": 18.343945931729426,
    "sc": 0.7845754717250899,
    "ch": 535.4963941807923,
    "db": 0.27429382050237233,
    "bic": -215.73365275290894,
    "xb": 8.294316728264599
}