{
    "dataset": "blobs-P2-K2-N1024-dt0.30-S2",
    "algorithm": "kmeans",
    "k": 10,
    "n": 1024,
    "d": 2,
    "k_true": 2,
    "rand_score": 0.5901320411779081,
    "adjusted_rand_score": 0.17964186464038398,
    "accuracy": 0.2939453125,
    "f1_score": 0.08945404586826536,
    "precision": 0.19001841620626153,
    "recall": 0.0587890625,
    "sigui": 0.2317134405185529,
    "sse": 281.0651675513081,
    "sc": 0.3202092675897966,
    "ch": 708.286478625561,
    "db": 0.9187880312415695,
    "bic": -3267.6723460821177,
    "xb": 315.2021235204223
}