{
    "dataset": "blobs-P10-K2-N1024-dt0.10-S0",
    "algorithm": "kmeans",
    "k": 20,
    "n": 1024,
    "d": 10,
    "k_true": 2,
    "rand_score": 0.5516709433040078,
    "adjusted_rand_score": 0.10255441922802114,
    "accuracy": 0.134765625,
    "f1_score": 0.023726563796250207,
    "precision": 0.1,
    "recall": 0.0134765625,
    "sigui": 0.4408677256338203,
    "sse": 4523.110279130069,
    "sc": 0.09581582285836675,
    "ch": 66.7886630582387,
    "db": 1.9369445469766944,
    "bic": -14155.436737653945,
    "xb": 1146.5220220046313
}