{
    "dataset": "blobs-P2-K4-N128-dt0.50-S4",
    "algorithm": "kmeans",
    "k": 25,
    "n": 128,
    "d": 2,
    "k_true": 4,
    "rand_score": 0.7666092519685039,
    "adjusted_rand_score": 0.12240868706811452,
    "accuracy": 0.21875,
    "f1_score": 0.05465815702045812,
    "precision": 0.1300909090909091,
    "recall": 0.035,
    "sigui": 0.11822223686224971,
    "sse": 8.464098907258501,
    "sc": 0.3639133993165067,
    "ch": 125.51147938642241,
    "db": 0.6941272478612587,
    "bic": -506.23607082314095,
    "xb": 62.74473150090233
}