{
    "dataset": "blobs-P5-K32-N128-dt0.70-S6",
    "algorithm": "kmeans",
    "k": 32,
    "n": 128,
    "d": 5,
    "k_true": 32,
    "rand_score": 0.9826525590551181,
    "adjusted_rand_score": 0.6670756874337666,
    "accuracy": 0.7734375,
    "f1_score": 0.7450644841269841,
    "precision": 0.7453125,
    "recall": 0.7734375,
    "sigui": 0.17504554365254799,
    "sse": 35.87395553620345,
    "sc": 0.4110639937171373,
    "ch": 52.15042267245735,
    "db": 0.7218743440813884,
    "bic": -894.9847453402211,
    "xb": 41.88917285983217
}