{
    "dataset": "blobs-P10-K4-N128-dt0.50-S4",
    "algorithm": "kmeans",
    "k": 32,
    "n": 128,
    "d": 10,
    "k_true": 4,
    "rand_score": 0.7552903543307087,
    "adjusted_rand_score": 0.0763484384769803,
    "accuracy": 0.2265625,
    "f1_score": 0.04323972521381058,
    "precision": 0.09279513888888888,
    "recall": 0.0283203125,
    "sigui": 0.3699965798344748,
    "sse": 457.58849935960404,
    "sc": 0.05898003977663914,
    "ch": 5.565748953972543,
    "db": 1.334808042990671,
    "bic": -2447.68227580269,
    "xb": 137.3921336308171
}