{
    "dataset": "blobs-P5-K16-N1024-dt0.90-S8",
    "algorithm": "kmeans",
    "k": 10,
    "n": 1024,
    "d": 5,
    "k_true": 16,
    "rand_score": 0.9012402248289345,
    "adjusted_rand_score": 0.3524737145981847,
    "accuracy": 0.482421875,
    "f1_score": 0.37744129618869715,
    "precision": 0.3150042474640814,
    "recall": 0.482421875,
    "sigui": 0.39958133412742614,
    "sse": 1981.4159082850863,
    "sc": 0.19335764358036822,
    "ch": 178.46521075557504,
    "db": 1.3525932128340359,
    "bic": -7378.272694560656,
    "xb": 684.6960784739997
}