{
    "dataset": "blobs-P5-K32-N1024-dt0.60-S5",
    "algorithm": "kmeans",
    "k": 3,
    "n": 1024,
    "d": 5,
    "k_true": 32,
    "rand_score": 0.6748877382697948,
    "adjusted_rand_score": 0.08268630676078832,
    "accuracy": 0.09375,
    "f1_score": 0.016527122003328003,
    "precision": 0.009085756660840088,
    "recall": 0.09375,
    "sigui": 0.5031853245808221,
    "sse": 3682.036646388923,
    "sc": 0.17252791023538158,
    "ch": 199.37973823929357,
    "db": 1.84253213030148,
    "bic": -7590.082822354555,
    "xb": 872.1510125644967
}