{
    "dataset": "blobs-P5-K16-N128-dt1.00-S9",
    "algorithm": "kmeans",
    "k": 16,
    "n": 128,
    "d": 5,
    "k_true": 16,
    "rand_score": 0.9101870078740157,
    "adjusted_rand_score": 0.20461564859299933,
    "accuracy": 0.4375,
    "f1_score": 0.4280844338410128,
    "precision": 0.45404153138528136,
    "recall": 0.4375,
    "sigui": 0.3691079305049808,
    "sse": 189.82411133811289,
    "sc": 0.15235366353539745,
    "ch": 17.707515016475526,
    "db": 1.4039683843842372,
    "bic": -1100.1603907365595,
    "xb": 86.13799954341145
}