{
    "dataset": "blobs-P5-K2-N64-dt0.10-S0",
    "algorithm": "kmeans",
    "k": 2,
    "n": 64,
    "d": 5,
    "k_true": 2,
    "rand_score": 1.0,
    "adjusted_rand_score": 1.0,
    "accuracy": 1.0,
    "f1_score": 1.0,
    "precision": 1.0,
    "recall": 1.0,
    "sigui": 0.40915052093144477,
    "sse": 144.86982816602384,
    "sc": 0.49044435320699487,
    "ch": 74.95053173710502,
    "db": 0.831618756813908,
    "bic": -396.65717747322384,
    "xb": 13.61352636500842
}