{
    "dataset": "blobs-P5-K16-N1024-dt0.30-S2",
    "algorithm": "kmeans",
    "k": 25,
    "n": 1024,
    "d": 5,
    "k_true": 16,
    "rand_score": 0.9828762677174976,
    "adjusted_rand_score": 0.8343663943735365,
    "accuracy": 0.8203125,
    "f1_score": 0.5662805855055989,
    "precision": 0.6320109876940939,
    "recall": 0.525,
    "sigui": 0.23303155086486435,
    "sse": 487.33761702156164,
    "sc": 0.2924806147046293,
    "ch": 395.6898974267889,
    "db": 1.4852005374543022,
    "bic": -4938.198280486511,
    "xb": 1303.8177374928264
}