{
    "dataset": "blobs-P5-K2-N128-dt1.00-S9",
    "algorithm": "kmeans",
    "k": 32,
    "n": 128,
    "d": 5,
    "k_true": 2,
    "rand_score": 0.5104576771653543,
    "adjusted_rand_score": 0.013701490964237548,
    "accuracy": 0.1171875,
    "f1_score": 0.012659817351598174,
    "precision": 0.04703282828282829,
    "recall": 0.00732421875,
    "sigui": 0.290142584425243,
    "sse": 119.94365994814606,
    "sc": 0.160449158152656,
    "ch": 13.42711281079846,
    "db": 1.0080865621769872,
    "bic": -1269.5051611427627,
    "xb": 81.12775139925732
}