{
    "dataset": "blobs-P5-K16-N1024-dt0.30-S2",
    "algorithm": "kmeans",
    "k": 2,
    "n": 1024,
    "d": 5,
    "k_true": 16,
    "rand_score": 0.5534197825024438,
    "adjusted_rand_score": 0.11410057514925181,
    "accuracy": 0.125,
    "f1_score": 0.0280060290757038,
    "precision": 0.01578785075547333,
    "recall": 0.125,
    "sigui": 0.512291992414474,
    "sse": 3814.1153729786483,
    "sc": 0.25730157796545405,
    "ch": 349.91445153205973,
    "db": 1.63546834967143,
    "bic": -7257.27040883132,
    "xb": 675.4655004973331
}