{
    "dataset": "blobs-P5-K16-N64-dt0.70-S6",
    "algorithm": "kmeans",
    "k": 4,
    "n": 64,
    "d": 5,
    "k_true": 16,
    "rand_score": 0.7594246031746031,
    "adjusted_rand_score": 0.15061295971978983,
    "accuracy": 0.25,
    "f1_score": 0.10483469703670942,
    "precision": 0.0671474358974359,
    "recall": 0.25,
    "sigui": 0.4635740296538502,
    "sse": 174.2836706052248,
    "sc": 0.20992729360761136,
    "ch": 16.721742075864537,
    "db": 1.5066295491481974,
    "bic": -493.18246463732123,
    "xb": 45.09907144204821
}