{
    "dataset": "blobs-P5-K8-N128-dt0.50-S4",
    "algorithm": "kmeans",
    "k": 10,
    "n": 128,
    "d": 5,
    "k_true": 8,
    "rand_score": 0.8719242125984252,
    "adjusted_rand_score": 0.3612848991975419,
    "accuracy": 0.5390625,
    "f1_score": 0.4544345418458322,
    "precision": 0.5000618580765639,
    "recall": 0.43125,
    "sigui": 0.3849665465848496,
    "sse": 214.65366724392322,
    "sc": 0.20307417316027337,
    "ch": 25.980283034863646,
    "db": 1.29645779341076,
    "bic": -989.0567123589212,
    "xb": 79.49927123035236
}