{
    "dataset": "blobs-P2-K8-N128-dt0.50-S4",
    "algorithm": "kmeans",
    "k": 32,
    "n": 128,
    "d": 2,
    "k_true": 8,
    "rand_score": 0.8997293307086615,
    "adjusted_rand_score": 0.29516033476564363,
    "accuracy": 0.3515625,
    "f1_score": 0.12570887445887446,
    "precision": 0.2309027777777778,
    "recall": 0.087890625,
    "sigui": 0.07944080022789587,
    "sse": 3.197495327026546,
    "sc": 0.35927651694772045,
    "ch": 244.83922335038343,
    "db": 0.668058962704052,
    "bic": -466.4935346687222,
    "xb": 72.03920533121541
}