{
    "dataset": "blobs-P5-K4-N128-dt1.00-S9",
    "algorithm": "kmeans",
    "k": 3,
    "n": 128,
    "d": 5,
    "k_true": 4,
    "rand_score": 0.6460383858267716,
    "adjusted_rand_score": 0.15488628241928284,
    "accuracy": 0.5,
    "f1_score": 0.4257947541080071,
    "precision": 0.3776469213211231,
    "recall": 0.5,
    "sigui": 0.49981576322727134,
    "sse": 472.5915139101031,
    "sc": 0.15003050502865128,
    "ch": 22.1396916208886,
    "db": 1.8701133838769408,
    "bic": -992.8081153380831,
    "xb": 114.41203772320586
}