{
    "dataset": "blobs-P5-K16-N1024-dt0.60-S5",
    "algorithm": "kmeans",
    "k": 8,
    "n": 1024,
    "d": 5,
    "k_true": 16,
    "rand_score": 0.9001538825757576,
    "adjusted_rand_score": 0.4441877726637697,
    "accuracy": 0.48828125,
    "f1_score": 0.33669856999504766,
    "precision": 0.2637117860233642,
    "recall": 0.48828125,
    "sigui": 0.38291176653577486,
    "sse": 1750.7256379096484,
    "sc": 0.2812824334423665,
    "ch": 279.32766666732783,
    "db": 1.1605431189598754,
    "bic": -6772.085262842189,
    "xb": 423.0857576856488
}