{
    "dataset": "blobs-P5-K16-N1024-dt0.50-S4",
    "algorithm": "kmeans",
    "k": 32,
    "n": 1024,
    "d": 5,
    "k_true": 16,
    "rand_score": 0.9536729441593352,
    "adjusted_rand_score": 0.4876228352106354,
    "accuracy": 0.5205078125,
    "f1_score": 0.3252486895829981,
    "precision": 0.4445563455535607,
    "recall": 0.26025390625,
    "sigui": 0.269144691123966,
    "sse": 759.9133317816955,
    "sc": 0.16106174259656292,
    "ch": 183.6035341765358,
    "db": 1.6579725266392136,
    "bic": -6553.6154118014165,
    "xb": 1058.4020151544132
}