{
    "dataset": "blobs-P2-K32-N64-dt1.00-S9",
    "algorithm": "kmeans",
    "k": 2,
    "n": 64,
    "d": 2,
    "k_true": 32,
    "rand_score": 0.5158730158730159,
    "adjusted_rand_score": 0.031746031746031744,
    "accuracy": 0.0625,
    "f1_score": 0.007456140350877193,
    "precision": 0.003968253968253968,
    "recall": 0.0625,
    "sigui": 0.43597729290773213,
    "sse": 79.09296667055396,
    "sc": 0.357870956773101,
    "ch": 38.33761956427594,
    "db": 1.1606201384164678,
    "bic": -207.1828036159959,
    "xb": 22.79983971125785
}