{
    "dataset": "blobs-P2-K4-N64-dt0.20-S1",
    "algorithm": "kmeans",
    "k": 10,
    "n": 64,
    "d": 2,
    "k_true": 4,
    "rand_score": 0.8680555555555556,
    "adjusted_rand_score": 0.55312,
    "accuracy": 0.578125,
    "f1_score": 0.2861972969559176,
    "precision": 0.4,
    "recall": 0.23125,
    "sigui": 0.08313204491463759,
    "sse": 1.9584788287023012,
    "sc": 0.41312634503138923,
    "ch": 386.14107844549983,
    "db": 0.7980410731322091,
    "bic": -117.91336723737885,
    "xb": 38.341593989423096
}