{
    "dataset": "blobs-P10-K4-N1024-dt1.00-S9",
    "algorithm": "kmeans",
    "k": 3,
    "n": 1024,
    "d": 10,
    "k_true": 4,
    "rand_score": 0.6274915230938416,
    "adjusted_rand_score": 0.10728374130650302,
    "accuracy": 0.4580078125,
    "f1_score": 0.3930633654674121,
    "precision": 0.3453679884429011,
    "recall": 0.4580078125,
    "sigui": 0.5520117140391744,
    "sse": 8903.93845714333,
    "sc": 0.07055765623488316,
    "ch": 76.60199145706548,
    "db": 2.913380288803759,
    "bic": -15049.798939015305,
    "xb": 2133.6275461886944
}