{
    "dataset": "blobs-P5-K4-N128-dt0.80-S7",
    "algorithm": "kmeans",
    "k": 8,
    "n": 128,
    "d": 5,
    "k_true": 4,
    "rand_score": 0.7402805118110236,
    "adjusted_rand_score": 0.1756517835454442,
    "accuracy": 0.40625,
    "f1_score": 0.2439144945674847,
    "precision": 0.32552954968065323,
    "recall": 0.203125,
    "sigui": 0.4263276309069953,
    "sse": 298.52778916488046,
    "sc": 0.14272441966364358,
    "ch": 19.60892600644599,
    "db": 1.4516039016118962,
    "bic": -1037.74917165108,
    "xb": 99.50204342752723
}