{
    "dataset": "blobs-P5-K32-N1024-dt0.40-S3",
    "algorithm": "kmeans",
    "k": 25,
    "n": 1024,
    "d": 5,
    "k_true": 32,
    "rand_score": 0.9790807520772239,
    "adjusted_rand_score": 0.7108672758284016,
    "accuracy": 0.759765625,
    "f1_score": 0.6883879650772057,
    "precision": 0.6510724242305919,
    "recall": 0.759765625,
    "sigui": 0.2531119015958749,
    "sse": 637.6874489082115,
    "sc": 0.356148414339871,
    "ch": 292.58261278096967,
    "db": 1.0089289656940368,
    "bic": -5686.71759831815,
    "xb": 573.1499796598142
}