{
    "dataset": "blobs-P5-K2-N128-dt1.00-S9",
    "algorithm": "kmeans",
    "k": 3,
    "n": 128,
    "d": 5,
    "k_true": 2,
    "rand_score": 0.5072588582677166,
    "adjusted_rand_score": 0.012249899503440187,
    "accuracy": 0.4296875,
    "f1_score": 0.3192395935758768,
    "precision": 0.36080092414324216,
    "recall": 0.2864583333333333,
    "sigui": 0.5185636552032802,
    "sse": 486.0470916938068,
    "sc": 0.13466415227137757,
    "ch": 19.796552501951105,
    "db": 1.9994809987969246,
    "bic": -999.0508685006948,
    "xb": 140.87877659807438
}