{
    "dataset": "blobs-P10-K8-N64-dt0.70-S6",
    "algorithm": "kmeans",
    "k": 50,
    "n": 64,
    "d": 10,
    "k_true": 8,
    "rand_score": 0.8839285714285714,
    "adjusted_rand_score": 0.01680672268907563,
    "accuracy": 0.171875,
    "f1_score": 0.04307070707070707,
    "precision": 0.11333333333333333,
    "recall": 0.0275,
    "sigui": 0.10129214898856291,
    "sse": 39.30236789573494,
    "sc": 0.03305066307850883,
    "ch": 4.366858896192811,
    "db": 0.5592307342669143,
    "bic": -1639.9664636794116,
    "xb": 19.280120478305836
}