{
    "dataset": "blobs-P5-K8-N1024-dt0.30-S2",
    "algorithm": "kmeans",
    "k": 10,
    "n": 1024,
    "d": 5,
    "k_true": 8,
    "rand_score": 0.9742351692326491,
    "adjusted_rand_score": 0.8745836996733207,
    "accuracy": 0.86328125,
    "f1_score": 0.7243013102933412,
    "precision": 0.7851947093375403,
    "recall": 0.690625,
    "sigui": 0.29658443898531806,
    "sse": 938.8349965362036,
    "sc": 0.3194066140642921,
    "ch": 501.7686020031342,
    "db": 1.3955614852689773,
    "bic": -5439.221218833017,
    "xb": 1264.5991864302357
}