{
    "dataset": "blobs-P2-K16-N128-dt0.20-S1",
    "algorithm": "kmeans",
    "k": 2,
    "n": 128,
    "d": 2,
    "k_true": 16,
    "rand_score": 0.5511811023622047,
    "adjusted_rand_score": 0.10860731437015146,
    "accuracy": 0.125,
    "f1_score": 0.028125,
    "precision": 0.015873015873015872,
    "recall": 0.125,
    "sigui": 0.4018554008948324,
    "sse": 113.19266236298128,
    "sc": 0.49903418137532235,
    "ch": 158.96546796083706,
    "db": 0.7990203659670132,
    "bic": -361.08134259688416,
    "xb": 23.38823454869318
}