{
    "dataset": "blobs-P5-K16-N128-dt0.90-S8",
    "algorithm": "kmeans",
    "k": 8,
    "n": 128,
    "d": 5,
    "k_true": 16,
    "rand_score": 0.8823818897637795,
    "adjusted_rand_score": 0.3390098104332488,
    "accuracy": 0.4375,
    "f1_score": 0.3050668328919103,
    "precision": 0.24559223184223183,
    "recall": 0.4375,
    "sigui": 0.41003323960120075,
    "sse": 245.19582679286856,
    "sc": 0.21522156089751168,
    "ch": 27.60271913767551,
    "db": 1.2469004123141882,
    "bic": -974.7125626756066,
    "xb": 77.60148086262252
}