{
    "dataset": "blobs-P2-K32-N128-dt0.50-S4",
    "algorithm": "kmeans",
    "k": 50,
    "n": 128,
    "d": 2,
    "k_true": 32,
    "rand_score": 0.9911417322834646,
    "adjusted_rand_score": 0.7747672299128036,
    "accuracy": 0.8125,
    "f1_score": 0.5633333333333332,
    "precision": 0.63,
    "recall": 0.52,
    "sigui": 0.023379471929897474,
    "sse": 0.281135627618354,
    "sc": 0.5215575422869212,
    "ch": 1447.922789119964,
    "db": 0.33875913761733967,
    "bic": -354.5427715248205,
    "xb": 157.40224449582456
}