{
    "dataset": "blobs-P2-K8-N128-dt0.10-S0",
    "algorithm": "kmeans",
    "k": 10,
    "n": 128,
    "d": 2,
    "k_true": 8,
    "rand_score": 0.9853592519685039,
    "adjusted_rand_score": 0.9257335488975268,
    "accuracy": 0.8984375,
    "f1_score": 0.7481481481481481,
    "precision": 0.8,
    "recall": 0.71875,
    "sigui": 0.027078912375489633,
    "sse": 0.44287557864015553,
    "sc": 0.7317230886222668,
    "ch": 7565.641491934579,
    "db": 0.5213162520275185,
    "bic": 90.39719875035976,
    "xb": 46.29388840286287
}