{
    "dataset": "blobs-P5-K8-N128-dt0.30-S2",
    "algorithm": "kmeans",
    "k": 8,
    "n": 128,
    "d": 5,
    "k_true": 8,
    "rand_score": 0.9607529527559056,
    "adjusted_rand_score": 0.8266905086819444,
    "accuracy": 0.8203125,
    "f1_score": 0.7983333333333333,
    "precision": 0.8125,
    "recall": 0.8203125,
    "sigui": 0.2701255158978401,
    "sse": 86.1607695720412,
    "sc": 0.5240056371115014,
    "ch": 110.19384871438433,
    "db": 0.8263042722278132,
    "bic": -638.4935214943378,
    "xb": 70.61780989951129
}