{
    "dataset": "blobs-P5-K16-N128-dt0.40-S3",
    "algorithm": "kmeans",
    "k": 25,
    "n": 128,
    "d": 5,
    "k_true": 16,
    "rand_score": 0.9731791338582677,
    "adjusted_rand_score": 0.7074536655466092,
    "accuracy": 0.75,
    "f1_score": 0.5226507218271924,
    "precision": 0.5908888888888889,
    "recall": 0.48,
    "sigui": 0.23148965921052914,
    "sse": 64.33202888153991,
    "sc": 0.2714965712243803,
    "ch": 38.403499557988546,
    "db": 0.9942828884254914,
    "bic": -939.8716290676035,
    "xb": 100.70883934544459
}