{
    "dataset": "blobs-P2-K8-N64-dt0.50-S4",
    "algorithm": "kmeans",
    "k": 10,
    "n": 64,
    "d": 2,
    "k_true": 8,
    "rand_score": 0.9156746031746031,
    "adjusted_rand_score": 0.5996860282574569,
    "accuracy": 0.703125,
    "f1_score": 0.5445275100006558,
    "precision": 0.5517460317460318,
    "recall": 0.5625,
    "sigui": 0.1574524811731424,
    "sse": 8.09560112984273,
    "sc": 0.38414070997724903,
    "ch": 88.86633391174983,
    "db": 0.6970632051136698,
    "bic": -200.88147754901175,
    "xb": 27.175696062229665
}