{
    "dataset": "blobs-P5-K8-N1024-dt1.00-S9",
    "algorithm": "kmeans",
    "k": 20,
    "n": 1024,
    "d": 5,
    "k_true": 8,
    "rand_score": 0.8489010569403714,
    "adjusted_rand_score": 0.0697727650370827,
    "accuracy": 0.181640625,
    "f1_score": 0.10495708469025386,
    "precision": 0.19654642311690035,
    "recall": 0.07265625,
    "sigui": 0.39087031493322033,
    "sse": 1830.6602477542663,
    "sc": 0.14146343322420316,
    "ch": 94.94696661911149,
    "db": 1.483247727223087,
    "bic": -8096.772616682528,
    "xb": 1129.3352266667039
}