{
    "dataset": "blobs-P10-K2-N128-dt0.10-S0",
    "algorithm": "kmeans",
    "k": 2,
    "n": 128,
    "d": 10,
    "k_true": 2,
    "rand_score": 1.0,
    "adjusted_rand_score": 1.0,
    "accuracy": 1.0,
    "f1_score": 1.0,
    "precision": 1.0,
    "recall": 1.0,
    "sigui": 0.5131581330967686,
    "sse": 924.4039453508826,
    "sc": 0.25740269471998056,
    "ch": 48.469181802098205,
    "db": 1.5597355604291443,
    "bic": -1750.1170682500385,
    "xb": 80.56200255986349
}