{
    "dataset": "blobs-P10-K8-N64-dt0.20-S1",
    "algorithm": "kmeans",
    "k": 32,
    "n": 64,
    "d": 10,
    "k_true": 8,
    "rand_score": 0.9092261904761905,
    "adjusted_rand_score": 0.2976545842217484,
    "accuracy": 0.375,
    "f1_score": 0.1334280303030303,
    "precision": 0.2421875,
    "recall": 0.09375,
    "sigui": 0.2127317437557064,
    "sse": 67.55779625125543,
    "sc": 0.11068753593294758,
    "ch": 8.746704511961427,
    "db": 0.9425338588469099,
    "bic": -1196.884802228824,
    "xb": 35.26823477033331
}