{
    "dataset": "blobs-P10-K32-N64-dt0.40-S3",
    "algorithm": "kmeans",
    "k": 50,
    "n": 64,
    "d": 10,
    "k_true": 32,
    "rand_score": 0.9821428571428571,
    "adjusted_rand_score": 0.29913473423980225,
    "accuracy": 0.59375,
    "f1_score": 0.4380952380952381,
    "precision": 0.568,
    "recall": 0.38,
    "sigui": 0.10551977040736002,
    "sse": 33.806472143178205,
    "sc": 0.07205352374803822,
    "ch": 5.123224632333736,
    "db": 0.5401654652994847,
    "bic": -1591.3550437605566,
    "xb": 11.201118619791457
}