{
    "dataset": "blobs-P2-K32-N128-dt0.10-S0",
    "algorithm": "kmeans",
    "k": 16,
    "n": 128,
    "d": 2,
    "k_true": 32,
    "rand_score": 0.9566929133858267,
    "adjusted_rand_score": 0.5044341965235899,
    "accuracy": 0.5,
    "f1_score": 0.3614583333333333,
    "precision": 0.3046875,
    "recall": 0.5,
    "sigui": 0.0964884341740995,
    "sse": 4.6682737517464545,
    "sc": 0.6361779366536103,
    "ch": 401.9923257395872,
    "db": 0.4769298239814726,
    "bic": -311.29453517489816,
    "xb": 51.38022682792073
}