{
    "dataset": "blobs-P5-K16-N64-dt0.70-S6",
    "algorithm": "kmeans",
    "k": 25,
    "n": 64,
    "d": 5,
    "k_true": 16,
    "rand_score": 0.9449404761904762,
    "adjusted_rand_score": 0.3299798792756539,
    "accuracy": 0.546875,
    "f1_score": 0.37542857142857144,
    "precision": 0.43866666666666665,
    "recall": 0.35,
    "sigui": 0.21938909121720995,
    "sse": 41.20649421551754,
    "sc": 0.19528306903050216,
    "ch": 10.994370075025172,
    "db": 0.8293072690847849,
    "bic": -650.6843063823062,
    "xb": 30.210935633885338
}