{
    "dataset": "blobs-P2-K8-N64-dt0.50-S4",
    "algorithm": "kmeans",
    "k": 32,
    "n": 64,
    "d": 2,
    "k_true": 8,
    "rand_score": 0.8958333333333334,
    "adjusted_rand_score": 0.21052631578947367,
    "accuracy": 0.359375,
    "f1_score": 0.12410714285714286,
    "precision": 0.21354166666666666,
    "recall": 0.08984375,
    "sigui": 0.04629280094044326,
    "sse": 0.7016970780072723,
    "sc": 0.36949550039937074,
    "ch": 187.26699014283503,
    "db": 0.40862551783223355,
    "bic": -272.48571532375473,
    "xb": 56.47524672875018
}