{
    "dataset": "blobs-P2-K8-N128-dt0.80-S7",
    "algorithm": "kmeans",
    "k": 20,
    "n": 128,
    "d": 2,
    "k_true": 8,
    "rand_score": 0.8925935039370079,
    "adjusted_rand_score": 0.3268183391318603,
    "accuracy": 0.421875,
    "f1_score": 0.21678639396030697,
    "precision": 0.3275,
    "recall": 0.16875,
    "sigui": 0.10364603777886904,
    "sse": 6.936687961405228,
    "sc": 0.39913131959060244,
    "ch": 204.09283333570292,
    "db": 0.7039084627788346,
    "bic": -418.00680207998477,
    "xb": 48.90080549396099
}