{
    "dataset": "blobs-P5-K32-N128-dt0.60-S5",
    "algorithm": "kmeans",
    "k": 25,
    "n": 128,
    "d": 5,
    "k_true": 32,
    "rand_score": 0.9794537401574803,
    "adjusted_rand_score": 0.6525791603190984,
    "accuracy": 0.7265625,
    "f1_score": 0.6467509920634921,
    "precision": 0.6183779761904762,
    "recall": 0.7265625,
    "sigui": 0.23557632163111147,
    "sse": 68.4834914663974,
    "sc": 0.33087466687184197,
    "ch": 35.81532273842764,
    "db": 0.862566230610905,
    "bic": -967.8187072476908,
    "xb": 71.72560420055707
}