{
    "dataset": "blobs-P5-K32-N128-dt0.20-S1",
    "algorithm": "kmeans",
    "k": 32,
    "n": 128,
    "d": 5,
    "k_true": 32,
    "rand_score": 1.0,
    "adjusted_rand_score": 1.0,
    "accuracy": 1.0,
    "f1_score": 1.0,
    "precision": 1.0,
    "recall": 1.0,
    "sigui": 0.09672152983700212,
    "sse": 10.218696399861319,
    "sc": 0.6778361629910534,
    "ch": 190.8551161765251,
    "db": 0.4060387626881975,
    "bic": -505.6682961963022,
    "xb": 28.113761552596117
}