{
    "dataset": "blobs-P2-K2-N128-dt0.50-S4",
    "algorithm": "kmeans",
    "k": 32,
    "n": 128,
    "d": 2,
    "k_true": 2,
    "rand_score": 0.5188238188976378,
    "adjusted_rand_score": 0.030538135584949926,
    "accuracy": 0.1171875,
    "f1_score": 0.01293759512937595,
    "precision": 0.05555555555555555,
    "recall": 0.00732421875,
    "sigui": 0.09560411658645902,
    "sse": 5.647927569942734,
    "sc": 0.41180551581460234,
    "ch": 137.2687286799995,
    "db": 0.5618763148940841,
    "bic": -534.1532479165853,
    "xb": 73.76891759620656
}