{
    "dataset": "blobs-P10-K32-N128-dt0.10-S0",
    "algorithm": "kmeans",
    "k": 16,
    "n": 128,
    "d": 10,
    "k_true": 32,
    "rand_score": 0.9606299212598425,
    "adjusted_rand_score": 0.5292809488510007,
    "accuracy": 0.5,
    "f1_score": 0.35416666666666663,
    "precision": 0.29166666666666663,
    "recall": 0.5,
    "sigui": 0.3336312065762564,
    "sse": 311.82540051477974,
    "sc": 0.44680312340232176,
    "ch": 23.182963920051172,
    "db": 0.989550939731253,
    "bic": -1691.409421885177,
    "xb": 46.322259538052506
}