{
    "dataset": "blobs-P2-K32-N1024-dt1.00-S9",
    "algorithm": "kmeans",
    "k": 3,
    "n": 1024,
    "d": 2,
    "k_true": 32,
    "rand_score": 0.690785755742913,
    "adjusted_rand_score": 0.11106544637025463,
    "accuracy": 0.09375,
    "f1_score": 0.016307436429106818,
    "precision": 0.008945118745217504,
    "recall": 0.09375,
    "sigui": 0.34339763589660804,
    "sse": 632.1916967788504,
    "sc": 0.48617864050512594,
    "ch": 1143.3899054746755,
    "db": 0.6946630412964051,
    "bic": -2850.0617522371613,
    "xb": 152.81969958921948
}