{
    "dataset": "blobs-P2-K8-N64-dt1.00-S9",
    "algorithm": "kmeans",
    "k": 16,
    "n": 64,
    "d": 2,
    "k_true": 8,
    "rand_score": 0.8462301587301587,
    "adjusted_rand_score": 0.08584534731323722,
    "accuracy": 0.34375,
    "f1_score": 0.2048654776595953,
    "precision": 0.30069444444444443,
    "recall": 0.171875,
    "sigui": 0.14460862650662804,
    "sse": 5.86351425147197,
    "sc": 0.3709893542678863,
    "ch": 66.65571833430343,
    "db": 0.6544438561991403,
    "bic": -251.9057426058912,
    "xb": 50.45447525586207
}