{
    "dataset": "blobs-P5-K16-N1024-dt0.60-S5",
    "algorithm": "kmeans",
    "k": 4,
    "n": 1024,
    "d": 5,
    "k_true": 16,
    "rand_score": 0.7706443212365591,
    "adjusted_rand_score": 0.22923155603471382,
    "accuracy": 0.24609375,
    "f1_score": 0.10454244899865166,
    "precision": 0.06810065889583763,
    "recall": 0.24609375,
    "sigui": 0.46405843744982533,
    "sse": 2904.656772639169,
    "sc": 0.22246789183042748,
    "ch": 259.3179172700818,
    "db": 1.4135124291403347,
    "bic": -7272.996569914848,
    "xb": 633.854186204724
}