{
    "dataset": "blobs-P10-K8-N1024-dt1.00-S9",
    "algorithm": "kmeans",
    "k": 16,
    "n": 1024,
    "d": 10,
    "k_true": 8,
    "rand_score": 0.8335490744134897,
    "adjusted_rand_score": 0.030599224422503405,
    "accuracy": 0.1572265625,
    "f1_score": 0.10375202780385506,
    "precision": 0.15590575154136568,
    "recall": 0.07861328125,
    "sigui": 0.49824957275825876,
    "sse": 6419.028041996494,
    "sc": 0.0720053727249377,
    "ch": 40.00127650135223,
    "db": 2.030315810478678,
    "bic": -15574.308828546393,
    "xb": 1253.3452444761288
}