{
    "dataset": "blobs-P5-K2-N1024-dt0.70-S6",
    "algorithm": "kmeans",
    "k": 3,
    "n": 1024,
    "d": 5,
    "k_true": 2,
    "rand_score": 0.5739495509530792,
    "adjusted_rand_score": 0.14762376016886944,
    "accuracy": 0.5087890625,
    "f1_score": 0.397895664411082,
    "precision": 0.4812750705642308,
    "recall": 0.3391927083333333,
    "sigui": 0.5169521896370028,
    "sse": 3902.5824859952563,
    "sc": 0.1316590677504895,
    "ch": 159.25137857551945,
    "db": 2.0610832179150975,
    "bic": -7753.998450811264,
    "xb": 1165.743684718943
}