{
    "dataset": "blobs-P5-K16-N64-dt0.80-S7",
    "algorithm": "kmeans",
    "k": 25,
    "n": 64,
    "d": 5,
    "k_true": 16,
    "rand_score": 0.9722222222222222,
    "adjusted_rand_score": 0.6318096430807765,
    "accuracy": 0.71875,
    "f1_score": 0.5174603174603175,
    "precision": 0.6186666666666667,
    "recall": 0.46,
    "sigui": 0.16371219840146337,
    "sse": 14.88703171738471,
    "sc": 0.33712362072525087,
    "ch": 33.30473010816902,
    "db": 0.7555690062759353,
    "bic": -493.1312661170555,
    "xb": 32.94728903447402
}