{
    "dataset": "blobs-P2-K32-N128-dt0.90-S8",
    "algorithm": "kmeans",
    "k": 3,
    "n": 128,
    "d": 2,
    "k_true": 32,
    "rand_score": 0.6785187007874016,
    "adjusted_rand_score": 0.08229838140985755,
    "accuracy": 0.09375,
    "f1_score": 0.016630188992386365,
    "precision": 0.009154326066090773,
    "recall": 0.09375,
    "sigui": 0.35597334052545987,
    "sse": 98.88611595142308,
    "sc": 0.3984805631846079,
    "ch": 99.30228989739938,
    "db": 0.8555563840865132,
    "bic": -401.244801798773,
    "xb": 26.798090240949197
}