{
    "dataset": "blobs-P10-K8-N1024-dt0.70-S6",
    "algorithm": "kmeans",
    "k": 25,
    "n": 1024,
    "d": 10,
    "k_true": 8,
    "rand_score": 0.8580270955522972,
    "adjusted_rand_score": 0.08532177881691173,
    "accuracy": 0.216796875,
    "f1_score": 0.09924866909266265,
    "precision": 0.17571806624747802,
    "recall": 0.069375,
    "sigui": 0.47505223743207464,
    "sse": 5642.836431342357,
    "sc": 0.07439381361496086,
    "ch": 33.91147978036522,
    "db": 2.042832057816121,
    "bic": -15699.79036788403,
    "xb": 1511.5656501788858
}