{
    "dataset": "blobs-P10-K4-N64-dt0.30-S2",
    "algorithm": "kmeans",
    "k": 4,
    "n": 64,
    "d": 10,
    "k_true": 4,
    "rand_score": 0.7713293650793651,
    "adjusted_rand_score": 0.4090825856070317,
    "accuracy": 0.59375,
    "f1_score": 0.5427606177606178,
    "precision": 0.5208333333333334,
    "recall": 0.59375,
    "sigui": 0.49680666688937625,
    "sse": 395.30818840987877,
    "sc": 0.14425112249729027,
    "ch": 12.379799799968243,
    "db": 1.742089115095922,
    "bic": -928.6116218316803,
    "xb": 78.16691327742055
}