{
    "dataset": "blobs-P2-K32-N128-dt0.70-S6",
    "algorithm": "kmeans",
    "k": 32,
    "n": 128,
    "d": 2,
    "k_true": 32,
    "rand_score": 0.9933562992125984,
    "adjusted_rand_score": 0.8648989401520822,
    "accuracy": 0.8984375,
    "f1_score": 0.8860367063492063,
    "precision": 0.8921875,
    "recall": 0.8984375,
    "sigui": 0.04310366380208354,
    "sse": 1.0119017266902255,
    "sc": 0.6590491578037333,
    "ch": 780.3530140990653,
    "db": 0.41624631773253473,
    "bic": -329.9938346213428,
    "xb": 64.41651947582918
}