{
    "dataset": "blobs-P2-K2-N1024-dt0.80-S7",
    "algorithm": "kmeans",
    "k": 4,
    "n": 1024,
    "d": 2,
    "k_true": 2,
    "rand_score": 0.5537195289589443,
    "adjusted_rand_score": 0.10700268116978867,
    "accuracy": 0.3916015625,
    "f1_score": 0.25749839090323967,
    "precision": 0.3764282691493863,
    "recall": 0.19580078125,
    "sigui": 0.3494950563587417,
    "sse": 714.16893539584,
    "sc": 0.32208279941227963,
    "ch": 635.0415455588735,
    "db": 0.921361293531623,
    "bic": -3286.777639719215,
    "xb": 284.6593931715355
}