{
    "dataset": "blobs-P2-K2-N128-dt0.80-S7",
    "algorithm": "kmeans",
    "k": 20,
    "n": 128,
    "d": 2,
    "k_true": 2,
    "rand_score": 0.5119340551181102,
    "adjusted_rand_score": 0.01712489782222335,
    "accuracy": 0.1328125,
    "f1_score": 0.022801009372746935,
    "precision": 0.08194444444444444,
    "recall": 0.01328125,
    "sigui": 0.15320787385528664,
    "sse": 13.659673779496316,
    "sc": 0.3404768041847622,
    "ch": 100.84526581601742,
    "db": 0.6888089791983176,
    "bic": -488.27047571290416,
    "xb": 71.90096388687968
}