{
    "dataset": "blobs-P10-K32-N128-dt0.40-S3",
    "algorithm": "kmeans",
    "k": 8,
    "n": 128,
    "d": 10,
    "k_true": 32,
    "rand_score": 0.8763533464566929,
    "adjusted_rand_score": 0.1483107679783266,
    "accuracy": 0.2421875,
    "f1_score": 0.10079595112489849,
    "precision": 0.06479792674645615,
    "recall": 0.2421875,
    "sigui": 0.4947992761532398,
    "sse": 777.3298623028643,
    "sc": 0.10431809374105808,
    "ch": 11.085644304200008,
    "db": 1.93192029535223,
    "bic": -1973.0783769014101,
    "xb": 153.40392377658708
}