{
    "dataset": "blobs-P2-K4-N64-dt0.40-S3",
    "algorithm": "kmeans",
    "k": 32,
    "n": 64,
    "d": 2,
    "k_true": 4,
    "rand_score": 0.7663690476190477,
    "adjusted_rand_score": 0.06662262904595641,
    "accuracy": 0.1875,
    "f1_score": 0.0385860484544695,
    "precision": 0.11875,
    "recall": 0.0234375,
    "sigui": 0.05649860183059552,
    "sse": 1.118233722333887,
    "sc": 0.41327284990673174,
    "ch": 117.12643239448337,
    "db": 0.3970468304188779,
    "bic": -305.0133313926329,
    "xb": 40.504304677036124
}