{
    "dataset": "blobs-P2-K8-N64-dt0.70-S6",
    "algorithm": "kmeans",
    "k": 25,
    "n": 64,
    "d": 2,
    "k_true": 8,
    "rand_score": 0.8938492063492064,
    "adjusted_rand_score": 0.22712680577849118,
    "accuracy": 0.375,
    "f1_score": 0.16727272727272727,
    "precision": 0.28,
    "recall": 0.12,
    "sigui": 0.07318613435074112,
    "sse": 1.472226331757973,
    "sc": 0.36400763703461314,
    "ch": 139.65762449404028,
    "db": 0.5529524228307003,
    "bic": -256.99010020038133,
    "xb": 41.36387081674675
}