{
    "dataset": "blobs-P10-K8-N64-dt0.20-S1",
    "algorithm": "kmeans",
    "k": 8,
    "n": 64,
    "d": 10,
    "k_true": 8,
    "rand_score": 0.9608134920634921,
    "adjusted_rand_score": 0.8189457601222307,
    "accuracy": 0.828125,
    "f1_score": 0.8044871794871795,
    "precision": 0.8125,
    "recall": 0.828125,
    "sigui": 0.38830417366072123,
    "sse": 206.91311416117532,
    "sc": 0.2671928142104022,
    "ch": 16.744685810546393,
    "db": 1.1655284058237905,
    "bic": -859.7938251848909,
    "xb": 60.532821093236336
}