{
    "dataset": "blobs-P2-K16-N64-dt0.70-S6",
    "algorithm": "kmeans",
    "k": 2,
    "n": 64,
    "d": 2,
    "k_true": 16,
    "rand_score": 0.5,
    "adjusted_rand_score": 0.07011070110701106,
    "accuracy": 0.125,
    "f1_score": 0.030100334448160536,
    "precision": 0.017316017316017316,
    "recall": 0.125,
    "sigui": 0.4660955163589155,
    "sse": 79.70376389624118,
    "sc": 0.36332337872080067,
    "ch": 37.56869803954465,
    "db": 1.0853079220023392,
    "bic": -204.99849656556245,
    "xb": 21.598119922334952
}