{
    "dataset": "blobs-P5-K8-N1024-dt0.30-S2",
    "algorithm": "kmeans",
    "k": 32,
    "n": 1024,
    "d": 5,
    "k_true": 8,
    "rand_score": 0.9076017228739003,
    "adjusted_rand_score": 0.38730926950331457,
    "accuracy": 0.328125,
    "f1_score": 0.12103521906510192,
    "precision": 0.24624539868045217,
    "recall": 0.08203125,
    "sigui": 0.2549686594126681,
    "sse": 621.878472647929,
    "sc": 0.16392874566087853,
    "ch": 231.45983533145488,
    "db": 1.5725917631129671,
    "bic": -6004.1137921906275,
    "xb": 934.3292210646463
}