{
    "dataset": "blobs-P10-K8-N1024-dt0.80-S7",
    "algorithm": "kmeans",
    "k": 50,
    "n": 1024,
    "d": 10,
    "k_true": 8,
    "rand_score": 0.8637871914711632,
    "adjusted_rand_score": 0.026785439147227214,
    "accuracy": 0.083984375,
    "f1_score": 0.023067565728705587,
    "precision": 0.08338998350328274,
    "recall": 0.0134375,
    "sigui": 0.4474935271098441,
    "sse": 4789.054490067524,
    "sc": 0.07512211413968009,
    "ch": 22.624809909318827,
    "db": 1.858832828752532,
    "bic": -16501.21461035695,
    "xb": 1364.1504656524173
}