{
    "dataset": "blobs-P5-K4-N1024-dt0.90-S8",
    "algorithm": "kmeans",
    "k": 50,
    "n": 1024,
    "d": 5,
    "k_true": 4,
    "rand_score": 0.7469414406158358,
    "adjusted_rand_score": 0.02515915023422354,
    "accuracy": 0.0703125,
    "f1_score": 0.010238159614722981,
    "precision": 0.058283759251501185,
    "recall": 0.005625,
    "sigui": 0.3295868317381217,
    "sse": 1224.7002406716417,
    "sc": 0.1427631201743036,
    "ch": 63.222833746950236,
    "db": 1.3509980762240648,
    "bic": -8615.267265347253,
    "xb": 926.741610727668
}