{
    "dataset": "blobs-P2-K2-N128-dt0.60-S5",
    "algorithm": "kmeans",
    "k": 20,
    "n": 128,
    "d": 2,
    "k_true": 2,
    "rand_score": 0.5265748031496063,
    "adjusted_rand_score": 0.04647659780377588,
    "accuracy": 0.140625,
    "f1_score": 0.02376130198915009,
    "precision": 0.09,
    "recall": 0.0140625,
    "sigui": 0.15797079166490774,
    "sse": 14.661227504766657,
    "sc": 0.35036959392430517,
    "ch": 93.56790832005919,
    "db": 0.7281331112706885,
    "bic": -512.0225770138255,
    "xb": 62.468925505926556
}