{
    "dataset": "blobs-P2-K2-N1024-dt0.30-S2",
    "algorithm": "kmeans",
    "k": 20,
    "n": 1024,
    "d": 2,
    "k_true": 2,
    "rand_score": 0.5489541330645161,
    "adjusted_rand_score": 0.09712908367172374,
    "accuracy": 0.1767578125,
    "f1_score": 0.02991256830601093,
    "precision": 0.09744897959183674,
    "recall": 0.01767578125,
    "sigui": 0.17880304693618002,
    "sse": 146.25599809970902,
    "sc": 0.3185264855134399,
    "ch": 687.0976783016072,
    "db": 0.8915741215839759,
    "bic": -3382.579287679542,
    "xb": 326.58082411130556
}