{
    "dataset": "blobs-P10-K2-N1024-dt0.90-S8",
    "algorithm": "kmeans",
    "k": 25,
    "n": 1024,
    "d": 10,
    "k_true": 2,
    "rand_score": 0.5049238605816226,
    "adjusted_rand_score": 0.008957207862232535,
    "accuracy": 0.0810546875,
    "f1_score": 0.011841599286942128,
    "precision": 0.06866209262435678,
    "recall": 0.006484375,
    "sigui": 0.47809523145357774,
    "sse": 5783.071043582437,
    "sc": 0.07400094353013183,
    "ch": 32.079783632738746,
    "db": 2.0170649946097843,
    "bic": -15838.11060995245,
    "xb": 1278.1843084704155
}