{
    "dataset": "blobs-P10-K4-N1024-dt0.70-S6",
    "algorithm": "kmeans",
    "k": 50,
    "n": 1024,
    "d": 10,
    "k_true": 4,
    "rand_score": 0.7461663000977518,
    "adjusted_rand_score": 0.022591287894810075,
    "accuracy": 0.0732421875,
    "f1_score": 0.010717651887205979,
    "precision": 0.06361617892352525,
    "recall": 0.005859375,
    "sigui": 0.44166642593217875,
    "sse": 4714.431535943216,
    "sc": 0.07827152710938529,
    "ch": 23.29756370914661,
    "db": 1.8602381692924523,
    "bic": -16430.098619786393,
    "xb": 1221.5530076630619
}