{
    "dataset": "blobs-P2-K2-N128-dt0.30-S2",
    "algorithm": "kmeans",
    "k": 2,
    "n": 128,
    "d": 2,
    "k_true": 2,
    "rand_score": 0.8682332677165354,
    "adjusted_rand_score": 0.7364547911762142,
    "accuracy": 0.9296875,
    "f1_score": 0.929648854961832,
    "precision": 0.9306337166625887,
    "recall": 0.9296875,
    "sigui": 0.38121167772207787,
    "sse": 149.37815177560526,
    "sc": 0.39583664693033793,
    "ch": 89.93519277474203,
    "db": 1.014797087087247,
    "bic": -397.4491655023087,
    "xb": 39.77772362733764
}