{
    "dataset": "blobs-P2-K4-N128-dt0.50-S4",
    "algorithm": "kmeans",
    "k": 10,
    "n": 128,
    "d": 2,
    "k_true": 4,
    "rand_score": 0.7771899606299213,
    "adjusted_rand_score": 0.2559211654367638,
    "accuracy": 0.4140625,
    "f1_score": 0.2198266515908689,
    "precision": 0.3347787081339713,
    "recall": 0.165625,
    "sigui": 0.201888396474334,
    "sse": 27.825657590798333,
    "sc": 0.3908269170985851,
    "ch": 107.51297238060796,
    "db": 0.7239400481030087,
    "bic": -435.17061066987867,
    "xb": 38.82087240889567
}