{
    "dataset": "blobs-P2-K16-N128-dt0.90-S8",
    "algorithm": "kmeans",
    "k": 3,
    "n": 128,
    "d": 2,
    "k_true": 16,
    "rand_score": 0.7166584645669292,
    "adjusted_rand_score": 0.19729450090430306,
    "accuracy": 0.1875,
    "f1_score": 0.06000470809792843,
    "precision": 0.03581743508214097,
    "recall": 0.1875,
    "sigui": 0.2932697048629115,
    "sse": 61.8069913142029,
    "sc": 0.5401744675473159,
    "ch": 196.37039086989662,
    "db": 0.5981687814084057,
    "bic": -342.5871390062591,
    "xb": 16.37288811265729
}