{
    "dataset": "blobs-P2-K16-N1024-dt0.10-S0",
    "algorithm": "kmeans",
    "k": 20,
    "n": 1024,
    "d": 2,
    "k_true": 16,
    "rand_score": 0.9930943762218963,
    "adjusted_rand_score": 0.936950491190811,
    "accuracy": 0.9052734375,
    "f1_score": 0.7519802215700377,
    "precision": 0.8,
    "recall": 0.72421875,
    "sigui": 0.014051116440692821,
    "sse": 0.7852056507507437,
    "sc": 0.7462036393423884,
    "ch": 137812.25095951784,
    "db": 0.5268870711502579,
    "bic": 1940.7046262552763,
    "xb": 97.10756176872124
}