{
    "dataset": "blobs-P10-K4-N128-dt0.60-S5",
    "algorithm": "kmeans",
    "k": 32,
    "n": 128,
    "d": 10,
    "k_true": 4,
    "rand_score": 0.7490157480314961,
    "adjusted_rand_score": 0.04426032359689831,
    "accuracy": 0.171875,
    "f1_score": 0.035243055555555555,
    "precision": 0.11171875,
    "recall": 0.021484375,
    "sigui": 0.37866770790670545,
    "sse": 445.80692819860025,
    "sc": 0.07456992922961245,
    "ch": 5.794677950901219,
    "db": 1.3588548995012908,
    "bic": -2438.092117680661,
    "xb": 143.26172764198125
}