{
    "dataset": "blobs-P10-K32-N1024-dt0.70-S6",
    "algorithm": "kmeans",
    "k": 25,
    "n": 1024,
    "d": 10,
    "k_true": 32,
    "rand_score": 0.9461831011730205,
    "adjusted_rand_score": 0.22141721211309573,
    "accuracy": 0.384765625,
    "f1_score": 0.33480042614767225,
    "precision": 0.3050863321498455,
    "recall": 0.384765625,
    "sigui": 0.46879377261145433,
    "sse": 5298.861526705143,
    "sc": 0.08795087133203738,
    "ch": 38.81492050968693,
    "db": 1.9951413782782417,
    "bic": -15378.190074988031,
    "xb": 1578.3220924250957
}