{
    "dataset": "blobs-P10-K8-N64-dt0.70-S6",
    "algorithm": "kmeans",
    "k": 4,
    "n": 64,
    "d": 10,
    "k_true": 8,
    "rand_score": 0.6939484126984127,
    "adjusted_rand_score": 0.07864609258337481,
    "accuracy": 0.296875,
    "f1_score": 0.19524066091954023,
    "precision": 0.15550595238095238,
    "recall": 0.296875,
    "sigui": 0.5330609316126532,
    "sse": 500.6999832987851,
    "sc": 0.06937570411105008,
    "ch": 5.564210958564769,
    "db": 2.3467658261232685,
    "bic": -1004.2408703030229,
    "xb": 96.44152759988395
}