{
    "dataset": "blobs-P5-K2-N128-dt0.20-S1",
    "algorithm": "kmeans",
    "k": 32,
    "n": 128,
    "d": 5,
    "k_true": 2,
    "rand_score": 0.5289124015748031,
    "adjusted_rand_score": 0.050793960628922226,
    "accuracy": 0.1015625,
    "f1_score": 0.011519114688128773,
    "precision": 0.0625,
    "recall": 0.00634765625,
    "sigui": 0.2792870865132545,
    "sse": 111.57818273499021,
    "sc": 0.17478417870697824,
    "ch": 14.66597686844256,
    "db": 1.0496357206915818,
    "bic": -1257.3353174497165,
    "xb": 77.97270952401658
}