{
    "dataset": "blobs-P10-K4-N64-dt0.70-S6",
    "algorithm": "kmeans",
    "k": 25,
    "n": 64,
    "d": 10,
    "k_true": 4,
    "rand_score": 0.7475198412698413,
    "adjusted_rand_score": 0.06327228113224082,
    "accuracy": 0.25,
    "f1_score": 0.057444093325100185,
    "precision": 0.11740259740259741,
    "recall": 0.04,
    "sigui": 0.3076856661794902,
    "sse": 166.68360704560055,
    "sc": 0.05594121019323204,
    "ch": 4.614365816672551,
    "db": 0.9457885801853585,
    "bic": -1267.9597037545698,
    "xb": 53.49924284722243
}