{
    "dataset": "blobs-P2-K2-N64-dt0.50-S4",
    "algorithm": "kmeans",
    "k": 32,
    "n": 64,
    "d": 2,
    "k_true": 2,
    "rand_score": 0.5168650793650794,
    "adjusted_rand_score": 0.01889869531849578,
    "accuracy": 0.109375,
    "f1_score": 0.012301587301587301,
    "precision": 0.0625,
    "recall": 0.0068359375,
    "sigui": 0.06911074478335642,
    "sse": 1.905665644863578,
    "sc": 0.2573564425068329,
    "ch": 68.30258701399885,
    "db": 0.5139889268852451,
    "bic": -338.3366881208999,
    "xb": 68.42120476806903
}