{
    "dataset": "blobs-P2-K32-N64-dt0.80-S7",
    "algorithm": "kmeans",
    "k": 16,
    "n": 64,
    "d": 2,
    "k_true": 32,
    "rand_score": 0.9508928571428571,
    "adjusted_rand_score": 0.35307540711544444,
    "accuracy": 0.5,
    "f1_score": 0.3678571428571428,
    "precision": 0.31718749999999996,
    "recall": 0.5,
    "sigui": 0.11808113701555405,
    "sse": 3.7021269901248157,
    "sc": 0.5148802863822668,
    "ch": 107.43910046645657,
    "db": 0.5159837180378064,
    "bic": -227.32355587593318,
    "xb": 28.176171584842148
}