{
    "dataset": "blobs-P2-K8-N64-dt0.40-S3",
    "algorithm": "kmeans",
    "k": 32,
    "n": 64,
    "d": 2,
    "k_true": 8,
    "rand_score": 0.9097222222222222,
    "adjusted_rand_score": 0.29518072289156627,
    "accuracy": 0.375,
    "f1_score": 0.13484848484848483,
    "precision": 0.25,
    "recall": 0.09375,
    "sigui": 0.0345898127667799,
    "sse": 0.33398805222016337,
    "sc": 0.38219625071115937,
    "ch": 394.5777985819583,
    "db": 0.43161253588834425,
    "bic": -228.79141937056315,
    "xb": 84.91808373108995
}