{
    "dataset": "blobs-P10-K4-N1024-dt0.20-S1",
    "algorithm": "kmeans",
    "k": 3,
    "n": 1024,
    "d": 10,
    "k_true": 4,
    "rand_score": 0.8610302877565983,
    "adjusted_rand_score": 0.6775965142304274,
    "accuracy": 0.7470703125,
    "f1_score": 0.6578474184471277,
    "precision": 0.6058581779575576,
    "recall": 0.7470703125,
    "sigui": 0.45773825205245966,
    "sse": 5011.403183945002,
    "sc": 0.3204226245438775,
    "ch": 532.625010725014,
    "db": 1.240267205313382,
    "bic": -12067.116946794798,
    "xb": 476.49161418295546
}