{
    "dataset": "blobs-P10-K32-N64-dt0.70-S6",
    "algorithm": "kmeans",
    "k": 20,
    "n": 64,
    "d": 10,
    "k_true": 32,
    "rand_score": 0.9305555555555556,
    "adjusted_rand_score": 0.029916410030796304,
    "accuracy": 0.375,
    "f1_score": 0.3166418650793651,
    "precision": 0.3521577380952381,
    "recall": 0.375,
    "sigui": 0.3779969084642349,
    "sse": 258.7812489100019,
    "sc": 0.03654255345210082,
    "ch": 3.4114618994372505,
    "db": 1.3095687900052588,
    "bic": -1273.2661875219505,
    "xb": 60.75501105119924
}