{
    "dataset": "blobs-P10-K32-N128-dt0.80-S7",
    "algorithm": "kmeans",
    "k": 50,
    "n": 128,
    "d": 10,
    "k_true": 32,
    "rand_score": 0.9596456692913385,
    "adjusted_rand_score": 0.09289665084273332,
    "accuracy": 0.390625,
    "f1_score": 0.2718600288600288,
    "precision": 0.3563809523809524,
    "recall": 0.25,
    "sigui": 0.301200314470933,
    "sse": 303.1422747214319,
    "sc": 0.06523663746868003,
    "ch": 5.129598018279922,
    "db": 1.034578303906998,
    "bic": -2769.058747990649,
    "xb": 90.87501487425601
}