{
    "dataset": "blobs-P10-K16-N128-dt0.10-S0",
    "algorithm": "kmeans",
    "k": 8,
    "n": 128,
    "d": 10,
    "k_true": 16,
    "rand_score": 0.9212598425196851,
    "adjusted_rand_score": 0.5480427046263345,
    "accuracy": 0.5,
    "f1_score": 0.35416666666666663,
    "precision": 0.29166666666666663,
    "recall": 0.5,
    "sigui": 0.3691047597752004,
    "sse": 380.8927062716265,
    "sc": 0.40672060471463134,
    "ch": 40.46616708248209,
    "db": 1.0691115062774905,
    "bic": -1513.0893700165623,
    "xb": 48.86721759679248
}