{
    "dataset": "blobs-P5-K2-N1024-dt0.50-S4",
    "algorithm": "kmeans",
    "k": 3,
    "n": 1024,
    "d": 5,
    "k_true": 2,
    "rand_score": 0.6476871792521994,
    "adjusted_rand_score": 0.2951491762932368,
    "accuracy": 0.6123046875,
    "f1_score": 0.47664631890492054,
    "precision": 0.574445566572816,
    "recall": 0.408203125,
    "sigui": 0.5075561843381375,
    "sse": 3774.6285415121065,
    "sc": 0.14411855774856636,
    "ch": 181.96967058671086,
    "db": 1.9583329320830607,
    "bic": -7665.950030540132,
    "xb": 1101.5065644264778
}