{
    "dataset": "blobs-P2-K16-N64-dt0.20-S1",
    "algorithm": "kmeans",
    "k": 32,
    "n": 64,
    "d": 2,
    "k_true": 16,
    "rand_score": 0.9742063492063492,
    "adjusted_rand_score": 0.6221453287197232,
    "accuracy": 0.65625,
    "f1_score": 0.38690476190476186,
    "precision": 0.5,
    "recall": 0.328125,
    "sigui": 0.012679773720896338,
    "sse": 0.04223178028340208,
    "sc": 0.5002958009434436,
    "ch": 3127.6313069425637,
    "db": 0.34706722346842844,
    "bic": -95.76416270226025,
    "xb": 132.62069721431632
}