{
    "dataset": "blobs-P5-K4-N1024-dt0.80-S7",
    "algorithm": "kmeans",
    "k": 32,
    "n": 1024,
    "d": 5,
    "k_true": 4,
    "rand_score": 0.7455095307917888,
    "adjusted_rand_score": 0.04216716737283073,
    "accuracy": 0.1103515625,
    "f1_score": 0.023824760410729333,
    "precision": 0.08978207236842106,
    "recall": 0.0137939453125,
    "sigui": 0.36436463265073166,
    "sse": 1467.1153654813008,
    "sc": 0.14556450380089986,
    "ch": 79.67492608616412,
    "db": 1.4264291916927274,
    "bic": -8242.322216190625,
    "xb": 870.4668281088476
}