{
    "dataset": "blobs-P2-K32-N64-dt0.90-S8",
    "algorithm": "kmeans",
    "k": 25,
    "n": 64,
    "d": 2,
    "k_true": 32,
    "rand_score": 0.9801587301587301,
    "adjusted_rand_score": 0.5743243243243243,
    "accuracy": 0.734375,
    "f1_score": 0.6626488095238094,
    "precision": 0.6427083333333333,
    "recall": 0.734375,
    "sigui": 0.060422798585159906,
    "sse": 0.8572548463619557,
    "sc": 0.5308421389279498,
    "ch": 241.00996541631315,
    "db": 0.4393765113233051,
    "bic": -224.65561159776036,
    "xb": 33.41761540915574
}