{
    "dataset": "blobs-P5-K4-N128-dt0.40-S3",
    "algorithm": "kmeans",
    "k": 4,
    "n": 128,
    "d": 5,
    "k_true": 4,
    "rand_score": 0.8818897637795275,
    "adjusted_rand_score": 0.6822169744929077,
    "accuracy": 0.8671875,
    "f1_score": 0.8681955266708844,
    "precision": 0.8788030888030888,
    "recall": 0.8671875,
    "sigui": 0.4400445667807641,
    "sse": 299.1569293652408,
    "sc": 0.2631788136763887,
    "ch": 47.09294310112109,
    "db": 1.2860554418933643,
    "bic": -899.237871932699,
    "xb": 70.5143727108863
}