{
    "dataset": "blobs-P10-K16-N1024-dt0.40-S3",
    "algorithm": "kmeans",
    "k": 2,
    "n": 1024,
    "d": 10,
    "k_true": 16,
    "rand_score": 0.5233687683284457,
    "adjusted_rand_score": 0.06795755779519294,
    "accuracy": 0.1240234375,
    "f1_score": 0.0281919807834442,
    "precision": 0.01595233801668444,
    "recall": 0.1240234375,
    "sigui": 0.563173314614835,
    "sse": 9150.21314221677,
    "sc": 0.10444285087477959,
    "ch": 121.72292617829896,
    "db": 2.789620896896173,
    "bic": -14726.000346507484,
    "xb": 1879.074016857193
}