{
    "dataset": "blobs-P5-K8-N128-dt0.80-S7",
    "algorithm": "kmeans",
    "k": 16,
    "n": 128,
    "d": 5,
    "k_true": 8,
    "rand_score": 0.8599901574803149,
    "adjusted_rand_score": 0.16337092180517285,
    "accuracy": 0.3515625,
    "f1_score": 0.2202190742998464,
    "precision": 0.3126680611055611,
    "recall": 0.17578125,
    "sigui": 0.3595663314205844,
    "sse": 191.53663893453083,
    "sc": 0.16404535712131868,
    "ch": 17.48243285418304,
    "db": 1.2953912949086048,
    "bic": -1101.6222124845185,
    "xb": 86.19281714528394
}