{
    "dataset": "blobs-P5-K4-N1024-dt1.00-S9",
    "algorithm": "kmeans",
    "k": 16,
    "n": 1024,
    "d": 5,
    "k_true": 4,
    "rand_score": 0.7305737567204301,
    "adjusted_rand_score": 0.04212142758796036,
    "accuracy": 0.146484375,
    "f1_score": 0.05807119988983941,
    "precision": 0.14138180532470185,
    "recall": 0.03662109375,
    "sigui": 0.399991873476936,
    "sse": 1971.0534625425023,
    "sc": 0.15319109353424254,
    "ch": 107.35843108191753,
    "db": 1.4169850628827496,
    "bic": -7974.056291016515,
    "xb": 778.3490150696472
}