{
    "dataset": "blobs-P10-K4-N128-dt1.00-S9",
    "algorithm": "kmeans",
    "k": 16,
    "n": 128,
    "d": 10,
    "k_true": 4,
    "rand_score": 0.7277312992125984,
    "adjusted_rand_score": 0.022509503587539084,
    "accuracy": 0.203125,
    "f1_score": 0.07427766032417195,
    "precision": 0.1386946386946387,
    "recall": 0.05078125,
    "sigui": 0.45725332896368,
    "sse": 666.1778087362499,
    "sc": 0.07694700288961086,
    "ch": 6.879853448531633,
    "db": 1.7282670826487345,
    "bic": -2172.364329914743,
    "xb": 141.46179542474965
}