{
    "dataset": "blobs-P2-K2-N64-dt1.00-S9",
    "algorithm": "kmeans",
    "k": 8,
    "n": 64,
    "d": 2,
    "k_true": 2,
    "rand_score": 0.5342261904761905,
    "adjusted_rand_score": 0.05724394014247239,
    "accuracy": 0.265625,
    "f1_score": 0.09902597402597402,
    "precision": 0.19583333333333333,
    "recall": 0.06640625,
    "sigui": 0.23122859867206297,
    "sse": 17.020866964836326,
    "sc": 0.36746826448890857,
    "ch": 52.16144783432579,
    "db": 0.8063238937226552,
    "bic": -232.1266215340538,
    "xb": 18.078576281935018
}