{
    "dataset": "blobs-P5-K2-N1024-dt0.60-S5",
    "algorithm": "kmeans",
    "k": 2,
    "n": 1024,
    "d": 5,
    "k_true": 2,
    "rand_score": 0.6169354838709677,
    "adjusted_rand_score": 0.23387079616376408,
    "accuracy": 0.7421875,
    "f1_score": 0.7421393006352659,
    "precision": 0.7423687144013316,
    "recall": 0.7421875,
    "sigui": 0.5271653568672999,
    "sse": 4271.297868615231,
    "sc": 0.15730515359246122,
    "ch": 203.07026223774974,
    "db": 2.129515097901467,
    "bic": -7551.992891498992,
    "xb": 1119.6766391735844
}