{
    "dataset": "blobs-P5-K4-N128-dt0.30-S2",
    "algorithm": "kmeans",
    "k": 10,
    "n": 128,
    "d": 5,
    "k_true": 4,
    "rand_score": 0.8395669291338582,
    "adjusted_rand_score": 0.45703719246708285,
    "accuracy": 0.46875,
    "f1_score": 0.2527932643076573,
    "precision": 0.39473684210526316,
    "recall": 0.1875,
    "sigui": 0.31393504051832427,
    "sse": 143.1973021763517,
    "sc": 0.21527405860672236,
    "ch": 45.487137484223524,
    "db": 1.4662065234958315,
    "bic": -865.57760622096,
    "xb": 130.26303218795945
}