{
    "dataset": "blobs-P2-K4-N64-dt0.80-S7",
    "algorithm": "kmeans",
    "k": 3,
    "n": 64,
    "d": 2,
    "k_true": 4,
    "rand_score": 0.8253968253968254,
    "adjusted_rand_score": 0.5737024221453287,
    "accuracy": 0.734375,
    "f1_score": 0.6326625386996905,
    "precision": 0.5593434343434343,
    "recall": 0.734375,
    "sigui": 0.3289566089926159,
    "sse": 34.99509653824244,
    "sc": 0.47567204447531863,
    "ch": 81.05848636490347,
    "db": 0.7234614411995294,
    "bic": -187.28066803014886,
    "xb": 11.629337008712948
}