{
    "dataset": "blobs-P5-K32-N64-dt0.20-S1",
    "algorithm": "kmeans",
    "k": 25,
    "n": 64,
    "d": 5,
    "k_true": 32,
    "rand_score": 0.9836309523809523,
    "adjusted_rand_score": 0.6451612903225806,
    "accuracy": 0.78125,
    "f1_score": 0.7114583333333333,
    "precision": 0.6770833333333333,
    "recall": 0.78125,
    "sigui": 0.14604396514838375,
    "sse": 13.699199748220826,
    "sc": 0.5669316006251983,
    "ch": 36.33342162733154,
    "db": 0.5080375475693223,
    "bic": -480.2628979911368,
    "xb": 15.63925950290979
}