{
    "dataset": "blobs-P10-K32-N128-dt0.90-S8",
    "algorithm": "kmeans",
    "k": 25,
    "n": 128,
    "d": 10,
    "k_true": 32,
    "rand_score": 0.937253937007874,
    "adjusted_rand_score": 0.05679335954565312,
    "accuracy": 0.3203125,
    "f1_score": 0.2832069992915581,
    "precision": 0.3114157543845044,
    "recall": 0.3203125,
    "sigui": 0.4131465557031654,
    "sse": 524.3899121070683,
    "sc": 0.09567096390794672,
    "ch": 6.183998876288557,
    "db": 1.4426315403083232,
    "bic": -2318.9156928166644,
    "xb": 104.22085037562144
}