{
    "dataset": "blobs-P5-K8-N1024-dt1.00-S9",
    "algorithm": "kmeans",
    "k": 10,
    "n": 1024,
    "d": 5,
    "k_true": 8,
    "rand_score": 0.818401377688172,
    "adjusted_rand_score": 0.09892949372455948,
    "accuracy": 0.31640625,
    "f1_score": 0.27837052983514193,
    "precision": 0.31512694574091926,
    "recall": 0.253125,
    "sigui": 0.43505056100806844,
    "sse": 2417.2215425525583,
    "sc": 0.14398726229919814,
    "ch": 125.97647099302128,
    "db": 1.4996376571065884,
    "bic": -7891.336630022243,
    "xb": 731.7354403212797
}