{
    "dataset": "blobs-P5-K8-N64-dt0.50-S4",
    "algorithm": "kmeans",
    "k": 8,
    "n": 64,
    "d": 5,
    "k_true": 8,
    "rand_score": 0.8720238095238095,
    "adjusted_rand_score": 0.42410714285714285,
    "accuracy": 0.625,
    "f1_score": 0.5792580409356725,
    "precision": 0.6645614801864801,
    "recall": 0.625,
    "sigui": 0.3873902273594493,
    "sse": 107.8724124165173,
    "sc": 0.21077762074768291,
    "ch": 15.731739586163332,
    "db": 1.0721777174323726,
    "bic": -504.63375169831943,
    "xb": 30.811125599651607
}