{
    "dataset": "blobs-P10-K2-N1024-dt0.40-S3",
    "algorithm": "kmeans",
    "k": 2,
    "n": 1024,
    "d": 10,
    "k_true": 2,
    "rand_score": 0.8362964320625611,
    "adjusted_rand_score": 0.6725927272529649,
    "accuracy": 0.91015625,
    "f1_score": 0.9101439101439102,
    "precision": 0.9103816793893129,
    "recall": 0.91015625,
    "sigui": 0.5476796774802886,
    "sse": 8655.635031636157,
    "sc": 0.14240750753450698,
    "ch": 187.07131155017788,
    "db": 2.2772688754079433,
    "bic": -14455.061747811716,
    "xb": 1294.292268448877
}