{
    "dataset": "blobs-P5-K16-N128-dt0.60-S5",
    "algorithm": "kmeans",
    "k": 25,
    "n": 128,
    "d": 5,
    "k_true": 16,
    "rand_score": 0.9334399606299213,
    "adjusted_rand_score": 0.2535012331728941,
    "accuracy": 0.46875,
    "f1_score": 0.3534954457307398,
    "precision": 0.4599365079365079,
    "recall": 0.3,
    "sigui": 0.3044404451970268,
    "sse": 128.8452462444603,
    "sc": 0.18392424003861943,
    "ch": 17.025896431124075,
    "db": 1.2149729092912513,
    "bic": -1168.1524616426432,
    "xb": 86.0042405139573
}