{
    "dataset": "blobs-P5-K4-N64-dt0.10-S0",
    "algorithm": "kmeans",
    "k": 8,
    "n": 64,
    "d": 5,
    "k_true": 4,
    "rand_score": 0.9072420634920635,
    "adjusted_rand_score": 0.704803427798241,
    "accuracy": 0.734375,
    "f1_score": 0.42104332449160037,
    "precision": 0.5,
    "recall": 0.3671875,
    "sigui": 0.20850740720997885,
    "sse": 31.471272182592035,
    "sc": 0.48320318787648653,
    "ch": 73.34402655053883,
    "db": 0.6374605322234833,
    "bic": -307.8016361560595,
    "xb": 15.106524407133811
}