{
    "dataset": "blobs-P5-K4-N128-dt0.60-S5",
    "algorithm": "kmeans",
    "k": 10,
    "n": 128,
    "d": 5,
    "k_true": 4,
    "rand_score": 0.8026574803149606,
    "adjusted_rand_score": 0.3391639470832874,
    "accuracy": 0.46875,
    "f1_score": 0.24657488527325827,
    "precision": 0.36599190283400806,
    "recall": 0.1875,
    "sigui": 0.3572993503678358,
    "sse": 177.47478783671372,
    "sc": 0.18358806373443032,
    "ch": 34.169470054205625,
    "db": 1.437836302064588,
    "bic": -929.01653034182,
    "xb": 111.08018895654344
}