{
    "dataset": "blobs-P2-K4-N64-dt0.70-S6",
    "algorithm": "kmeans",
    "k": 20,
    "n": 64,
    "d": 2,
    "k_true": 4,
    "rand_score": 0.7648809523809523,
    "adjusted_rand_score": 0.11661341853035144,
    "accuracy": 0.265625,
    "f1_score": 0.07756446452098627,
    "precision": 0.14523809523809525,
    "recall": 0.053125,
    "sigui": 0.11493583186495371,
    "sse": 3.0373446186777486,
    "sc": 0.41179214784885343,
    "ch": 95.27638061092749,
    "db": 0.598700395063646,
    "bic": -251.3254434601767,
    "xb": 45.374542678024625
}