{
    "dataset": "blobs-P10-K2-N128-dt0.60-S5",
    "algorithm": "kmeans",
    "k": 20,
    "n": 128,
    "d": 10,
    "k_true": 2,
    "rand_score": 0.5174704724409449,
    "adjusted_rand_score": 0.028139609300002342,
    "accuracy": 0.140625,
    "f1_score": 0.024292237442922374,
    "precision": 0.0898989898989899,
    "recall": 0.0140625,
    "sigui": 0.4412740007034398,
    "sse": 616.8484657401069,
    "sc": 0.06861266879736727,
    "ch": 6.110889693240687,
    "db": 1.5845558752462154,
    "bic": -2255.9705516042673,
    "xb": 134.82164311582284
}