{
    "dataset": "blobs-P5-K4-N128-dt0.40-S3",
    "algorithm": "kmeans",
    "k": 25,
    "n": 128,
    "d": 5,
    "k_true": 4,
    "rand_score": 0.7695620078740157,
    "adjusted_rand_score": 0.13433145427482776,
    "accuracy": 0.21875,
    "f1_score": 0.05589498221077168,
    "precision": 0.14666666666666667,
    "recall": 0.035,
    "sigui": 0.27904159007042234,
    "sse": 109.09599635945418,
    "sc": 0.2030509291086687,
    "ch": 20.884937043123298,
    "db": 1.0748453608725517,
    "bic": -1107.9569065882345,
    "xb": 77.90777486667818
}