{
    "dataset": "blobs-P10-K16-N128-dt0.50-S4",
    "algorithm": "kmeans",
    "k": 25,
    "n": 128,
    "d": 10,
    "k_true": 16,
    "rand_score": 0.9199064960629921,
    "adjusted_rand_score": 0.1946600948753665,
    "accuracy": 0.390625,
    "f1_score": 0.2637591036414566,
    "precision": 0.33443223443223447,
    "recall": 0.25,
    "sigui": 0.40332818713088037,
    "sse": 496.54791162418735,
    "sc": 0.09818087150417404,
    "ch": 6.771381238146526,
    "db": 1.3817704129813095,
    "bic": -2275.690633998398,
    "xb": 115.0777955718289
}