{
    "dataset": "blobs-P5-K2-N1024-dt0.20-S1",
    "algorithm": "kmeans",
    "k": 4,
    "n": 1024,
    "d": 5,
    "k_true": 2,
    "rand_score": 0.7891942357038123,
    "adjusted_rand_score": 0.5782331799915106,
    "accuracy": 0.6416015625,
    "f1_score": 0.3684511236043437,
    "precision": 0.4807692307692308,
    "recall": 0.32080078125,
    "sigui": 0.4577156940462509,
    "sse": 2976.153053296895,
    "sc": 0.20281125017005464,
    "ch": 244.91615478968495,
    "db": 1.552461439400233,
    "bic": -7266.957679620397,
    "xb": 868.2271970412463
}