{
    "dataset": "blobs-P5-K8-N128-dt0.70-S6",
    "algorithm": "kmeans",
    "k": 8,
    "n": 128,
    "d": 5,
    "k_true": 8,
    "rand_score": 0.8843503937007874,
    "adjusted_rand_score": 0.46972389040901175,
    "accuracy": 0.65625,
    "f1_score": 0.6367433280962933,
    "precision": 0.6421020156314274,
    "recall": 0.65625,
    "sigui": 0.38347435349529224,
    "sse": 204.23999847087688,
    "sc": 0.23280700724487863,
    "ch": 36.575457847205975,
    "db": 1.2439728587227887,
    "bic": -919.7541787911058,
    "xb": 61.32354083165635
}