{
    "dataset": "blobs-P5-K32-N1024-dt0.70-S6",
    "algorithm": "kmeans",
    "k": 10,
    "n": 1024,
    "d": 5,
    "k_true": 32,
    "rand_score": 0.9086326979472141,
    "adjusted_rand_score": 0.33064219436895276,
    "accuracy": 0.30859375,
    "f1_score": 0.16278278523906378,
    "precision": 0.11934256489641616,
    "recall": 0.30859375,
    "sigui": 0.3755522328945777,
    "sse": 1627.0196212664337,
    "sc": 0.27340106097355543,
    "ch": 241.87935465563564,
    "db": 1.1579513491618743,
    "bic": -6819.200843235898,
    "xb": 496.80262849316813
}