{
    "dataset": "blobs-P5-K2-N64-dt0.10-S0",
    "algorithm": "kmeans",
    "k": 32,
    "n": 64,
    "d": 5,
    "k_true": 2,
    "rand_score": 0.5357142857142857,
    "adjusted_rand_score": 0.05729632945389436,
    "accuracy": 0.140625,
    "f1_score": 0.01539039039039039,
    "precision": 0.0625,
    "recall": 0.0087890625,
    "sigui": 0.11068589762416214,
    "sse": 10.816153597069917,
    "sc": 0.16899891664266875,
    "ch": 29.507487666780197,
    "db": 0.6512765270752775,
    "bic": -552.872230763005,
    "xb": 40.519778714684215
}