{
    "dataset": "blobs-P5-K32-N1024-dt0.10-S0",
    "algorithm": "kmeans",
    "k": 50,
    "n": 1024,
    "d": 5,
    "k_true": 32,
    "rand_score": 0.992674349340176,
    "adjusted_rand_score": 0.8588175871177361,
    "accuracy": 0.8046875,
    "f1_score": 0.5615462786824131,
    "precision": 0.64,
    "recall": 0.515,
    "sigui": 0.04157644210992546,
    "sse": 12.237347409272582,
    "sc": 0.5249176042893744,
    "ch": 8296.717362953646,
    "db": 1.1697574794821217,
    "bic": 3252.807067349824,
    "xb": 710.4993993612031
}