{
    "dataset": "blobs-P2-K2-N1024-dt0.90-S8",
    "algorithm": "kmeans",
    "k": 25,
    "n": 1024,
    "d": 2,
    "k_true": 2,
    "rand_score": 0.5097522605083089,
    "adjusted_rand_score": 0.018643139620006504,
    "accuracy": 0.1064453125,
    "f1_score": 0.014880248399532508,
    "precision": 0.05909584086799276,
    "recall": 0.008515625,
    "sigui": 0.1840600434243176,
    "sse": 133.5213110084568,
    "sc": 0.33565114042841393,
    "ch": 596.8348784728882,
    "db": 0.8342975283270632,
    "bic": -3505.137222565129,
    "xb": 416.0157193277212
}