{
    "dataset": "blobs-P10-K2-N64-dt0.10-S0",
    "algorithm": "kmeans",
    "k": 2,
    "n": 64,
    "d": 10,
    "k_true": 2,
    "rand_score": 1.0,
    "adjusted_rand_score": 1.0,
    "accuracy": 1.0,
    "f1_score": 1.0,
    "precision": 1.0,
    "recall": 1.0,
    "sigui": 0.45860153499280554,
    "sse": 322.9421903160505,
    "sc": 0.42512351992016906,
    "ch": 60.870288212162,
    "db": 0.9715528953406124,
    "bic": -779.5110273047349,
    "xb": 16.87125394732994
}