{
    "dataset": "blobs-P2-K32-N1024-dt0.20-S1",
    "algorithm": "kmeans",
    "k": 3,
    "n": 1024,
    "d": 2,
    "k_true": 32,
    "rand_score": 0.6109481915933529,
    "adjusted_rand_score": 0.08294930875576037,
    "accuracy": 0.09375,
    "f1_score": 0.019956140350877193,
    "precision": 0.011458333333333333,
    "recall": 0.09375,
    "sigui": 0.3216572398699895,
    "sse": 654.5449712025289,
    "sc": 0.5230375830565825,
    "ch": 1086.7989572881484,
    "db": 0.6908530972250172,
    "bic": -2762.875848906088,
    "xb": 150.8316888645661
}