{
    "dataset": "blobs-P5-K2-N64-dt0.40-S3",
    "algorithm": "kmeans",
    "k": 50,
    "n": 64,
    "d": 5,
    "k_true": 2,
    "rand_score": 0.5124007936507936,
    "adjusted_rand_score": 0.009342056852174747,
    "accuracy": 0.078125,
    "f1_score": 0.005714285714285714,
    "precision": 0.03333333333333333,
    "recall": 0.003125,
    "sigui": 0.06905073837436362,
    "sse": 6.6767937495207805,
    "sc": 0.09110902348526698,
    "ch": 13.407770170823497,
    "db": 0.3816735723661131,
    "bic": -822.1062694025197,
    "xb": 28.812440553673635
}