{
    "dataset": "blobs-P5-K16-N64-dt0.10-S0",
    "algorithm": "kmeans",
    "k": 4,
    "n": 64,
    "d": 5,
    "k_true": 16,
    "rand_score": 0.7698412698412699,
    "adjusted_rand_score": 0.23008849557522124,
    "accuracy": 0.25,
    "f1_score": 0.11160714285714285,
    "precision": 0.075,
    "recall": 0.25,
    "sigui": 0.4382362992512575,
    "sse": 151.48959804121327,
    "sc": 0.3452484224709217,
    "ch": 22.247125101347603,
    "db": 1.1703346008814202,
    "bic": -468.1706135332346,
    "xb": 25.049539261889056
}