{
    "dataset": "blobs-P2-K8-N64-dt0.20-S1",
    "algorithm": "kmeans",
    "k": 4,
    "n": 64,
    "d": 2,
    "k_true": 8,
    "rand_score": 0.8412698412698413,
    "adjusted_rand_score": 0.5054945054945055,
    "accuracy": 0.5,
    "f1_score": 0.35416666666666663,
    "precision": 0.29166666666666663,
    "recall": 0.5,
    "sigui": 0.28139828909467796,
    "sse": 22.739848314295408,
    "sc": 0.5051688137435674,
    "ch": 92.57770784647913,
    "db": 0.7136247711514547,
    "bic": -180.65841751719518,
    "xb": 14.030701754589888
}