{
    "dataset": "blobs-P5-K16-N64-dt0.90-S8",
    "algorithm": "kmeans",
    "k": 4,
    "n": 64,
    "d": 5,
    "k_true": 16,
    "rand_score": 0.7668650793650794,
    "adjusted_rand_score": 0.12855377008652658,
    "accuracy": 0.234375,
    "f1_score": 0.0939232672474024,
    "precision": 0.058953520679526875,
    "recall": 0.234375,
    "sigui": 0.48454003663860334,
    "sse": 201.18264457790443,
    "sc": 0.149289770545702,
    "ch": 11.81188920857292,
    "db": 1.6191500560379302,
    "bic": -518.1302948914839,
    "xb": 46.67006310315137
}