{
    "dataset": "blobs-P10-K32-N1024-dt0.30-S2",
    "algorithm": "kmeans",
    "k": 10,
    "n": 1024,
    "d": 10,
    "k_true": 32,
    "rand_score": 0.9142706042277615,
    "adjusted_rand_score": 0.3621483107335902,
    "accuracy": 0.3125,
    "f1_score": 0.16273678709047873,
    "precision": 0.11809065991941337,
    "recall": 0.3125,
    "sigui": 0.45658989625180435,
    "sse": 5077.045832837058,
    "sc": 0.20495736901636435,
    "ch": 114.5730913841236,
    "db": 1.5531583765506674,
    "bic": -13610.280854397977,
    "xb": 782.9806052251303
}