{
    "dataset": "blobs-P2-K16-N128-dt0.30-S2",
    "algorithm": "kmeans",
    "k": 8,
    "n": 128,
    "d": 2,
    "k_true": 16,
    "rand_score": 0.9291338582677166,
    "adjusted_rand_score": 0.5761957730812013,
    "accuracy": 0.5,
    "f1_score": 0.34375,
    "precision": 0.2708333333333333,
    "recall": 0.5,
    "sigui": 0.166621161499851,
    "sse": 13.100877524158427,
    "sc": 0.608559944317875,
    "ch": 317.84015605444705,
    "db": 0.637923580893659,
    "bic": -303.23631712575417,
    "xb": 33.521339881744716
}