{
    "dataset": "blobs-P5-K8-N1024-dt0.30-S2",
    "algorithm": "kmeans",
    "k": 16,
    "n": 1024,
    "d": 5,
    "k_true": 8,
    "rand_score": 0.9390350073313783,
    "adjusted_rand_score": 0.6538741828997819,
    "accuracy": 0.591796875,
    "f1_score": 0.36077463875699134,
    "precision": 0.4886754845230873,
    "recall": 0.2958984375,
    "sigui": 0.28002104953711215,
    "sse": 799.4334640729696,
    "sc": 0.20663030020269735,
    "ch": 363.18478555433006,
    "db": 1.7200941603577358,
    "bic": -5627.525380212034,
    "xb": 1199.9009998695053
}