{
    "dataset": "blobs-P2-K16-N128-dt0.70-S6",
    "algorithm": "kmeans",
    "k": 16,
    "n": 128,
    "d": 2,
    "k_true": 16,
    "rand_score": 0.9655511811023622,
    "adjusted_rand_score": 0.7012919375703509,
    "accuracy": 0.78125,
    "f1_score": 0.7469036467488479,
    "precision": 0.7409139471639472,
    "recall": 0.78125,
    "sigui": 0.09867408080910264,
    "sse": 5.151688432754627,
    "sc": 0.48451645299576296,
    "ch": 363.57026454863956,
    "db": 0.6274973875055763,
    "bic": -321.2722928253975,
    "xb": 53.5647284409746
}