{
    "dataset": "blobs-P5-K2-N128-dt0.40-S3",
    "algorithm": "kmeans",
    "k": 32,
    "n": 128,
    "d": 5,
    "k_true": 2,
    "rand_score": 0.5238681102362205,
    "adjusted_rand_score": 0.04070686606316825,
    "accuracy": 0.125,
    "f1_score": 0.013867451283040708,
    "precision": 0.0625,
    "recall": 0.0078125,
    "sigui": 0.28702639789578555,
    "sse": 117.99142131201187,
    "sc": 0.13331516401694554,
    "ch": 13.700510404202292,
    "db": 1.038625527607287,
    "bic": -1265.2012184985228,
    "xb": 108.05188906974593
}