{
    "dataset": "blobs-P5-K16-N1024-dt0.10-S0",
    "algorithm": "kmeans",
    "k": 8,
    "n": 1024,
    "d": 5,
    "k_true": 16,
    "rand_score": 0.8670576735092864,
    "adjusted_rand_score": 0.42734367282426156,
    "accuracy": 0.5,
    "f1_score": 0.4,
    "precision": 0.371875,
    "recall": 0.5,
    "sigui": 0.2794447321871603,
    "sse": 1354.1890274080386,
    "sc": 0.5031019661159222,
    "ch": 403.6220593723848,
    "db": 0.7244564528953998,
    "bic": -5907.21940248833,
    "xb": 394.44765194811396
}