{
    "dataset": "blobs-P5-K8-N1024-dt1.00-S9",
    "algorithm": "kmeans",
    "k": 3,
    "n": 1024,
    "d": 5,
    "k_true": 8,
    "rand_score": 0.6640625,
    "adjusted_rand_score": 0.10465099228391085,
    "accuracy": 0.2939453125,
    "f1_score": 0.16065072853028622,
    "precision": 0.11065820229494264,
    "recall": 0.2939453125,
    "sigui": 0.5127621093401245,
    "sse": 3723.680092167716,
    "sc": 0.1529557027466752,
    "ch": 191.42925689231694,
    "db": 1.8536197689741691,
    "bic": -7635.10638120385,
    "xb": 915.706429462273
}