{
    "dataset": "blobs-P2-K4-N128-dt0.60-S5",
    "algorithm": "kmeans",
    "k": 16,
    "n": 128,
    "d": 2,
    "k_true": 4,
    "rand_score": 0.7796505905511811,
    "adjusted_rand_score": 0.21069288240050246,
    "accuracy": 0.3203125,
    "f1_score": 0.11595379258422736,
    "precision": 0.21220238095238098,
    "recall": 0.080078125,
    "sigui": 0.1655903078686972,
    "sse": 13.22135440362259,
    "sc": 0.36024687093127294,
    "ch": 137.10752810288992,
    "db": 0.7894781029437326,
    "bic": -442.32125144759675,
    "xb": 49.686348885758164
}