{
    "dataset": "blobs-P5-K32-N64-dt1.00-S9",
    "algorithm": "kmeans",
    "k": 32,
    "n": 64,
    "d": 5,
    "k_true": 32,
    "rand_score": 0.9627976190476191,
    "adjusted_rand_score": 0.12027555390057718,
    "accuracy": 0.546875,
    "f1_score": 0.5552083333333333,
    "precision": 0.6536458333333333,
    "recall": 0.546875,
    "sigui": 0.18780409156062872,
    "sse": 28.918705465631657,
    "sc": 0.16667911559448853,
    "ch": 10.390195856795533,
    "db": 0.6643404387594649,
    "bic": -711.3396146919283,
    "xb": 28.307615829098193
}