{
    "dataset": "blobs-P5-K32-N128-dt0.70-S6",
    "algorithm": "kmeans",
    "k": 4,
    "n": 128,
    "d": 5,
    "k_true": 32,
    "rand_score": 0.7730068897637795,
    "adjusted_rand_score": 0.11918607929449179,
    "accuracy": 0.125,
    "f1_score": 0.027917902530905626,
    "precision": 0.015724910653916742,
    "recall": 0.125,
    "sigui": 0.4572225198060962,
    "sse": 345.3861796463381,
    "sc": 0.23153799946156317,
    "ch": 35.25726262050742,
    "db": 1.435645353005039,
    "bic": -946.1659334570157,
    "xb": 70.54347186102979
}