{
    "dataset": "blobs-P2-K2-N128-dt1.00-S9",
    "algorithm": "kmeans",
    "k": 16,
    "n": 128,
    "d": 2,
    "k_true": 2,
    "rand_score": 0.5103346456692913,
    "adjusted_rand_score": 0.013882819328255712,
    "accuracy": 0.125,
    "f1_score": 0.026500526500526502,
    "precision": 0.08846153846153847,
    "recall": 0.015625,
    "sigui": 0.17304579953450266,
    "sse": 17.071212373904913,
    "sc": 0.35155390466511355,
    "ch": 104.50351007300874,
    "db": 0.7484043454660276,
    "bic": -480.61217553599613,
    "xb": 52.5944912333577
}