{
    "dataset": "blobs-P2-K8-N128-dt0.60-S5",
    "algorithm": "kmeans",
    "k": 50,
    "n": 128,
    "d": 2,
    "k_true": 8,
    "rand_score": 0.8960383858267716,
    "adjusted_rand_score": 0.20970461959923706,
    "accuracy": 0.265625,
    "f1_score": 0.06642788790157211,
    "precision": 0.16,
    "recall": 0.0425,
    "sigui": 0.04617754474769162,
    "sse": 1.1039888857417957,
    "sc": 0.35946999989154915,
    "ch": 367.5334410146531,
    "db": 0.5377191497095013,
    "bic": -527.1432015693406,
    "xb": 92.38147951756324
}