{
    "dataset": "blobs-P2-K4-N1024-dt1.00-S9",
    "algorithm": "kmeans",
    "k": 20,
    "n": 1024,
    "d": 2,
    "k_true": 4,
    "rand_score": 0.7455114400048876,
    "adjusted_rand_score": 0.08292347088171337,
    "accuracy": 0.1865234375,
    "f1_score": 0.057721330142739634,
    "precision": 0.13013691683569978,
    "recall": 0.0373046875,
    "sigui": 0.19212218983294063,
    "sse": 144.0905526947501,
    "sc": 0.3406846981724282,
    "ch": 698.2177633751993,
    "db": 0.8155637271541432,
    "bic": -3390.5911696758144,
    "xb": 286.281509688802
}