{
    "dataset": "blobs-P2-K4-N128-dt1.00-S9",
    "algorithm": "kmeans",
    "k": 10,
    "n": 128,
    "d": 2,
    "k_true": 4,
    "rand_score": 0.7402805118110236,
    "adjusted_rand_score": 0.14132847355896266,
    "accuracy": 0.3125,
    "f1_score": 0.157526395173454,
    "precision": 0.21321637426900586,
    "recall": 0.125,
    "sigui": 0.2259249322078205,
    "sse": 34.999024562661035,
    "sc": 0.33640723728987787,
    "ch": 82.78997431586079,
    "db": 0.9417823990784097,
    "bic": -461.93597092097775,
    "xb": 47.927435126908435
}