{
    "dataset": "blobs-P10-K2-N64-dt0.70-S6",
    "algorithm": "kmeans",
    "k": 32,
    "n": 64,
    "d": 10,
    "k_true": 2,
    "rand_score": 0.5114087301587301,
    "adjusted_rand_score": 0.008119815226251938,
    "accuracy": 0.125,
    "f1_score": 0.013291251778093883,
    "precision": 0.04479166666666667,
    "recall": 0.0078125,
    "sigui": 0.24382016181344313,
    "sse": 111.25881836946026,
    "sc": 0.0822552786885552,
    "ch": 4.905654731721738,
    "db": 0.8182595002950448,
    "bic": -1349.01899367558,
    "xb": 37.83887433800563
}