{
    "dataset": "blobs-P10-K32-N1024-dt0.10-S0",
    "algorithm": "kmeans",
    "k": 25,
    "n": 1024,
    "d": 10,
    "k_true": 32,
    "rand_score": 0.9843597262952102,
    "adjusted_rand_score": 0.7870967741935484,
    "accuracy": 0.78125,
    "f1_score": 0.7135416666666666,
    "precision": 0.6822916666666667,
    "recall": 0.78125,
    "sigui": 0.25320012102207645,
    "sse": 1361.08736140941,
    "sc": 0.5462166452656515,
    "ch": 271.5363826452897,
    "db": 0.7952737060758721,
    "bic": -8373.948148838088,
    "xb": 208.01633943511155
}