{
    "dataset": "blobs-P5-K4-N64-dt0.10-S0",
    "algorithm": "kmeans",
    "k": 16,
    "n": 64,
    "d": 5,
    "k_true": 4,
    "rand_score": 0.8318452380952381,
    "adjusted_rand_score": 0.38792881093629095,
    "accuracy": 0.453125,
    "f1_score": 0.15546772068511197,
    "precision": 0.25,
    "recall": 0.11328125,
    "sigui": 0.13974127381403406,
    "sse": 12.399614466403325,
    "sc": 0.34239571518784173,
    "ch": 79.38321279056873,
    "db": 0.7216257626553807,
    "bic": -305.2484779544544,
    "xb": 41.54560306176813
}