{
    "dataset": "blobs-P10-K16-N1024-dt0.80-S7",
    "algorithm": "kmeans",
    "k": 8,
    "n": 1024,
    "d": 10,
    "k_true": 16,
    "rand_score": 0.8508656372189638,
    "adjusted_rand_score": 0.1324817998577593,
    "accuracy": 0.2890625,
    "f1_score": 0.19390031783693445,
    "precision": 0.14668920925466084,
    "recall": 0.2890625,
    "sigui": 0.521858976751608,
    "sse": 7238.835713733066,
    "sc": 0.07511291412032728,
    "ch": 60.17508567537988,
    "db": 2.3351683670207524,
    "bic": -15181.520713341175,
    "xb": 1565.4381247966164
}