{
    "dataset": "blobs-P5-K8-N128-dt0.80-S7",
    "algorithm": "kmeans",
    "k": 4,
    "n": 128,
    "d": 5,
    "k_true": 8,
    "rand_score": 0.7602116141732284,
    "adjusted_rand_score": 0.21336113062076725,
    "accuracy": 0.375,
    "f1_score": 0.25104443951493643,
    "precision": 0.1887784090909091,
    "recall": 0.375,
    "sigui": 0.48533218398971684,
    "sse": 376.46925365935084,
    "sc": 0.1750693866451498,
    "ch": 28.933582427255438,
    "db": 1.5493324877566281,
    "bic": -974.053337532702,
    "xb": 91.07289209410061
}