{
    "dataset": "blobs-P2-K4-N1024-dt0.40-S3",
    "algorithm": "kmeans",
    "k": 25,
    "n": 1024,
    "d": 2,
    "k_true": 4,
    "rand_score": 0.7841367302052786,
    "adjusted_rand_score": 0.20399644128731056,
    "accuracy": 0.2275390625,
    "f1_score": 0.0585709442517231,
    "precision": 0.15452326468344776,
    "recall": 0.03640625,
    "sigui": 0.13181646309206713,
    "sse": 68.52484868575358,
    "sc": 0.3206339170651639,
    "ch": 1202.9131164268783,
    "db": 0.8809836877104875,
    "bic": -2923.9755901697204,
    "xb": 347.3006999663774
}