{
    "dataset": "blobs-P10-K4-N128-dt0.20-S1",
    "algorithm": "kmeans",
    "k": 8,
    "n": 128,
    "d": 10,
    "k_true": 4,
    "rand_score": 0.8848425196850394,
    "adjusted_rand_score": 0.6323599453203769,
    "accuracy": 0.6484375,
    "f1_score": 0.3897037644946373,
    "precision": 0.4951923076923077,
    "recall": 0.32421875,
    "sigui": 0.42060863247411506,
    "sse": 509.07390964848076,
    "sc": 0.10889033572254767,
    "ch": 25.960622974615074,
    "db": 2.1077934769736366,
    "bic": -1698.189400138835,
    "xb": 178.5555722106932
}