{
    "dataset": "blobs-P10-K16-N64-dt0.30-S2",
    "algorithm": "kmeans",
    "k": 10,
    "n": 64,
    "d": 10,
    "k_true": 16,
    "rand_score": 0.9171626984126984,
    "adjusted_rand_score": 0.4179253112033195,
    "accuracy": 0.546875,
    "f1_score": 0.4329545454545455,
    "precision": 0.381737012987013,
    "recall": 0.546875,
    "sigui": 0.40829971502583096,
    "sse": 241.7915921130402,
    "sc": 0.1714561048492756,
    "ch": 9.88144553101234,
    "db": 1.3712988904193846,
    "bic": -971.0757997876472,
    "xb": 47.10495514707819
}