{
    "dataset": "blobs-P5-K4-N1024-dt0.90-S8",
    "algorithm": "kmeans",
    "k": 8,
    "n": 1024,
    "d": 5,
    "k_true": 4,
    "rand_score": 0.7184387982649071,
    "adjusted_rand_score": 0.09761266582153831,
    "accuracy": 0.3037109375,
    "f1_score": 0.2036725733222925,
    "precision": 0.31077614317734303,
    "recall": 0.15185546875,
    "sigui": 0.45009140960366745,
    "sse": 2664.042098403529,
    "sc": 0.1375100849369741,
    "ch": 133.80597366456996,
    "db": 1.5554389367916537,
    "bic": -7884.302330047798,
    "xb": 698.2219191109442
}