{
    "dataset": "blobs-P10-K16-N64-dt0.70-S6",
    "algorithm": "kmeans",
    "k": 50,
    "n": 64,
    "d": 10,
    "k_true": 16,
    "rand_score": 0.9439484126984127,
    "adjusted_rand_score": -0.01453612654980761,
    "accuracy": 0.25,
    "f1_score": 0.124,
    "precision": 0.29,
    "recall": 0.08,
    "sigui": 0.10777939129444578,
    "sse": 35.12907874859423,
    "sc": 0.06251097046861279,
    "ch": 4.919578576241574,
    "db": 0.5635733126846475,
    "bic": -1604.5679431859899,
    "xb": 20.339361866246332
}