{
    "dataset": "blobs-P5-K16-N64-dt0.10-S0",
    "algorithm": "kmeans",
    "k": 3,
    "n": 64,
    "d": 5,
    "k_true": 16,
    "rand_score": 0.5873015873015873,
    "adjusted_rand_score": 0.11074918566775244,
    "accuracy": 0.1875,
    "f1_score": 0.07803030303030303,
    "precision": 0.053125,
    "recall": 0.1875,
    "sigui": 0.5050538207874485,
    "sse": 223.39751455358729,
    "sc": 0.23053613341531734,
    "ch": 13.18893727176551,
    "db": 1.4703342224038245,
    "bic": -491.78922316449024,
    "xb": 45.336888825230936
}