{
    "dataset": "blobs-P2-K32-N1024-dt0.40-S3",
    "algorithm": "kmeans",
    "k": 25,
    "n": 1024,
    "d": 2,
    "k_true": 32,
    "rand_score": 0.9859004612658846,
    "adjusted_rand_score": 0.8021330544687215,
    "accuracy": 0.7802734375,
    "f1_score": 0.7059371343591124,
    "precision": 0.6668267496392497,
    "recall": 0.7802734375,
    "sigui": 0.048463433386160014,
    "sse": 9.175521365285674,
    "sc": 0.6926000701308939,
    "ch": 9249.182203885344,
    "db": 0.4083902333674642,
    "bic": -871.1506856528331,
    "xb": 146.80004192125492
}