{
    "dataset": "blobs-P5-K16-N1024-dt0.20-S1",
    "algorithm": "kmeans",
    "k": 4,
    "n": 1024,
    "d": 5,
    "k_true": 16,
    "rand_score": 0.8043762982649071,
    "adjusted_rand_score": 0.31814777246971626,
    "accuracy": 0.25,
    "f1_score": 0.10205984683959232,
    "precision": 0.06456172062094173,
    "recall": 0.25,
    "sigui": 0.4353725754520824,
    "sse": 2286.2660966650624,
    "sc": 0.3808975618804234,
    "ch": 421.4161809682939,
    "db": 1.1234513388915404,
    "bic": -6687.816347104658,
    "xb": 326.985305896816
}