{
    "dataset": "blobs-P10-K32-N128-dt0.20-S1",
    "algorithm": "kmeans",
    "k": 4,
    "n": 128,
    "d": 10,
    "k_true": 32,
    "rand_score": 0.7448326771653543,
    "adjusted_rand_score": 0.10474008714745049,
    "accuracy": 0.125,
    "f1_score": 0.03076712234899099,
    "precision": 0.017827683465488797,
    "recall": 0.125,
    "sigui": 0.5284945542755488,
    "sse": 937.6227615282495,
    "sc": 0.12669946416696884,
    "ch": 15.093055655382194,
    "db": 2.115945697377833,
    "bic": -1893.629807803655,
    "xb": 151.23512022610592
}