{
    "dataset": "blobs-P5-K4-N1024-dt0.40-S3",
    "algorithm": "kmeans",
    "k": 20,
    "n": 1024,
    "d": 5,
    "k_true": 4,
    "rand_score": 0.7849920576735093,
    "adjusted_rand_score": 0.22016750067724014,
    "accuracy": 0.244140625,
    "f1_score": 0.07756048749322382,
    "precision": 0.19010386672151378,
    "recall": 0.048828125,
    "sigui": 0.33714549523461795,
    "sse": 1233.881867788834,
    "sc": 0.157184078319567,
    "ch": 166.4265184278667,
    "db": 1.566260191139141,
    "bic": -7067.965859738909,
    "xb": 1057.0689619984005
}