{
    "dataset": "blobs-P10-K32-N1024-dt0.20-S1",
    "algorithm": "kmeans",
    "k": 32,
    "n": 1024,
    "d": 10,
    "k_true": 32,
    "rand_score": 0.9955114400048876,
    "adjusted_rand_score": 0.9274859496608571,
    "accuracy": 0.9267578125,
    "f1_score": 0.9096578756397525,
    "precision": 0.9048520923520924,
    "recall": 0.9267578125,
    "sigui": 0.3020051020219517,
    "sse": 1775.5045807823537,
    "sc": 0.37201616921765013,
    "ch": 152.55598681452688,
    "db": 1.0812903917942744,
    "bic": -10266.545196125695,
    "xb": 2929.725239388719
}