{
    "dataset": "blobs-P5-K2-N64-dt0.10-S0",
    "algorithm": "kmeans",
    "k": 50,
    "n": 64,
    "d": 5,
    "k_true": 2,
    "rand_score": 0.5163690476190477,
    "adjusted_rand_score": 0.017404379888983093,
    "accuracy": 0.09375,
    "f1_score": 0.006857142857142857,
    "precision": 0.04,
    "recall": 0.00375,
    "sigui": 0.039055559435548656,
    "sse": 2.3536971550476102,
    "sc": 0.11688025335125382,
    "ch": 38.55894813506435,
    "db": 0.3682235841109263,
    "bic": -655.2821821456095,
    "xb": 30.611936450038083
}