{
    "dataset": "blobs-P2-K2-N1024-dt0.30-S2",
    "algorithm": "kmeans",
    "k": 25,
    "n": 1024,
    "d": 2,
    "k_true": 2,
    "rand_score": 0.5397689088465298,
    "adjusted_rand_score": 0.07872482616064387,
    "accuracy": 0.1494140625,
    "f1_score": 0.02070042520293777,
    "precision": 0.07756970185334407,
    "recall": 0.011953125,
    "sigui": 0.16893564356851057,
    "sse": 112.92565930415304,
    "sc": 0.33380771579327523,
    "ch": 713.2787174128315,
    "db": 0.8250218908790464,
    "bic": -3367.3900526714965,
    "xb": 264.4383942660341
}