{
    "dataset": "blobs-P2-K8-N128-dt0.90-S8",
    "algorithm": "kmeans",
    "k": 2,
    "n": 128,
    "d": 2,
    "k_true": 8,
    "rand_score": 0.5556102362204725,
    "adjusted_rand_score": 0.11653364969801554,
    "accuracy": 0.2421875,
    "f1_score": 0.09753787878787878,
    "precision": 0.06125992063492063,
    "recall": 0.2421875,
    "sigui": 0.44128156250971196,
    "sse": 143.91061492122515,
    "sc": 0.37424929255883205,
    "ch": 98.13912981788404,
    "db": 1.0148799690142936,
    "bic": -391.8142748946986,
    "xb": 36.33679677225404
}