{
    "dataset": "blobs-P5-K16-N1024-dt0.80-S7",
    "algorithm": "kmeans",
    "k": 20,
    "n": 1024,
    "d": 5,
    "k_true": 16,
    "rand_score": 0.9121571053274682,
    "adjusted_rand_score": 0.17706209035138515,
    "accuracy": 0.341796875,
    "f1_score": 0.29671473132595294,
    "precision": 0.3310125560929181,
    "recall": 0.2734375,
    "sigui": 0.38605998742374387,
    "sse": 1737.534749715966,
    "sc": 0.1517636790203913,
    "ch": 102.86791952431496,
    "db": 1.4269208213472606,
    "bic": -7957.97571211438,
    "xb": 784.4681520839473
}