{
    "dataset": "blobs-P2-K8-N1024-dt0.40-S3",
    "algorithm": "kmeans",
    "k": 20,
    "n": 1024,
    "d": 2,
    "k_true": 8,
    "rand_score": 0.9017576215786901,
    "adjusted_rand_score": 0.4052221619980355,
    "accuracy": 0.4296875,
    "f1_score": 0.23598388550091282,
    "precision": 0.38581589552817175,
    "recall": 0.171875,
    "sigui": 0.1203523226028288,
    "sse": 51.95521887449302,
    "sc": 0.3348060636503556,
    "ch": 2030.3243763877406,
    "db": 0.908565557908215,
    "bic": -2356.735079754446,
    "xb": 289.03627728407923
}