{
    "dataset": "blobs-P5-K32-N64-dt0.10-S0",
    "algorithm": "kmeans",
    "k": 25,
    "n": 64,
    "d": 5,
    "k_true": 32,
    "rand_score": 0.9841269841269841,
    "adjusted_rand_score": 0.6594594594594595,
    "accuracy": 0.78125,
    "f1_score": 0.7135416666666666,
    "precision": 0.6822916666666667,
    "recall": 0.78125,
    "sigui": 0.11915987220556196,
    "sse": 10.444207656847647,
    "sc": 0.6736908051641459,
    "ch": 48.16336280213818,
    "db": 0.4138832534618264,
    "bic": -436.5167183070709,
    "xb": 11.696808068103788
}