{
    "dataset": "blobs-P5-K4-N1024-dt0.10-S0",
    "algorithm": "kmeans",
    "k": 32,
    "n": 1024,
    "d": 5,
    "k_true": 4,
    "rand_score": 0.7832661290322581,
    "adjusted_rand_score": 0.18392572541678262,
    "accuracy": 0.1865234375,
    "f1_score": 0.039191010701308183,
    "precision": 0.125,
    "recall": 0.0233154296875,
    "sigui": 0.15408200255649168,
    "sse": 203.96987692073841,
    "sc": 0.17580574783755643,
    "ch": 771.25586539265,
    "db": 1.3865664194683767,
    "bic": -3195.0950492491156,
    "xb": 759.7535508760105
}