{
    "dataset": "blobs-P2-K2-N128-dt0.60-S5",
    "algorithm": "kmeans",
    "k": 32,
    "n": 128,
    "d": 2,
    "k_true": 2,
    "rand_score": 0.5183316929133859,
    "adjusted_rand_score": 0.029527670479941755,
    "accuracy": 0.125,
    "f1_score": 0.013611111111111112,
    "precision": 0.05397727272727273,
    "recall": 0.0078125,
    "sigui": 0.11809418902253382,
    "sse": 7.230493608086335,
    "sc": 0.3466064237932275,
    "ch": 106.54638940205669,
    "db": 0.6315110265470506,
    "bic": -569.289577487109,
    "xb": 59.784659624377426
}