{
    "dataset": "blobs-P10-K16-N128-dt0.80-S7",
    "algorithm": "kmeans",
    "k": 50,
    "n": 128,
    "d": 10,
    "k_true": 16,
    "rand_score": 0.9324557086614174,
    "adjusted_rand_score": 0.0514780905219911,
    "accuracy": 0.234375,
    "f1_score": 0.10281451881451882,
    "precision": 0.17866666666666667,
    "recall": 0.075,
    "sigui": 0.3096433922819701,
    "sse": 300.64215996257184,
    "sc": 0.07422693045843956,
    "ch": 5.185492900849675,
    "db": 1.0761087637508242,
    "bic": -2772.6464930658376,
    "xb": 72.55380086676172
}