{
    "dataset": "blobs-P10-K8-N128-dt0.80-S7",
    "algorithm": "kmeans",
    "k": 3,
    "n": 128,
    "d": 10,
    "k_true": 8,
    "rand_score": 0.6430856299212598,
    "adjusted_rand_score": 0.059825810024217156,
    "accuracy": 0.265625,
    "f1_score": 0.14710101568013748,
    "precision": 0.10274265208475734,
    "recall": 0.265625,
    "sigui": 0.5516427951768019,
    "sse": 1090.2820679204683,
    "sc": 0.07473935303596571,
    "ch": 10.875507452476675,
    "db": 2.78885687822403,
    "bic": -1931.7983634181603,
    "xb": 263.8131051305991
}