{
    "dataset": "blobs-P10-K32-N1024-dt0.70-S6",
    "algorithm": "kmeans",
    "k": 20,
    "n": 1024,
    "d": 10,
    "k_true": 32,
    "rand_score": 0.9399418835532747,
    "adjusted_rand_score": 0.22082779461182162,
    "accuracy": 0.3837890625,
    "f1_score": 0.2967417330008831,
    "precision": 0.24335419428394978,
    "recall": 0.3837890625,
    "sigui": 0.4737439001342995,
    "sse": 5532.062613351172,
    "sc": 0.08955766878203536,
    "ch": 44.97008445950167,
    "db": 1.9606003253029656,
    "bic": -15200.913361009825,
    "xb": 1274.413205424498
}