{
    "dataset": "blobs-P5-K2-N128-dt0.90-S8",
    "algorithm": "kmeans",
    "k": 32,
    "n": 128,
    "d": 5,
    "k_true": 2,
    "rand_score": 0.5045521653543307,
    "adjusted_rand_score": 0.0017761677326926118,
    "accuracy": 0.09375,
    "f1_score": 0.010638832997987928,
    "precision": 0.05803571428571429,
    "recall": 0.005859375,
    "sigui": 0.2815193463946664,
    "sse": 114.72500481446436,
    "sc": 0.1788404607823915,
    "ch": 14.178757736706881,
    "db": 0.9843322319949399,
    "bic": -1258.0962009707632,
    "xb": 82.51400543000506
}