{
    "dataset": "blobs-P5-K16-N1024-dt0.10-S0",
    "algorithm": "kmeans",
    "k": 16,
    "n": 1024,
    "d": 5,
    "k_true": 16,
    "rand_score": 1.0,
    "adjusted_rand_score": 1.0,
    "accuracy": 1.0,
    "f1_score": 1.0,
    "precision": 1.0,
    "recall": 1.0,
    "sigui": 0.06674908987381804,
    "sse": 32.38027200024472,
    "sc": 0.845006864985592,
    "ch": 10558.529147593317,
    "db": 0.21970147095579115,
    "bic": 2525.07996399702,
    "xb": 61.916406670640804
}