{
    "dataset": "blobs-P2-K4-N64-dt1.00-S9",
    "algorithm": "kmeans",
    "k": 16,
    "n": 64,
    "d": 2,
    "k_true": 4,
    "rand_score": 0.7678571428571429,
    "adjusted_rand_score": 0.16371681415929204,
    "accuracy": 0.3125,
    "f1_score": 0.10635262725779968,
    "precision": 0.20264423076923077,
    "recall": 0.078125,
    "sigui": 0.14912968284995548,
    "sse": 5.6185062479827605,
    "sc": 0.3682016734007675,
    "ch": 69.70193904243867,
    "db": 0.6933977031643587,
    "bic": -250.42700501985055,
    "xb": 34.80972473163214
}