{
    "dataset": "blobs-P5-K8-N64-dt0.40-S3",
    "algorithm": "kmeans",
    "k": 16,
    "n": 64,
    "d": 5,
    "k_true": 8,
    "rand_score": 0.9255952380952381,
    "adjusted_rand_score": 0.5576671035386632,
    "accuracy": 0.625,
    "f1_score": 0.35472312774944353,
    "precision": 0.44393939393939397,
    "recall": 0.3125,
    "sigui": 0.2697021320481221,
    "sse": 51.34105207039205,
    "sc": 0.2443199654673564,
    "ch": 16.745052910018803,
    "db": 0.9111088257044728,
    "bic": -532.572272730234,
    "xb": 29.191220732664355
}