{
    "dataset": "blobs-P10-K16-N64-dt0.20-S1",
    "algorithm": "kmeans",
    "k": 32,
    "n": 64,
    "d": 10,
    "k_true": 16,
    "rand_score": 0.9692460317460317,
    "adjusted_rand_score": 0.566577896138482,
    "accuracy": 0.6875,
    "f1_score": 0.39109623015873013,
    "precision": 0.4755208333333333,
    "recall": 0.34375,
    "sigui": 0.1936798650206999,
    "sse": 60.81991093350662,
    "sc": 0.15951929288610078,
    "ch": 9.830059080482568,
    "db": 0.6641189136388365,
    "bic": -1160.9179366897865,
    "xb": 34.19924935918808
}