{
    "dataset": "blobs-P10-K32-N64-dt0.50-S4",
    "algorithm": "kmeans",
    "k": 25,
    "n": 64,
    "d": 10,
    "k_true": 32,
    "rand_score": 0.9454365079365079,
    "adjusted_rand_score": 0.14613109906357813,
    "accuracy": 0.484375,
    "f1_score": 0.4266865079365079,
    "precision": 0.46361607142857136,
    "recall": 0.484375,
    "sigui": 0.3026913529339371,
    "sse": 165.79718567968402,
    "sc": 0.08030888153347429,
    "ch": 4.6477240859760665,
    "db": 1.0394131214846922,
    "bic": -1270.7201214642225,
    "xb": 51.67966290107469
}