{
    "dataset": "blobs-P5-K16-N1024-dt0.90-S8",
    "algorithm": "kmeans",
    "k": 3,
    "n": 1024,
    "d": 5,
    "k_true": 16,
    "rand_score": 0.690997678396872,
    "adjusted_rand_score": 0.13367149186683414,
    "accuracy": 0.1845703125,
    "f1_score": 0.05872850330087172,
    "precision": 0.034977980200260064,
    "recall": 0.1845703125,
    "sigui": 0.5042778116141177,
    "sse": 3575.165424806938,
    "sc": 0.17566807608656546,
    "ch": 220.58784893251377,
    "db": 1.7324461208263735,
    "bic": -7527.100386569408,
    "xb": 820.8322377863944
}