{
    "dataset": "blobs-P5-K2-N128-dt0.80-S7",
    "algorithm": "kmeans",
    "k": 8,
    "n": 128,
    "d": 5,
    "k_true": 2,
    "rand_score": 0.5232529527559056,
    "adjusted_rand_score": 0.04096308061074355,
    "accuracy": 0.2421875,
    "f1_score": 0.08908730158730159,
    "precision": 0.17067307692307693,
    "recall": 0.060546875,
    "sigui": 0.42696119149983913,
    "sse": 308.71823351377896,
    "sc": 0.14814145735770942,
    "ch": 18.395790660849222,
    "db": 1.569259927324457,
    "bic": -1050.4132446463054,
    "xb": 111.71320071633053
}