{
    "dataset": "blobs-P2-K8-N128-dt0.40-S3",
    "algorithm": "kmeans",
    "k": 10,
    "n": 128,
    "d": 2,
    "k_true": 8,
    "rand_score": 0.969242125984252,
    "adjusted_rand_score": 0.8431556587462332,
    "accuracy": 0.8515625,
    "f1_score": 0.7117202797202797,
    "precision": 0.7623529411764706,
    "recall": 0.68125,
    "sigui": 0.10489526002013354,
    "sse": 6.321281186212964,
    "sc": 0.5176983219981776,
    "ch": 517.864231635075,
    "db": 0.686134295419669,
    "bic": -251.13940338775564,
    "xb": 52.37929312888272
}