{
    "dataset": "blobs-P10-K8-N64-dt0.50-S4",
    "algorithm": "kmeans",
    "k": 10,
    "n": 64,
    "d": 10,
    "k_true": 8,
    "rand_score": 0.8521825396825397,
    "adjusted_rand_score": 0.2631868131868132,
    "accuracy": 0.46875,
    "f1_score": 0.36357142857142855,
    "precision": 0.3726190476190476,
    "recall": 0.375,
    "sigui": 0.4480393350018455,
    "sse": 336.18328411586197,
    "sc": 0.09819342844936128,
    "ch": 5.4223406737753965,
    "db": 1.5298497388716001,
    "bic": -1072.7229208238027,
    "xb": 54.84157808363798
}