{
    "dataset": "blobs-P10-K8-N1024-dt0.90-S8",
    "algorithm": "kmeans",
    "k": 8,
    "n": 1024,
    "d": 10,
    "k_true": 8,
    "rand_score": 0.8011096346529815,
    "adjusted_rand_score": 0.08963428071789746,
    "accuracy": 0.2822265625,
    "f1_score": 0.27906911877781637,
    "precision": 0.2773177733509454,
    "recall": 0.2822265625,
    "sigui": 0.5253474270593456,
    "sse": 7360.762409398514,
    "sc": 0.07167610109244524,
    "ch": 56.77411483346122,
    "db": 2.3085164112079632,
    "bic": -15268.606127682826,
    "xb": 1514.7935285831165
}