{
    "dataset": "blobs-P2-K4-N64-dt0.10-S0",
    "algorithm": "kmeans",
    "k": 4,
    "n": 64,
    "d": 2,
    "k_true": 4,
    "rand_score": 1.0,
    "adjusted_rand_score": 1.0,
    "accuracy": 1.0,
    "f1_score": 1.0,
    "precision": 1.0,
    "recall": 1.0,
    "sigui": 0.06511505941287167,
    "sse": 1.3016136270571943,
    "sc": 0.8318958398459386,
    "ch": 1946.7894886656036,
    "db": 0.2256210930883195,
    "bic": -1.7715020893591458,
    "xb": 6.417463778925239
}