{
    "dataset": "blobs-P10-K2-N128-dt0.20-S1",
    "algorithm": "kmeans",
    "k": 50,
    "n": 128,
    "d": 10,
    "k_true": 2,
    "rand_score": 0.5230068897637795,
    "adjusted_rand_score": 0.03874469227390307,
    "accuracy": 0.09375,
    "f1_score": 0.006857142857142857,
    "precision": 0.04,
    "recall": 0.00375,
    "sigui": 0.28591652528966544,
    "sse": 254.44026324023872,
    "sc": 0.08233058642010874,
    "ch": 6.4161372960684515,
    "db": 1.0482853574952948,
    "bic": -2661.4992892208675,
    "xb": 75.9378787438006
}