{
    "dataset": "blobs-P2-K2-N64-dt0.30-S2",
    "algorithm": "kmeans",
    "k": 10,
    "n": 64,
    "d": 2,
    "k_true": 2,
    "rand_score": 0.5773809523809523,
    "adjusted_rand_score": 0.14373225281562071,
    "accuracy": 0.265625,
    "f1_score": 0.08351648351648351,
    "precision": 0.2,
    "recall": 0.053125,
    "sigui": 0.1940272586683301,
    "sse": 10.551188640221804,
    "sc": 0.32964148500203155,
    "ch": 66.78800770107883,
    "db": 0.8016308320603258,
    "bic": -229.84381412469372,
    "xb": 24.808160065962618
}