{
    "dataset": "blobs-P2-K4-N1024-dt1.00-S9",
    "algorithm": "kmeans",
    "k": 50,
    "n": 1024,
    "d": 2,
    "k_true": 4,
    "rand_score": 0.7488563813538612,
    "adjusted_rand_score": 0.037339692671341525,
    "accuracy": 0.09375,
    "f1_score": 0.013078955557561348,
    "precision": 0.05197898338220918,
    "recall": 0.0075,
    "sigui": 0.11621792542689195,
    "sse": 58.42541062332818,
    "sc": 0.3313798089170352,
    "ch": 676.8950356927686,
    "db": 0.8161159541694754,
    "bic": -3681.077997429987,
    "xb": 415.5128168740495
}