{
    "dataset": "blobs-P2-K2-N1024-dt0.20-S1",
    "algorithm": "kmeans",
    "k": 50,
    "n": 1024,
    "d": 2,
    "k_true": 2,
    "rand_score": 0.5245849370723362,
    "adjusted_rand_score": 0.048285307445948285,
    "accuracy": 0.0751953125,
    "f1_score": 0.005584367670698607,
    "precision": 0.03954545454545454,
    "recall": 0.0030078125,
    "sigui": 0.1107041628938453,
    "sse": 43.8225818523502,
    "sc": 0.343761695078118,
    "ch": 909.0778589313841,
    "db": 0.7722418736094996,
    "bic": -3328.751902765679,
    "xb": 402.7794270247339
}