{
    "dataset": "blobs-P10-K16-N1024-dt0.30-S2",
    "algorithm": "kmeans",
    "k": 8,
    "n": 1024,
    "d": 10,
    "k_true": 16,
    "rand_score": 0.9114125122189638,
    "adjusted_rand_score": 0.5081947442385144,
    "accuracy": 0.49609375,
    "f1_score": 0.3461572166592317,
    "precision": 0.27900776385022064,
    "recall": 0.49609375,
    "sigui": 0.471580867667897,
    "sse": 5383.815529602175,
    "sc": 0.18482738940322319,
    "ch": 130.91839513646855,
    "db": 1.6637012969205858,
    "bic": -13623.782154416345,
    "xb": 873.8524042912996
}