{
    "dataset": "blobs-P5-K2-N128-dt0.60-S5",
    "algorithm": "kmeans",
    "k": 25,
    "n": 128,
    "d": 5,
    "k_true": 2,
    "rand_score": 0.515501968503937,
    "adjusted_rand_score": 0.024075837522245465,
    "accuracy": 0.1328125,
    "f1_score": 0.018751902587519024,
    "precision": 0.08,
    "recall": 0.010625,
    "sigui": 0.3283324026157298,
    "sse": 173.68613152915327,
    "sc": 0.10046024087389652,
    "ch": 11.522299839954716,
    "db": 1.1065730160824054,
    "bic": -1244.62207396329,
    "xb": 98.06731158480234
}