{
    "dataset": "blobs-P5-K16-N128-dt0.10-S0",
    "algorithm": "kmeans",
    "k": 3,
    "n": 128,
    "d": 5,
    "k_true": 16,
    "rand_score": 0.6771653543307087,
    "adjusted_rand_score": 0.17519404403611596,
    "accuracy": 0.1875,
    "f1_score": 0.06597222222222221,
    "precision": 0.04114583333333333,
    "recall": 0.1875,
    "sigui": 0.44197365658081306,
    "sse": 297.6786992086086,
    "sc": 0.37822621428671,
    "ch": 71.8730676946039,
    "db": 1.2059360825112764,
    "bic": -837.9960006290976,
    "xb": 54.726638962597654
}