{
    "dataset": "blobs-P5-K4-N1024-dt0.10-S0",
    "algorithm": "kmeans",
    "k": 50,
    "n": 1024,
    "d": 5,
    "k_true": 4,
    "rand_score": 0.7727711846285436,
    "adjusted_rand_score": 0.12711129733976992,
    "accuracy": 0.13671875,
    "f1_score": 0.019221308056592144,
    "precision": 0.08,
    "recall": 0.0109375,
    "sigui": 0.14113104317331862,
    "sse": 162.42604332265716,
    "sc": 0.1739341205722112,
    "ch": 606.7033786296419,
    "db": 1.3402025565465936,
    "bic": -3400.8385002603027,
    "xb": 905.0597778911858
}