{
    "dataset": "blobs-P5-K8-N1024-dt0.80-S7",
    "algorithm": "kmeans",
    "k": 25,
    "n": 1024,
    "d": 5,
    "k_true": 8,
    "rand_score": 0.8679435483870968,
    "adjusted_rand_score": 0.1465741639199245,
    "accuracy": 0.2490234375,
    "f1_score": 0.11681102789933345,
    "precision": 0.22566783750284464,
    "recall": 0.0796875,
    "sigui": 0.3607271290659729,
    "sse": 1488.1068820505454,
    "sc": 0.14983300835147348,
    "ch": 101.59051937608808,
    "db": 1.4654744851266266,
    "bic": -7898.770679166041,
    "xb": 777.3923992855779
}