{
    "dataset": "blobs-P5-K16-N128-dt1.00-S9",
    "algorithm": "kmeans",
    "k": 25,
    "n": 128,
    "d": 5,
    "k_true": 16,
    "rand_score": 0.9208907480314961,
    "adjusted_rand_score": 0.16407169691572235,
    "accuracy": 0.375,
    "f1_score": 0.2679574773053034,
    "precision": 0.3273809523809524,
    "recall": 0.24,
    "sigui": 0.3127802189850117,
    "sse": 137.34076735108425,
    "sc": 0.1658601404143673,
    "ch": 15.707250767989587,
    "db": 1.104828593646321,
    "bic": -1180.3355190656528,
    "xb": 71.9625911864523
}