{
    "dataset": "blobs-P2-K4-N64-dt0.20-S1",
    "algorithm": "kmeans",
    "k": 3,
    "n": 64,
    "d": 2,
    "k_true": 4,
    "rand_score": 0.873015873015873,
    "adjusted_rand_score": 0.704225352112676,
    "accuracy": 0.75,
    "f1_score": 0.6666666666666666,
    "precision": 0.625,
    "recall": 0.75,
    "sigui": 0.18069811516925718,
    "sse": 9.045059010045868,
    "sc": 0.7280670054991067,
    "ch": 401.1168634902252,
    "db": 0.34172161097937126,
    "bic": -97.36588174030182,
    "xb": 8.069806794843158
}