{
    "dataset": "blobs-P2-K4-N1024-dt0.20-S1",
    "algorithm": "kmeans",
    "k": 16,
    "n": 1024,
    "d": 2,
    "k_true": 4,
    "rand_score": 0.8147853280791789,
    "adjusted_rand_score": 0.3433789116871633,
    "accuracy": 0.3095703125,
    "f1_score": 0.11782111039901408,
    "precision": 0.25,
    "recall": 0.077392578125,
    "sigui": 0.14141184196479528,
    "sse": 73.65304194619746,
    "sc": 0.33817922119174115,
    "ch": 1801.3664076241923,
    "db": 0.9147005325749913,
    "bic": -2475.069064153481,
    "xb": 301.3479719833249
}