{
    "dataset": "blobs-P2-K32-N128-dt0.20-S1",
    "algorithm": "kmeans",
    "k": 20,
    "n": 128,
    "d": 2,
    "k_true": 32,
    "rand_score": 0.9646899606299213,
    "adjusted_rand_score": 0.5534141171569649,
    "accuracy": 0.625,
    "f1_score": 0.5256944444444445,
    "precision": 0.4868844696969697,
    "recall": 0.625,
    "sigui": 0.06114322316872628,
    "sse": 3.1754740324435593,
    "sc": 0.7108308617739506,
    "ch": 452.56481934122905,
    "db": 0.33044491721230174,
    "bic": -314.8599530812868,
    "xb": 26.22471429086716
}