{
    "dataset": "blobs-P2-K4-N128-dt0.70-S6",
    "algorithm": "kmeans",
    "k": 50,
    "n": 128,
    "d": 2,
    "k_true": 4,
    "rand_score": 0.7593503937007874,
    "adjusted_rand_score": 0.05319246249542627,
    "accuracy": 0.15625,
    "f1_score": 0.021076461076461075,
    "precision": 0.07028571428571428,
    "recall": 0.0125,
    "sigui": 0.0678999802307509,
    "sse": 2.6786057901462317,
    "sc": 0.30538422506270374,
    "ch": 150.5433544833411,
    "db": 0.5406129447080051,
    "bic": -635.5631898627578,
    "xb": 91.08179322820182
}