{
    "dataset": "blobs-P5-K32-N1024-dt0.90-S8",
    "algorithm": "kmeans",
    "k": 20,
    "n": 1024,
    "d": 5,
    "k_true": 32,
    "rand_score": 0.9389395466764419,
    "adjusted_rand_score": 0.24861278219576965,
    "accuracy": 0.3720703125,
    "f1_score": 0.28432775627454565,
    "precision": 0.23919029254769292,
    "recall": 0.3720703125,
    "sigui": 0.3681453117996091,
    "sse": 1584.2802670482827,
    "sc": 0.16910146759451655,
    "ch": 117.93044336641056,
    "db": 1.4149660915641562,
    "bic": -7684.506137316258,
    "xb": 689.8181622742471
}