{
    "dataset": "blobs-P2-K16-N64-dt0.40-S3",
    "algorithm": "kmeans",
    "k": 10,
    "n": 64,
    "d": 2,
    "k_true": 16,
    "rand_score": 0.9449404761904762,
    "adjusted_rand_score": 0.6005141388174807,
    "accuracy": 0.625,
    "f1_score": 0.5055555555555555,
    "precision": 0.44772727272727275,
    "recall": 0.625,
    "sigui": 0.0918082107373576,
    "sse": 2.0704080930175746,
    "sc": 0.6892426296299381,
    "ch": 364.9413630047478,
    "db": 0.37420312374212705,
    "bic": -123.94834761587073,
    "xb": 15.208919267007541
}