{
    "dataset": "blobs-P5-K2-N1024-dt0.20-S1",
    "algorithm": "kmeans",
    "k": 10,
    "n": 1024,
    "d": 5,
    "k_true": 2,
    "rand_score": 0.6014307642961877,
    "adjusted_rand_score": 0.20224434693589272,
    "accuracy": 0.2412109375,
    "f1_score": 0.07743035590363835,
    "precision": 0.2,
    "recall": 0.0482421875,
    "sigui": 0.3955511744776118,
    "sse": 1912.735697749732,
    "sc": 0.16923131262202235,
    "ch": 188.91882369249876,
    "db": 1.4231028161864088,
    "bic": -7283.973643557131,
    "xb": 736.1512143132479
}