{
    "dataset": "blobs-P10-K16-N128-dt0.20-S1",
    "algorithm": "kmeans",
    "k": 50,
    "n": 128,
    "d": 10,
    "k_true": 16,
    "rand_score": 0.9633366141732284,
    "adjusted_rand_score": 0.4875010156271159,
    "accuracy": 0.5234375,
    "f1_score": 0.2172174492174492,
    "precision": 0.32,
    "recall": 0.1675,
    "sigui": 0.18938539888989558,
    "sse": 87.48207070578188,
    "sc": 0.11903419769644924,
    "ch": 21.69923312647594,
    "db": 1.0325409194301747,
    "bic": -1981.6426387939907,
    "xb": 110.66813135816447
}