{
    "dataset": "blobs-P5-K32-N128-dt1.00-S9",
    "algorithm": "kmeans",
    "k": 25,
    "n": 128,
    "d": 5,
    "k_true": 32,
    "rand_score": 0.9673966535433071,
    "adjusted_rand_score": 0.48158474406568186,
    "accuracy": 0.609375,
    "f1_score": 0.534799401986902,
    "precision": 0.5199156746031746,
    "recall": 0.609375,
    "sigui": 0.2681066260493935,
    "sse": 89.13176441410032,
    "sc": 0.2648638485601611,
    "ch": 26.524133791471172,
    "db": 1.0411731486270286,
    "bic": -1046.8796962658153,
    "xb": 62.292141773514494
}