{
    "dataset": "blobs-P5-K16-N64-dt0.10-S0",
    "algorithm": "kmeans",
    "k": 16,
    "n": 64,
    "d": 5,
    "k_true": 16,
    "rand_score": 1.0,
    "adjusted_rand_score": 1.0,
    "accuracy": 1.0,
    "f1_score": 1.0,
    "precision": 1.0,
    "recall": 1.0,
    "sigui": 0.046852314454153055,
    "sse": 1.0023850601310773,
    "sc": 0.8691391164489837,
    "ch": 1018.363509601885,
    "db": 0.16610531199572692,
    "bic": 85.38867562228205,
    "xb": 15.35317621081725
}