{
    "dataset": "blobs-P5-K16-N64-dt0.40-S3",
    "algorithm": "kmeans",
    "k": 32,
    "n": 64,
    "d": 5,
    "k_true": 16,
    "rand_score": 0.9657738095238095,
    "adjusted_rand_score": 0.5018906840838776,
    "accuracy": 0.609375,
    "f1_score": 0.3604910714285714,
    "precision": 0.4609375,
    "recall": 0.3046875,
    "sigui": 0.15763360962477027,
    "sse": 16.71305813918542,
    "sc": 0.2038946821019775,
    "ch": 18.73208296118085,
    "db": 0.649223221608289,
    "bic": -626.3844761648279,
    "xb": 27.433485287211866
}