{
    "dataset": "blobs-P2-K4-N128-dt0.70-S6",
    "algorithm": "kmeans",
    "k": 16,
    "n": 128,
    "d": 2,
    "k_true": 4,
    "rand_score": 0.765255905511811,
    "adjusted_rand_score": 0.16832213290865533,
    "accuracy": 0.28125,
    "f1_score": 0.10178775613100222,
    "precision": 0.19112505141916908,
    "recall": 0.0703125,
    "sigui": 0.1635762089060488,
    "sse": 16.968199521965023,
    "sc": 0.3522504413822882,
    "ch": 105.1832738407106,
    "db": 0.7615584039519958,
    "bic": -466.41331262850315,
    "xb": 41.50477908340577
}