{
    "dataset": "blobs-P5-K32-N64-dt0.80-S7",
    "algorithm": "kmeans",
    "k": 50,
    "n": 64,
    "d": 5,
    "k_true": 32,
    "rand_score": 0.9801587301587301,
    "adjusted_rand_score": 0.1907514450867052,
    "accuracy": 0.578125,
    "f1_score": 0.4346666666666666,
    "precision": 0.5766666666666667,
    "recall": 0.37,
    "sigui": 0.06610159974539084,
    "sse": 5.858004427989707,
    "sc": 0.10556553688018004,
    "ch": 15.321745994056624,
    "db": 0.37796687557745284,
    "bic": -800.8338488628656,
    "xb": 21.103492480831648
}