{
    "dataset": "blobs-P10-K16-N64-dt0.20-S1",
    "algorithm": "kmeans",
    "k": 2,
    "n": 64,
    "d": 10,
    "k_true": 16,
    "rand_score": 0.5317460317460317,
    "adjusted_rand_score": 0.08000742528308892,
    "accuracy": 0.125,
    "f1_score": 0.02857142857142857,
    "precision": 0.016194331983805668,
    "recall": 0.125,
    "sigui": 0.5555454660355226,
    "sse": 531.5577542643662,
    "sc": 0.15335822733786048,
    "ch": 12.648520657767419,
    "db": 2.1211615122232867,
    "bic": -937.8476689611138,
    "xb": 71.57622078338692
}