{
    "dataset": "blobs-P5-K4-N64-dt0.10-S0",
    "algorithm": "kmeans",
    "k": 25,
    "n": 64,
    "d": 5,
    "k_true": 4,
    "rand_score": 0.7996031746031746,
    "adjusted_rand_score": 0.22279223158666178,
    "accuracy": 0.296875,
    "f1_score": 0.07286580086580087,
    "precision": 0.16,
    "recall": 0.0475,
    "sigui": 0.10239822935546866,
    "sse": 6.661208243979015,
    "sc": 0.22811453950028737,
    "ch": 76.43891587742685,
    "db": 0.7683270713045645,
    "bic": -359.0992038112067,
    "xb": 87.96209976432054
}