{
    "dataset": "blobs-P5-K4-N64-dt0.30-S2",
    "algorithm": "kmeans",
    "k": 3,
    "n": 64,
    "d": 5,
    "k_true": 4,
    "rand_score": 0.8432539682539683,
    "adjusted_rand_score": 0.621146380452158,
    "accuracy": 0.75,
    "f1_score": 0.6510025062656641,
    "precision": 0.5856643356643356,
    "recall": 0.75,
    "sigui": 0.38992600952510076,
    "sse": 130.98749901849746,
    "sc": 0.4185458504995822,
    "ch": 44.01092717345291,
    "db": 0.9836523731778236,
    "bic": -417.8503505445609,
    "xb": 18.912923194472317
}