{
    "dataset": "blobs-P5-K4-N64-dt0.50-S4",
    "algorithm": "kmeans",
    "k": 32,
    "n": 64,
    "d": 5,
    "k_true": 4,
    "rand_score": 0.7673611111111112,
    "adjusted_rand_score": 0.08013449145418886,
    "accuracy": 0.203125,
    "f1_score": 0.040026913875598084,
    "precision": 0.1015625,
    "recall": 0.025390625,
    "sigui": 0.17375174713320052,
    "sse": 23.805218695550042,
    "sc": 0.15850976033142272,
    "ch": 12.843799318939425,
    "db": 0.688127976261772,
    "bic": -679.4302863486919,
    "xb": 29.66367336013413
}