{
    "dataset": "blobs-P2-K16-N1024-dt0.60-S5",
    "algorithm": "kmeans",
    "k": 4,
    "n": 1024,
    "d": 2,
    "k_true": 16,
    "rand_score": 0.7873766648338221,
    "adjusted_rand_score": 0.2538533943517101,
    "accuracy": 0.25,
    "f1_score": 0.10143717870181787,
    "precision": 0.06392469062101988,
    "recall": 0.25,
    "sigui": 0.3393185260897311,
    "sse": 584.5305257082423,
    "sc": 0.3862029543263644,
    "ch": 851.2609738822648,
    "db": 0.8874650775989048,
    "bic": -3071.9556638516506,
    "xb": 248.6517979931611
}