{
    "dataset": "blobs-P2-K4-N64-dt0.80-S7",
    "algorithm": "kmeans",
    "k": 32,
    "n": 64,
    "d": 2,
    "k_true": 4,
    "rand_score": 0.7733134920634921,
    "adjusted_rand_score": 0.09997186532870675,
    "accuracy": 0.234375,
    "f1_score": 0.04617794486215539,
    "precision": 0.1125,
    "recall": 0.029296875,
    "sigui": 0.04542144244169982,
    "sse": 0.913762257945097,
    "sc": 0.3933632859189793,
    "ch": 143.56665823916362,
    "db": 0.3686824401028704,
    "bic": -289.7709127134091,
    "xb": 51.90002499864118
}