{
    "dataset": "blobs-P2-K8-N1024-dt1.00-S9",
    "algorithm": "kmeans",
    "k": 50,
    "n": 1024,
    "d": 2,
    "k_true": 8,
    "rand_score": 0.8788432459677419,
    "adjusted_rand_score": 0.14946362938775387,
    "accuracy": 0.193359375,
    "f1_score": 0.04876518053190322,
    "precision": 0.11776594787241702,
    "recall": 0.0309375,
    "sigui": 0.08768058550105808,
    "sse": 34.009888091932936,
    "sc": 0.34813192370045576,
    "ch": 1177.1658961952187,
    "db": 0.7996806927983877,
    "bic": -3086.9975364198344,
    "xb": 490.5375805213664
}