{
    "dataset": "blobs-P5-K2-N128-dt0.60-S5",
    "algorithm": "kmeans",
    "k": 50,
    "n": 128,
    "d": 5,
    "k_true": 2,
    "rand_score": 0.5079970472440944,
    "adjusted_rand_score": 0.00849239491393397,
    "accuracy": 0.078125,
    "f1_score": 0.005755693581780539,
    "precision": 0.03666666666666667,
    "recall": 0.003125,
    "sigui": 0.21938254291856632,
    "sse": 72.89948256333847,
    "sc": 0.1537247637459183,
    "ch": 12.383235164052753,
    "db": 0.8864874662439771,
    "bic": -1453.1080656953986,
    "xb": 73.23265571533231
}