{
    "dataset": "blobs-P5-K8-N64-dt0.50-S4",
    "algorithm": "kmeans",
    "k": 2,
    "n": 64,
    "d": 5,
    "k_true": 8,
    "rand_score": 0.5813492063492064,
    "adjusted_rand_score": 0.15223214285714284,
    "accuracy": 0.25,
    "f1_score": 0.1,
    "precision": 0.0625,
    "recall": 0.25,
    "sigui": 0.4945942732846343,
    "sse": 224.81330771031273,
    "sc": 0.2544888407401099,
    "ch": 26.25100347513767,
    "db": 1.4691731504959888,
    "bic": -466.9667313675415,
    "xb": 35.78174213869725
}