{
    "dataset": "blobs-P5-K32-N128-dt0.60-S5",
    "algorithm": "kmeans",
    "k": 20,
    "n": 128,
    "d": 5,
    "k_true": 32,
    "rand_score": 0.969611220472441,
    "adjusted_rand_score": 0.5594922132816559,
    "accuracy": 0.6171875,
    "f1_score": 0.49281031468531467,
    "precision": 0.42683531746031744,
    "recall": 0.6171875,
    "sigui": 0.2638156751386871,
    "sse": 87.26687629400718,
    "sc": 0.32001610007689607,
    "ch": 36.00279479957472,
    "db": 0.9333336351888495,
    "bic": -943.1902904946318,
    "xb": 59.46067616601786
}