{
    "dataset": "blobs-P10-K2-N128-dt0.30-S2",
    "algorithm": "kmeans",
    "k": 16,
    "n": 128,
    "d": 10,
    "k_true": 2,
    "rand_score": 0.5585629921259843,
    "adjusted_rand_score": 0.11112238170107014,
    "accuracy": 0.2421875,
    "f1_score": 0.04821232983883586,
    "precision": 0.12171052631578946,
    "recall": 0.0302734375,
    "sigui": 0.43841535652408625,
    "sse": 607.2299217163642,
    "sc": 0.09424921161636886,
    "ch": 8.272566515912803,
    "db": 1.7685094692349275,
    "bic": -2111.158218745486,
    "xb": 174.03618907427776
}