{
    "dataset": "blobs-P2-K32-N1024-dt0.20-S1",
    "algorithm": "kmeans",
    "k": 16,
    "n": 1024,
    "d": 2,
    "k_true": 32,
    "rand_score": 0.9296187683284457,
    "adjusted_rand_score": 0.4364326375711575,
    "accuracy": 0.5,
    "f1_score": 0.39531249999999996,
    "precision": 0.36123511904761907,
    "recall": 0.5,
    "sigui": 0.08331237394870719,
    "sse": 35.219021588399265,
    "sc": 0.7221567723854226,
    "ch": 3840.5065117939635,
    "db": 0.35731385454253034,
    "bic": -1503.4885042356443,
    "xb": 95.00873970453223
}