{
    "dataset": "blobs-P5-K2-N128-dt0.50-S4",
    "algorithm": "kmeans",
    "k": 10,
    "n": 128,
    "d": 5,
    "k_true": 2,
    "rand_score": 0.546875,
    "adjusted_rand_score": 0.08806240483204623,
    "accuracy": 0.25,
    "f1_score": 0.07902439024390244,
    "precision": 0.18888888888888888,
    "recall": 0.05,
    "sigui": 0.4046126828188372,
    "sse": 264.7057494714842,
    "sc": 0.14913468158378276,
    "ch": 18.588657888485397,
    "db": 1.4580132402695334,
    "bic": -1058.908936544504,
    "xb": 109.48343965150987
}