{
    "dataset": "blobs-P5-K32-N128-dt0.60-S5",
    "algorithm": "kmeans",
    "k": 8,
    "n": 128,
    "d": 5,
    "k_true": 32,
    "rand_score": 0.8890255905511811,
    "adjusted_rand_score": 0.23374225742150398,
    "accuracy": 0.25,
    "f1_score": 0.10390995313595933,
    "precision": 0.0662745750981045,
    "recall": 0.25,
    "sigui": 0.3838731133698412,
    "sse": 216.900610477021,
    "sc": 0.24316448644528726,
    "ch": 33.43988924637402,
    "db": 1.2594221655353421,
    "bic": -940.8949496873167,
    "xb": 86.68494623573193
}