{
    "dataset": "blobs-P5-K16-N1024-dt0.20-S1",
    "algorithm": "kmeans",
    "k": 20,
    "n": 1024,
    "d": 5,
    "k_true": 16,
    "rand_score": 0.992279142228739,
    "adjusted_rand_score": 0.9290441768952868,
    "accuracy": 0.888671875,
    "f1_score": 0.7426938775510203,
    "precision": 0.8,
    "recall": 0.7109375,
    "sigui": 0.11326937180820609,
    "sse": 98.9118024148439,
    "sc": 0.5838299801918,
    "ch": 2682.4389465637396,
    "db": 0.9637137061563046,
    "bic": -592.7921062949285,
    "xb": 919.9755926179896
}