{
    "dataset": "blobs-P2-K16-N128-dt0.30-S2",
    "algorithm": "kmeans",
    "k": 3,
    "n": 128,
    "d": 2,
    "k_true": 16,
    "rand_score": 0.7086614173228346,
    "adjusted_rand_score": 0.19825968264801228,
    "accuracy": 0.1875,
    "f1_score": 0.06145833333333333,
    "precision": 0.03705357142857143,
    "recall": 0.1875,
    "sigui": 0.3269544992049983,
    "sse": 64.49788532786432,
    "sc": 0.5416189038136854,
    "ch": 185.57014863613966,
    "db": 0.6646392523901703,
    "bic": -345.84580726723016,
    "xb": 15.377932394857996
}