{
    "dataset": "blobs-P5-K32-N128-dt0.60-S5",
    "algorithm": "kmeans",
    "k": 50,
    "n": 128,
    "d": 5,
    "k_true": 32,
    "rand_score": 0.9863435039370079,
    "adjusted_rand_score": 0.6578647185884523,
    "accuracy": 0.7109375,
    "f1_score": 0.5012756132756132,
    "precision": 0.6007619047619047,
    "recall": 0.455,
    "sigui": 0.1554920737713205,
    "sse": 28.0797915202294,
    "sc": 0.3080385729307297,
    "ch": 34.68961177499786,
    "db": 0.7190642931766703,
    "bic": -1155.1856154444558,
    "xb": 48.06085493592119
}