{
    "dataset": "blobs-P5-K2-N128-dt0.80-S7",
    "algorithm": "kmeans",
    "k": 2,
    "n": 128,
    "d": 5,
    "k_true": 2,
    "rand_score": 0.5275590551181102,
    "adjusted_rand_score": 0.055242582274949825,
    "accuracy": 0.625,
    "f1_score": 0.6226971260132645,
    "precision": 0.6281281281281281,
    "recall": 0.625,
    "sigui": 0.5235944151788363,
    "sse": 529.2582256038884,
    "sc": 0.16593443665310117,
    "ch": 26.364188403475502,
    "db": 2.058316787744521,
    "bic": -963.628883607633,
    "xb": 131.64519740791053
}