{
    "dataset": "blobs-P10-K8-N128-dt0.90-S8",
    "algorithm": "kmeans",
    "k": 8,
    "n": 128,
    "d": 10,
    "k_true": 8,
    "rand_score": 0.8051181102362205,
    "adjusted_rand_score": 0.07452798940046373,
    "accuracy": 0.3359375,
    "f1_score": 0.3356665585218143,
    "precision": 0.3384271978021978,
    "recall": 0.3359375,
    "sigui": 0.5004098649936211,
    "sse": 816.0770712449878,
    "sc": 0.0862414847439052,
    "ch": 9.745359566113304,
    "db": 1.9792791337000688,
    "bic": -2007.6828715480797,
    "xb": 153.63979490600974
}