{
    "dataset": "blobs-P5-K2-N1024-dt0.70-S6",
    "algorithm": "kmeans",
    "k": 25,
    "n": 1024,
    "d": 5,
    "k_true": 2,
    "rand_score": 0.5117473881964809,
    "adjusted_rand_score": 0.022617763726948032,
    "accuracy": 0.0859375,
    "f1_score": 0.012473968630552262,
    "precision": 0.06734545454545454,
    "recall": 0.006875,
    "sigui": 0.37539592932398147,
    "sse": 1711.790900735996,
    "sc": 0.1309750588875343,
    "ch": 82.87618756231717,
    "db": 1.4737027786538377,
    "bic": -8249.547300312961,
    "xb": 787.0085677787653
}