{
    "dataset": "blobs-P10-K8-N64-dt0.50-S4",
    "algorithm": "kmeans",
    "k": 32,
    "n": 64,
    "d": 10,
    "k_true": 8,
    "rand_score": 0.8859126984126984,
    "adjusted_rand_score": 0.1403654485049834,
    "accuracy": 0.328125,
    "f1_score": 0.11309731934731934,
    "precision": 0.190625,
    "recall": 0.08203125,
    "sigui": 0.25344183361310635,
    "sse": 119.15047708109842,
    "sc": 0.09747359938180168,
    "ch": 4.512370689598402,
    "db": 0.853488042718213,
    "bic": -1374.7491411167207,
    "xb": 28.074613194377395
}