{
    "dataset": "blobs-P10-K2-N64-dt0.40-S3",
    "algorithm": "kmeans",
    "k": 16,
    "n": 64,
    "d": 10,
    "k_true": 2,
    "rand_score": 0.5347222222222222,
    "adjusted_rand_score": 0.05648869587431345,
    "accuracy": 0.203125,
    "f1_score": 0.041611842105263155,
    "precision": 0.1171875,
    "recall": 0.025390625,
    "sigui": 0.3988204994157023,
    "sse": 264.5233797284075,
    "sc": 0.06772652612849797,
    "ch": 4.542226800907847,
    "db": 1.4292739223786808,
    "bic": -1169.6762048243704,
    "xb": 69.5590810770988
}