{
    "dataset": "blobs-P2-K8-N64-dt0.90-S8",
    "algorithm": "kmeans",
    "k": 2,
    "n": 64,
    "d": 2,
    "k_true": 8,
    "rand_score": 0.5873015873015873,
    "adjusted_rand_score": 0.1746031746031746,
    "accuracy": 0.25,
    "f1_score": 0.10101010101010101,
    "precision": 0.06349206349206349,
    "recall": 0.25,
    "sigui": 0.3633955514732139,
    "sse": 56.56186267954323,
    "sc": 0.48673016791197277,
    "ch": 78.30655328595144,
    "db": 0.8052531352313156,
    "bic": -185.7243076138195,
    "xb": 12.132762705316233
}