{
    "dataset": "blobs-P2-K2-N128-dt0.50-S4",
    "algorithm": "kmeans",
    "k": 10,
    "n": 128,
    "d": 2,
    "k_true": 2,
    "rand_score": 0.5482283464566929,
    "adjusted_rand_score": 0.0911564201606648,
    "accuracy": 0.28125,
    "f1_score": 0.08291954958621625,
    "precision": 0.16383442265795206,
    "recall": 0.05625,
    "sigui": 0.25829490949811623,
    "sse": 40.13598927013504,
    "sc": 0.2893877829011278,
    "ch": 70.51569130439471,
    "db": 0.9678092591651304,
    "bic": -469.6888685284607,
    "xb": 95.0529504963277
}