{
    "dataset": "blobs-P5-K4-N128-dt0.90-S8",
    "algorithm": "kmeans",
    "k": 8,
    "n": 128,
    "d": 5,
    "k_true": 4,
    "rand_score": 0.7571358267716536,
    "adjusted_rand_score": 0.2041788088299716,
    "accuracy": 0.3984375,
    "f1_score": 0.2626595744680851,
    "precision": 0.3875,
    "recall": 0.19921875,
    "sigui": 0.4284250484353223,
    "sse": 278.75394265583856,
    "sc": 0.16636846472287808,
    "ch": 22.21597117324801,
    "db": 1.438687444446993,
    "bic": -1024.7905041266076,
    "xb": 85.06720501491301
}