{
    "dataset": "blobs-P10-K8-N1024-dt1.00-S9",
    "algorithm": "kmeans",
    "k": 10,
    "n": 1024,
    "d": 10,
    "k_true": 8,
    "rand_score": 0.8090424150782014,
    "adjusted_rand_score": 0.04151599991850218,
    "accuracy": 0.2177734375,
    "f1_score": 0.1945652004070693,
    "precision": 0.2215357954951899,
    "recall": 0.17421875,
    "sigui": 0.5135442319097148,
    "sse": 7091.622987619408,
    "sc": 0.07179073844562,
    "ch": 50.01917671231912,
    "db": 2.235563693471942,
    "bic": -15384.10676972166,
    "xb": 1646.3278230509534
}