{
    "dataset": "blobs-P2-K2-N128-dt1.00-S9",
    "algorithm": "kmeans",
    "k": 32,
    "n": 128,
    "d": 2,
    "k_true": 2,
    "rand_score": 0.5092273622047244,
    "adjusted_rand_score": 0.011141669806035787,
    "accuracy": 0.09375,
    "f1_score": 0.010638832997987928,
    "precision": 0.05803571428571429,
    "recall": 0.005859375,
    "sigui": 0.10653874153641099,
    "sse": 5.97467195942756,
    "sc": 0.36659697399833435,
    "ch": 129.5923841287679,
    "db": 0.6280109852596759,
    "bic": -547.9053924944249,
    "xb": 98.24749125256926
}