{
    "dataset": "blobs-P5-K16-N64-dt0.20-S1",
    "algorithm": "kmeans",
    "k": 3,
    "n": 64,
    "d": 5,
    "k_true": 16,
    "rand_score": 0.7123015873015873,
    "adjusted_rand_score": 0.17187924938808813,
    "accuracy": 0.1875,
    "f1_score": 0.060227272727272727,
    "precision": 0.0360042735042735,
    "recall": 0.1875,
    "sigui": 0.4903093782023409,
    "sse": 189.61586639627046,
    "sc": 0.24412113320098228,
    "ch": 20.972485849907606,
    "db": 1.488725564945165,
    "bic": -477.4571075268815,
    "xb": 42.799553779112976
}