{
    "dataset": "blobs-P2-K32-N128-dt0.50-S4",
    "algorithm": "kmeans",
    "k": 3,
    "n": 128,
    "d": 2,
    "k_true": 32,
    "rand_score": 0.6318897637795275,
    "adjusted_rand_score": 0.07241338905597,
    "accuracy": 0.09375,
    "f1_score": 0.01865079365079365,
    "precision": 0.010518790849673203,
    "recall": 0.09375,
    "sigui": 0.3805814357973166,
    "sse": 93.99384318614955,
    "sc": 0.4393805427592532,
    "ch": 107.72391528680126,
    "db": 0.8351522924781613,
    "bic": -385.7221274281013,
    "xb": 26.784621882881243
}