{
    "dataset": "blobs-P2-K2-N128-dt0.20-S1",
    "algorithm": "kmeans",
    "k": 2,
    "n": 128,
    "d": 2,
    "k_true": 2,
    "rand_score": 0.531619094488189,
    "adjusted_rand_score": 0.06450152372659991,
    "accuracy": 0.6328125,
    "f1_score": 0.6157138294474609,
    "precision": 0.6615681615681616,
    "recall": 0.6328125,
    "sigui": 0.48277968946615,
    "sse": 178.01806123403173,
    "sc": 0.31515028452434307,
    "ch": 55.195097713116866,
    "db": 1.2198552350293583,
    "bic": -408.28640964372823,
    "xb": 52.23820583707216
}