{
    "dataset": "blobs-P5-K2-N64-dt0.10-S0",
    "algorithm": "kmeans",
    "k": 3,
    "n": 64,
    "d": 5,
    "k_true": 2,
    "rand_score": 0.8809523809523809,
    "adjusted_rand_score": 0.7609410574247407,
    "accuracy": 0.8125,
    "f1_score": 0.5897435897435898,
    "precision": 0.6666666666666666,
    "recall": 0.5416666666666666,
    "sigui": 0.3754964513346647,
    "sse": 108.48492556129275,
    "sc": 0.42267243043751307,
    "ch": 59.46641652748069,
    "db": 0.9023089485995753,
    "bic": -384.12963384091097,
    "xb": 22.768486056656005
}