{
    "dataset": "blobs-P2-K8-N128-dt0.90-S8",
    "algorithm": "kmeans",
    "k": 32,
    "n": 128,
    "d": 2,
    "k_true": 8,
    "rand_score": 0.874261811023622,
    "adjusted_rand_score": 0.11672315000068052,
    "accuracy": 0.2578125,
    "f1_score": 0.09372170544939423,
    "precision": 0.1837797619047619,
    "recall": 0.064453125,
    "sigui": 0.10171474241036141,
    "sse": 5.798182185720765,
    "sc": 0.3894057068203193,
    "ch": 133.63128438673547,
    "db": 0.6279248742844457,
    "bic": -542.0416724487843,
    "xb": 54.21755341835783
}