{
    "dataset": "blobs-P5-K4-N128-dt0.30-S2",
    "algorithm": "kmeans",
    "k": 32,
    "n": 128,
    "d": 5,
    "k_true": 4,
    "rand_score": 0.781373031496063,
    "adjusted_rand_score": 0.15798644146211333,
    "accuracy": 0.2109375,
    "f1_score": 0.043314366998577526,
    "precision": 0.125,
    "recall": 0.0263671875,
    "sigui": 0.21994591993999352,
    "sse": 59.4568380244413,
    "sc": 0.20837233298621136,
    "ch": 30.237246748773522,
    "db": 1.0660680067014483,
    "bic": -1055.5165285955486,
    "xb": 117.83560734784434
}