{
    "dataset": "blobs-P5-K16-N1024-dt0.80-S7",
    "algorithm": "kmeans",
    "k": 10,
    "n": 1024,
    "d": 5,
    "k_true": 16,
    "rand_score": 0.8836811919599218,
    "adjusted_rand_score": 0.22299303393377135,
    "accuracy": 0.40625,
    "f1_score": 0.3143651897722728,
    "precision": 0.2578653488022246,
    "recall": 0.40625,
    "sigui": 0.42521524631124785,
    "sse": 2305.3385226294686,
    "sc": 0.15330626308718986,
    "ch": 137.55833398762968,
    "db": 1.5273215229516288,
    "bic": -7781.137402930151,
    "xb": 868.1398565827225
}