{
    "dataset": "blobs-P5-K8-N128-dt0.60-S5",
    "algorithm": "kmeans",
    "k": 25,
    "n": 128,
    "d": 5,
    "k_true": 8,
    "rand_score": 0.8759842519685039,
    "adjusted_rand_score": 0.15773406145141128,
    "accuracy": 0.296875,
    "f1_score": 0.134927159796725,
    "precision": 0.24104761904761907,
    "recall": 0.095,
    "sigui": 0.31471613916421837,
    "sse": 138.15768163057282,
    "sc": 0.14799272601165786,
    "ch": 15.588998919566352,
    "db": 1.2551051305894814,
    "bic": -1190.3607772157986,
    "xb": 88.59281451567855
}