{
    "dataset": "blobs-P5-K4-N64-dt0.50-S4",
    "algorithm": "kmeans",
    "k": 8,
    "n": 64,
    "d": 5,
    "k_true": 4,
    "rand_score": 0.7946428571428571,
    "adjusted_rand_score": 0.3382554422286497,
    "accuracy": 0.515625,
    "f1_score": 0.308306277056277,
    "precision": 0.4375,
    "recall": 0.2578125,
    "sigui": 0.36978215119164304,
    "sse": 106.27588118033135,
    "sc": 0.2216940661865951,
    "ch": 16.088250048532963,
    "db": 1.2090679943112392,
    "bic": -506.0233097743583,
    "xb": 34.20728741698798
}