{
    "dataset": "blobs-P2-K16-N64-dt0.10-S0",
    "algorithm": "kmeans",
    "k": 4,
    "n": 64,
    "d": 2,
    "k_true": 16,
    "rand_score": 0.7619047619047619,
    "adjusted_rand_score": 0.2222222222222222,
    "accuracy": 0.25,
    "f1_score": 0.125,
    "precision": 0.1,
    "recall": 0.25,
    "sigui": 0.24729192525739968,
    "sse": 21.873984757060402,
    "sc": 0.5394072721952972,
    "ch": 97.03400310607294,
    "db": 0.5411570831396991,
    "bic": -174.51643597349891,
    "xb": 12.496568118930004
}