{
    "dataset": "blobs-P5-K4-N128-dt0.90-S8",
    "algorithm": "kmeans",
    "k": 3,
    "n": 128,
    "d": 5,
    "k_true": 4,
    "rand_score": 0.7004183070866141,
    "adjusted_rand_score": 0.2819160669959341,
    "accuracy": 0.5703125,
    "f1_score": 0.4942222330618019,
    "precision": 0.44229055258467026,
    "recall": 0.5703125,
    "sigui": 0.5112965469631653,
    "sse": 448.5370778417867,
    "sc": 0.1623955994378337,
    "ch": 26.678803662044796,
    "db": 1.7119331294274867,
    "bic": -976.7733104361998,
    "xb": 100.93527104204003
}