{
    "dataset": "blobs-P2-K4-N64-dt1.00-S9",
    "algorithm": "kmeans",
    "k": 50,
    "n": 64,
    "d": 2,
    "k_true": 4,
    "rand_score": 0.7599206349206349,
    "adjusted_rand_score": 0.008970358814352574,
    "accuracy": 0.109375,
    "f1_score": 0.015321637426900585,
    "precision": 0.06333333333333332,
    "recall": 0.00875,
    "sigui": 0.01926066779210208,
    "sse": 0.18227928778892447,
    "sc": 0.1909049609795042,
    "ch": 200.34831833008957,
    "db": 0.20815594562230585,
    "bic": -367.05140077361193,
    "xb": 70.58826745449495
}