{
    "dataset": "blobs-P10-K8-N128-dt0.60-S5",
    "algorithm": "kmeans",
    "k": 25,
    "n": 128,
    "d": 10,
    "k_true": 8,
    "rand_score": 0.859744094488189,
    "adjusted_rand_score": 0.0903950542822678,
    "accuracy": 0.2578125,
    "f1_score": 0.10855042735042737,
    "precision": 0.16879797979797978,
    "recall": 0.0825,
    "sigui": 0.4057963598510158,
    "sse": 491.535446371614,
    "sc": 0.09440870388481998,
    "ch": 6.884197401497048,
    "db": 1.3708218570044606,
    "bic": -2272.808272984451,
    "xb": 112.56354755830168
}