{
    "dataset": "blobs-P5-K8-N1024-dt0.90-S8",
    "algorithm": "kmeans",
    "k": 50,
    "n": 1024,
    "d": 5,
    "k_true": 8,
    "rand_score": 0.8661679802052786,
    "adjusted_rand_score": 0.04957492916104523,
    "accuracy": 0.115234375,
    "f1_score": 0.030219088487331826,
    "precision": 0.08866066966516742,
    "recall": 0.0184375,
    "sigui": 0.33249653861902323,
    "sse": 1237.0541620280417,
    "sc": 0.13835850238117808,
    "ch": 62.39294638258496,
    "db": 1.4304744294116467,
    "bic": -8596.525177084904,
    "xb": 1155.134123491027
}