{
    "dataset": "blobs-P5-K8-N128-dt0.70-S6",
    "algorithm": "kmeans",
    "k": 3,
    "n": 128,
    "d": 5,
    "k_true": 8,
    "rand_score": 0.718626968503937,
    "adjusted_rand_score": 0.25771233027250956,
    "accuracy": 0.359375,
    "f1_score": 0.20026943625644802,
    "precision": 0.14048273639754277,
    "recall": 0.359375,
    "sigui": 0.4740951191004631,
    "sse": 377.8891212100581,
    "sc": 0.22931931230235986,
    "ch": 43.35115515343218,
    "db": 1.4500666745762192,
    "bic": -921.2799173961387,
    "xb": 69.75109277649958
}