{
    "dataset": "blobs-P2-K32-N128-dt0.70-S6",
    "algorithm": "kmeans",
    "k": 4,
    "n": 128,
    "d": 2,
    "k_true": 32,
    "rand_score": 0.7722687007874016,
    "adjusted_rand_score": 0.13211204270825258,
    "accuracy": 0.125,
    "f1_score": 0.02841898954703833,
    "precision": 0.016091191998450063,
    "recall": 0.125,
    "sigui": 0.2913460903271153,
    "sse": 52.75506812909868,
    "sc": 0.49510491909108656,
    "ch": 159.24139263307814,
    "db": 0.7035184275839511,
    "bic": -365.9683608271271,
    "xb": 20.42410274076131
}