{
    "dataset": "blobs-P10-K2-N128-dt0.30-S2",
    "algorithm": "kmeans",
    "k": 2,
    "n": 128,
    "d": 10,
    "k_true": 2,
    "rand_score": 0.8957923228346457,
    "adjusted_rand_score": 0.7915721269451286,
    "accuracy": 0.9453125,
    "f1_score": 0.9453091619361533,
    "precision": 0.9454212454212454,
    "recall": 0.9453125,
    "sigui": 0.5418711189463812,
    "sse": 1029.4105330625734,
    "sc": 0.1767685432575038,
    "ch": 30.672187450987018,
    "db": 1.9645331935535215,
    "bic": -1818.9606253325408,
    "xb": 124.47667521669847
}