{
    "dataset": "blobs-P10-K2-N1024-dt0.30-S2",
    "algorithm": "kmeans",
    "k": 10,
    "n": 1024,
    "d": 10,
    "k_true": 2,
    "rand_score": 0.5820770711143695,
    "adjusted_rand_score": 0.16350130141188832,
    "accuracy": 0.2333984375,
    "f1_score": 0.07498302182065138,
    "precision": 0.19049403098806197,
    "recall": 0.0466796875,
    "sigui": 0.5027597302547651,
    "sse": 6480.136678660574,
    "sc": 0.07602205306485033,
    "ch": 65.37073036322663,
    "db": 2.2820772809744936,
    "bic": -14918.15071399496,
    "xb": 1449.2516206052726
}