{
    "dataset": "blobs-P2-K4-N64-dt0.30-S2",
    "algorithm": "kmeans",
    "k": 25,
    "n": 64,
    "d": 2,
    "k_true": 4,
    "rand_score": 0.7921626984126984,
    "adjusted_rand_score": 0.18985360464045667,
    "accuracy": 0.28125,
    "f1_score": 0.06886580086580087,
    "precision": 0.15,
    "recall": 0.045,
    "sigui": 0.06123565500051201,
    "sse": 1.3670373205040958,
    "sc": 0.4246574071707818,
    "ch": 150.52885628484518,
    "db": 0.5068221855156082,
    "bic": -251.72253793958595,
    "xb": 47.942173308097196
}