{
    "dataset": "blobs-P5-K16-N64-dt0.50-S4",
    "algorithm": "kmeans",
    "k": 3,
    "n": 64,
    "d": 5,
    "k_true": 16,
    "rand_score": 0.6314484126984127,
    "adjusted_rand_score": 0.12553942722636327,
    "accuracy": 0.1875,
    "f1_score": 0.07448717948717948,
    "precision": 0.05029761904761905,
    "recall": 0.1875,
    "sigui": 0.4742710734845882,
    "sse": 188.0552959560872,
    "sc": 0.28899845891829284,
    "ch": 21.39962851287665,
    "db": 1.297424350078722,
    "bic": -467.77899329723795,
    "xb": 34.94362378935439
}