{
    "dataset": "blobs-P5-K8-N64-dt0.10-S0",
    "algorithm": "kmeans",
    "k": 3,
    "n": 64,
    "d": 5,
    "k_true": 8,
    "rand_score": 0.7777777777777778,
    "adjusted_rand_score": 0.4,
    "accuracy": 0.375,
    "f1_score": 0.20833333333333331,
    "precision": 0.14583333333333331,
    "recall": 0.375,
    "sigui": 0.4569521192969641,
    "sse": 157.4690181475789,
    "sc": 0.43829882923807173,
    "ch": 31.480446152607577,
    "db": 1.1755435851322438,
    "bic": -447.4775046396838,
    "xb": 23.847349667792784
}