{
    "dataset": "blobs-P5-K2-N128-dt0.20-S1",
    "algorithm": "kmeans",
    "k": 2,
    "n": 128,
    "d": 5,
    "k_true": 2,
    "rand_score": 0.9389763779527559,
    "adjusted_rand_score": 0.877946134470064,
    "accuracy": 0.96875,
    "f1_score": 0.9687423687423687,
    "precision": 0.969208211143695,
    "recall": 0.96875,
    "sigui": 0.5221541754003753,
    "sse": 526.0348649199365,
    "sc": 0.17598517816774156,
    "ch": 27.297823733173157,
    "db": 2.0416778273230767,
    "bic": -963.1804275371203,
    "xb": 130.2863105259737
}