{
    "dataset": "blobs-P2-K16-N1024-dt0.70-S6",
    "algorithm": "kmeans",
    "k": 10,
    "n": 1024,
    "d": 2,
    "k_true": 16,
    "rand_score": 0.9430481732649071,
    "adjusted_rand_score": 0.6300182895256202,
    "accuracy": 0.6220703125,
    "f1_score": 0.49102684996007573,
    "precision": 0.41943236225820735,
    "recall": 0.6220703125,
    "sigui": 0.14731902052734108,
    "sse": 100.07911485507597,
    "sc": 0.5149289028090075,
    "ch": 2193.0046429071504,
    "db": 0.6443189708660737,
    "bic": -2242.921421795626,
    "xb": 205.18511699776192
}