{
    "dataset": "blobs-P5-K2-N64-dt1.00-S9",
    "algorithm": "kmeans",
    "k": 16,
    "n": 64,
    "d": 5,
    "k_true": 2,
    "rand_score": 0.5233134920634921,
    "adjusted_rand_score": 0.033399856310369604,
    "accuracy": 0.1875,
    "f1_score": 0.03708791208791209,
    "precision": 0.09107142857142857,
    "recall": 0.0234375,
    "sigui": 0.3264452986872389,
    "sse": 83.71636535738836,
    "sc": 0.17759909949553843,
    "ch": 9.031778047559817,
    "db": 0.9917941830373608,
    "bic": -612.1644172424283,
    "xb": 32.75752549944388
}