{
    "dataset": "blobs-P10-K32-N1024-dt0.60-S5",
    "algorithm": "kmeans",
    "k": 10,
    "n": 1024,
    "d": 10,
    "k_true": 32,
    "rand_score": 0.8883931298875856,
    "adjusted_rand_score": 0.10296205395858918,
    "accuracy": 0.1923828125,
    "f1_score": 0.09161121898462252,
    "precision": 0.060249617203483846,
    "recall": 0.1923828125,
    "sigui": 0.5069288225996075,
    "sse": 6819.260657970868,
    "sc": 0.07957722205301986,
    "ch": 56.51687456050826,
    "db": 2.148508359962576,
    "bic": -15182.441135251822,
    "xb": 1384.2965197691062
}