{
    "dataset": "blobs-P10-K8-N1024-dt0.30-S2",
    "algorithm": "kmeans",
    "k": 10,
    "n": 1024,
    "d": 10,
    "k_true": 8,
    "rand_score": 0.9639655119745846,
    "adjusted_rand_score": 0.8234057066727943,
    "accuracy": 0.8623046875,
    "f1_score": 0.7254595468625183,
    "precision": 0.7730343141990715,
    "recall": 0.68984375,
    "sigui": 0.4209326296058076,
    "sse": 3955.5140691838224,
    "sc": 0.19069907733667063,
    "ch": 179.0038081408522,
    "db": 1.9230689996868868,
    "bic": -12358.279874123065,
    "xb": 2104.392912122943
}