{
    "dataset": "blobs-P10-K32-N1024-dt0.10-S0",
    "algorithm": "kmeans",
    "k": 32,
    "n": 1024,
    "d": 10,
    "k_true": 32,
    "rand_score": 0.9955095307917888,
    "adjusted_rand_score": 0.9274530037238099,
    "accuracy": 0.92578125,
    "f1_score": 0.9101190476190476,
    "precision": 0.90625,
    "recall": 0.92578125,
    "sigui": 0.19974540195051782,
    "sse": 719.0060904683008,
    "sc": 0.5883110215544151,
    "ch": 423.7402285515781,
    "db": 0.7918144429560774,
    "bic": -5642.987249097856,
    "xb": 2077.137300270517
}