{
    "dataset": "blobs-P2-K8-N128-dt0.70-S6",
    "algorithm": "kmeans",
    "k": 3,
    "n": 128,
    "d": 2,
    "k_true": 8,
    "rand_score": 0.7316683070866141,
    "adjusted_rand_score": 0.3255553472335514,
    "accuracy": 0.375,
    "f1_score": 0.2155988977869629,
    "precision": 0.15485209235209235,
    "recall": 0.375,
    "sigui": 0.3608791788755046,
    "sse": 85.79490614564935,
    "sc": 0.4386661380176717,
    "ch": 123.99125826698457,
    "db": 0.8596722962927009,
    "bic": -378.94032418508607,
    "xb": 26.23830345562959
}