{
    "dataset": "blobs-P10-K8-N1024-dt0.30-S2",
    "algorithm": "kmeans",
    "k": 25,
    "n": 1024,
    "d": 10,
    "k_true": 8,
    "rand_score": 0.9097934995112414,
    "adjusted_rand_score": 0.42400997570542975,
    "accuracy": 0.419921875,
    "f1_score": 0.1852263469848755,
    "precision": 0.3046412970104831,
    "recall": 0.134375,
    "sigui": 0.38997452380124986,
    "sse": 3326.054740074216,
    "sc": 0.08693213559494073,
    "ch": 86.52682951273047,
    "db": 2.416499302369766,
    "bic": -12972.959912668066,
    "xb": 2036.4797545285132
}