{
    "dataset": "blobs-P2-K16-N128-dt0.50-S4",
    "algorithm": "kmeans",
    "k": 4,
    "n": 128,
    "d": 2,
    "k_true": 16,
    "rand_score": 0.8003198818897638,
    "adjusted_rand_score": 0.28760925840801554,
    "accuracy": 0.25,
    "f1_score": 0.10248164175190139,
    "precision": 0.06501564558629776,
    "recall": 0.25,
    "sigui": 0.29608467926747256,
    "sse": 53.12435509080667,
    "sc": 0.5283492129531226,
    "ch": 157.84712382697325,
    "db": 0.7192566447614135,
    "bic": -366.2389392336714,
    "xb": 19.10360441766374
}