{
    "dataset": "blobs-P5-K32-N64-dt0.70-S6",
    "algorithm": "kmeans",
    "k": 20,
    "n": 64,
    "d": 5,
    "k_true": 32,
    "rand_score": 0.9613095238095238,
    "adjusted_rand_score": 0.3557944415312008,
    "accuracy": 0.59375,
    "f1_score": 0.4818948412698413,
    "precision": 0.4349702380952381,
    "recall": 0.59375,
    "sigui": 0.2694732449227957,
    "sse": 46.62801168240445,
    "sc": 0.2572205447340137,
    "ch": 13.577074168592672,
    "db": 0.8721266067662393,
    "bic": -590.8377151597685,
    "xb": 28.8443489107083
}