{
    "dataset": "blobs-P5-K4-N1024-dt0.20-S1",
    "algorithm": "kmeans",
    "k": 25,
    "n": 1024,
    "d": 5,
    "k_true": 4,
    "rand_score": 0.7940207264173998,
    "adjusted_rand_score": 0.24102013652881896,
    "accuracy": 0.2158203125,
    "f1_score": 0.0561180670283763,
    "precision": 0.16,
    "recall": 0.03453125,
    "sigui": 0.238572297332728,
    "sse": 538.3092256056774,
    "sc": 0.1511395976927058,
    "ch": 354.2812744284357,
    "db": 1.5857680072830769,
    "bic": -5253.719286559663,
    "xb": 961.4830403362952
}