{
    "dataset": "blobs-P2-K4-N64-dt0.40-S3",
    "algorithm": "kmeans",
    "k": 8,
    "n": 64,
    "d": 2,
    "k_true": 4,
    "rand_score": 0.7956349206349206,
    "adjusted_rand_score": 0.3490821546795065,
    "accuracy": 0.5625,
    "f1_score": 0.3295982142857143,
    "precision": 0.4105902777777778,
    "recall": 0.28125,
    "sigui": 0.23066363730723563,
    "sse": 14.36872473456929,
    "sc": 0.4119841013036012,
    "ch": 63.265893036171036,
    "db": 0.6866782783299331,
    "bic": -216.90966926403985,
    "xb": 14.202665272688265
}