{
    "dataset": "blobs-P2-K16-N1024-dt0.60-S5",
    "algorithm": "kmeans",
    "k": 16,
    "n": 1024,
    "d": 2,
    "k_true": 16,
    "rand_score": 0.9622013990713587,
    "adjusted_rand_score": 0.6815237869881885,
    "accuracy": 0.7734375,
    "f1_score": 0.7615376215723613,
    "precision": 0.763500586385307,
    "recall": 0.7734375,
    "sigui": 0.1395125926735752,
    "sse": 86.50378704477066,
    "sc": 0.4334310308675815,
    "ch": 1523.897066728126,
    "db": 0.7876654197212312,
    "bic": -2641.17493117984,
    "xb": 320.0275366229454
}