{
    "dataset": "blobs-P2-K4-N1024-dt0.80-S7",
    "algorithm": "kmeans",
    "k": 20,
    "n": 1024,
    "d": 2,
    "k_true": 4,
    "rand_score": 0.7550212304496579,
    "adjusted_rand_score": 0.11354437080253688,
    "accuracy": 0.1845703125,
    "f1_score": 0.05795706742598623,
    "precision": 0.13500736923272133,
    "recall": 0.0369140625,
    "sigui": 0.17532581424467059,
    "sse": 141.24527464617972,
    "sc": 0.3224224045778247,
    "ch": 713.3472900992059,
    "db": 0.8469777506414967,
    "bic": -3391.9847391482826,
    "xb": 328.3236707894681
}