{
    "dataset": "blobs-P2-K4-N1024-dt0.10-S0",
    "algorithm": "kmeans",
    "k": 32,
    "n": 1024,
    "d": 2,
    "k_true": 4,
    "rand_score": 0.7849920576735093,
    "adjusted_rand_score": 0.1930541483789746,
    "accuracy": 0.20703125,
    "f1_score": 0.042814938271442005,
    "precision": 0.125,
    "recall": 0.02587890625,
    "sigui": 0.05008378830652803,
    "sse": 9.155153848914232,
    "sc": 0.32260452107163984,
    "ch": 7140.283601911057,
    "db": 0.8849361453879048,
    "bic": -1186.0135991126833,
    "xb": 277.6447526550311
}