{
    "dataset": "blobs-P2-K32-N128-dt0.20-S1",
    "algorithm": "kmeans",
    "k": 2,
    "n": 128,
    "d": 2,
    "k_true": 32,
    "rand_score": 0.5098425196850394,
    "adjusted_rand_score": 0.04476665156320798,
    "accuracy": 0.0625,
    "f1_score": 0.007589285714285714,
    "precision": 0.004048582995951417,
    "recall": 0.0625,
    "sigui": 0.4116440618694631,
    "sse": 135.06162438322,
    "sc": 0.4283063480328726,
    "ch": 112.82431554708494,
    "db": 0.9647167694722673,
    "bic": -382.4304859976602,
    "xb": 31.464260148960896
}