{
    "dataset": "blobs-P2-K32-N128-dt0.50-S4",
    "algorithm": "kmeans",
    "k": 8,
    "n": 128,
    "d": 2,
    "k_true": 32,
    "rand_score": 0.8770915354330708,
    "adjusted_rand_score": 0.2437637465801191,
    "accuracy": 0.25,
    "f1_score": 0.11904761904761905,
    "precision": 0.08794769924098672,
    "recall": 0.25,
    "sigui": 0.1978590783873131,
    "sse": 25.414007758205777,
    "sc": 0.5026555633367836,
    "ch": 155.5403131121149,
    "db": 0.6402294680289851,
    "bic": -377.3313402519315,
    "xb": 33.13265512289382
}