{
    "dataset": "blobs-P10-K16-N1024-dt0.70-S6",
    "algorithm": "kmeans",
    "k": 10,
    "n": 1024,
    "d": 10,
    "k_true": 16,
    "rand_score": 0.9074127107771262,
    "adjusted_rand_score": 0.38519040391412934,
    "accuracy": 0.5234375,
    "f1_score": 0.4075097801125418,
    "precision": 0.33648978098950044,
    "recall": 0.5234375,
    "sigui": 0.48695204100711903,
    "sse": 6102.872760275046,
    "sc": 0.11747008054896466,
    "ch": 76.37654494613314,
    "db": 1.929924369442275,
    "bic": -14607.356033303224,
    "xb": 1158.8761547555403
}