{
    "dataset": "blobs-P5-K8-N128-dt0.30-S2",
    "algorithm": "kmeans",
    "k": 32,
    "n": 128,
    "d": 5,
    "k_true": 8,
    "rand_score": 0.9125246062992126,
    "adjusted_rand_score": 0.38183647902076356,
    "accuracy": 0.3671875,
    "f1_score": 0.13157768157768157,
    "precision": 0.25,
    "recall": 0.091796875,
    "sigui": 0.1709261040678814,
    "sse": 32.628120495273684,
    "sc": 0.1978902202664095,
    "ch": 57.646396230811725,
    "db": 1.1583995374607656,
    "bic": -863.179928101576,
    "xb": 119.04585229009717
}