{
    "dataset": "blobs-P5-K16-N128-dt0.70-S6",
    "algorithm": "kmeans",
    "k": 20,
    "n": 128,
    "d": 5,
    "k_true": 16,
    "rand_score": 0.9669045275590551,
    "adjusted_rand_score": 0.6566429138566992,
    "accuracy": 0.7578125,
    "f1_score": 0.6424824929971988,
    "precision": 0.6965674603174603,
    "recall": 0.60625,
    "sigui": 0.26659390160730023,
    "sse": 92.88312335660568,
    "sc": 0.2698121305088821,
    "ch": 33.48215905058954,
    "db": 1.1611742938359988,
    "bic": -964.0187476595445,
    "xb": 105.91536366230308
}