{
    "dataset": "blobs-P10-K16-N128-dt0.70-S6",
    "algorithm": "kmeans",
    "k": 50,
    "n": 128,
    "d": 10,
    "k_true": 16,
    "rand_score": 0.9334399606299213,
    "adjusted_rand_score": 0.09855810231044752,
    "accuracy": 0.296875,
    "f1_score": 0.13025641025641024,
    "precision": 0.22990476190476192,
    "recall": 0.095,
    "sigui": 0.2983927307272598,
    "sse": 271.77105353031664,
    "sc": 0.0962286455873599,
    "ch": 5.905470259337664,
    "db": 1.0043363994116639,
    "bic": -2702.47535374143,
    "xb": 113.39465522796186
}