{
    "dataset": "blobs-P2-K2-N128-dt0.40-S3",
    "algorithm": "kmeans",
    "k": 2,
    "n": 128,
    "d": 2,
    "k_true": 2,
    "rand_score": 0.6831938976377953,
    "adjusted_rand_score": 0.3663595586169481,
    "accuracy": 0.8046875,
    "f1_score": 0.8045801526717558,
    "precision": 0.8053584536334719,
    "recall": 0.8046875,
    "sigui": 0.4229082221505823,
    "sse": 162.27514895580168,
    "sc": 0.3411730871916098,
    "ch": 72.77350418446058,
    "db": 1.15412430963787,
    "bic": -408.04914279830655,
    "xb": 48.09129659915787
}