{
    "dataset": "blobs-P10-K2-N64-dt0.30-S2",
    "algorithm": "kmeans",
    "k": 32,
    "n": 64,
    "d": 10,
    "k_true": 2,
    "rand_score": 0.5307539682539683,
    "adjusted_rand_score": 0.04740745476631929,
    "accuracy": 0.171875,
    "f1_score": 0.01816239316239316,
    "precision": 0.0625,
    "recall": 0.0107421875,
    "sigui": 0.23566589113543765,
    "sse": 103.69425916337306,
    "sc": 0.0897167941440413,
    "ch": 5.338829077824687,
    "db": 0.8346590759846291,
    "bic": -1326.6414619525856,
    "xb": 35.92113569935908
}