{
    "dataset": "blobs-P2-K8-N64-dt0.80-S7",
    "algorithm": "kmeans",
    "k": 10,
    "n": 64,
    "d": 2,
    "k_true": 8,
    "rand_score": 0.8898809523809523,
    "adjusted_rand_score": 0.4126984126984127,
    "accuracy": 0.59375,
    "f1_score": 0.4992834358623831,
    "precision": 0.550974025974026,
    "recall": 0.475,
    "sigui": 0.15043979617645978,
    "sse": 6.723030231201496,
    "sc": 0.38983004265509025,
    "ch": 108.23420296932807,
    "db": 0.83050986455382,
    "bic": -199.58670741258766,
    "xb": 32.32031313138564
}