{
    "dataset": "blobs-P5-K2-N128-dt0.60-S5",
    "algorithm": "kmeans",
    "k": 2,
    "n": 128,
    "d": 5,
    "k_true": 2,
    "rand_score": 0.5857529527559056,
    "adjusted_rand_score": 0.1714561409967506,
    "accuracy": 0.7109375,
    "f1_score": 0.710919855948239,
    "precision": 0.710989010989011,
    "recall": 0.7109375,
    "sigui": 0.5214849099194304,
    "sse": 517.5039891128239,
    "sc": 0.16996411017759788,
    "ch": 29.824885791207336,
    "db": 1.9520025582846436,
    "bic": -957.9952288398765,
    "xb": 120.42983032337786
}