{
    "dataset": "blobs-P5-K2-N64-dt0.70-S6",
    "algorithm": "kmeans",
    "k": 16,
    "n": 64,
    "d": 5,
    "k_true": 2,
    "rand_score": 0.5406746031746031,
    "adjusted_rand_score": 0.06873762850392695,
    "accuracy": 0.234375,
    "f1_score": 0.04682614133833646,
    "precision": 0.11805555555555555,
    "recall": 0.029296875,
    "sigui": 0.3300110966949114,
    "sse": 86.59880813899929,
    "sc": 0.1361349552429454,
    "ch": 8.624643110057391,
    "db": 1.0711849938072964,
    "bic": -614.6871594938243,
    "xb": 52.38453028084656
}