{
    "dataset": "blobs-P10-K16-N1024-dt1.00-S9",
    "algorithm": "kmeans",
    "k": 3,
    "n": 1024,
    "d": 10,
    "k_true": 16,
    "rand_score": 0.656108718230694,
    "adjusted_rand_score": 0.026774969114934023,
    "accuracy": 0.1337890625,
    "f1_score": 0.04221525641641834,
    "precision": 0.025062406428088477,
    "recall": 0.1337890625,
    "sigui": 0.5574224288901732,
    "sse": 8878.49864843479,
    "sc": 0.07123945683942796,
    "ch": 78.28423109537458,
    "db": 2.9116771659702856,
    "bic": -15038.725648830608,
    "xb": 2116.369574461736
}