{
    "dataset": "blobs-P5-K32-N64-dt0.90-S8",
    "algorithm": "kmeans",
    "k": 20,
    "n": 64,
    "d": 5,
    "k_true": 32,
    "rand_score": 0.9538690476190477,
    "adjusted_rand_score": 0.2614395562838775,
    "accuracy": 0.546875,
    "f1_score": 0.43918650793650793,
    "precision": 0.4141369047619048,
    "recall": 0.546875,
    "sigui": 0.25523544250782876,
    "sse": 46.24004947655671,
    "sc": 0.24467071234337945,
    "ch": 13.710418109736608,
    "db": 0.8590841226169745,
    "bic": -587.4349966124113,
    "xb": 54.145714678795514
}