{
    "dataset": "blobs-P2-K4-N1024-dt1.00-S9",
    "algorithm": "kmeans",
    "k": 4,
    "n": 1024,
    "d": 2,
    "k_true": 4,
    "rand_score": 0.7111303305229717,
    "adjusted_rand_score": 0.2310867014882628,
    "accuracy": 0.5439453125,
    "f1_score": 0.5427694470569384,
    "precision": 0.5447036573694237,
    "recall": 0.5439453125,
    "sigui": 0.3446831672343647,
    "sse": 642.3634381546361,
    "sc": 0.34939484185710645,
    "ch": 743.9969379334043,
    "db": 0.9155886611798416,
    "bic": -3174.1482808144287,
    "xb": 288.20922509320775
}