{
    "dataset": "blobs-P10-K32-N64-dt0.30-S2",
    "algorithm": "kmeans",
    "k": 3,
    "n": 64,
    "d": 10,
    "k_true": 32,
    "rand_score": 0.6815476190476191,
    "adjusted_rand_score": 0.043286971331251776,
    "accuracy": 0.09375,
    "f1_score": 0.01626602564102564,
    "precision": 0.00891729797979798,
    "recall": 0.09375,
    "sigui": 0.5499668835592573,
    "sse": 509.80675455448204,
    "sc": 0.09431344169649873,
    "ch": 7.7890179967475,
    "db": 2.415381551201735,
    "bic": -974.191122831387,
    "xb": 97.88001706357049
}