{
    "dataset": "blobs-P10-K32-N128-dt1.00-S9",
    "algorithm": "kmeans",
    "k": 3,
    "n": 128,
    "d": 10,
    "k_true": 32,
    "rand_score": 0.6611712598425197,
    "adjusted_rand_score": 0.011949557612122444,
    "accuracy": 0.09375,
    "f1_score": 0.01638663967611336,
    "precision": 0.008998028559249787,
    "recall": 0.09375,
    "sigui": 0.548552663403153,
    "sse": 1056.7161517027184,
    "sc": 0.08349084075264927,
    "ch": 13.206233761160574,
    "db": 2.49995708790821,
    "bic": -1913.0227350071614,
    "xb": 209.9776054273557
}