{
    "dataset": "blobs-P2-K8-N1024-dt0.90-S8",
    "algorithm": "kmeans",
    "k": 16,
    "n": 1024,
    "d": 2,
    "k_true": 8,
    "rand_score": 0.8775793468963832,
    "adjusted_rand_score": 0.29169423000890354,
    "accuracy": 0.3837890625,
    "f1_score": 0.24939252740723267,
    "precision": 0.35802645268521405,
    "recall": 0.19189453125,
    "sigui": 0.18212077507191884,
    "sse": 133.4339566451431,
    "sc": 0.32501815428023273,
    "ch": 964.3077424877503,
    "db": 0.8944942924334238,
    "bic": -3086.9735810808284,
    "xb": 368.1721562468052
}