{
    "dataset": "blobs-P10-K2-N1024-dt0.10-S0",
    "algorithm": "kmeans",
    "k": 4,
    "n": 1024,
    "d": 10,
    "k_true": 2,
    "rand_score": 0.8332340542521994,
    "adjusted_rand_score": 0.6663590116816346,
    "accuracy": 0.669921875,
    "f1_score": 0.37682215743440234,
    "precision": 0.5,
    "recall": 0.3349609375,
    "sigui": 0.49822231401103234,
    "sse": 6799.667652805565,
    "sc": 0.15682705823377713,
    "ch": 172.02502501184452,
    "db": 2.175124522182317,
    "bic": -13858.266944846111,
    "xb": 1722.3448622522494
}