{
    "dataset": "blobs-P5-K2-N128-dt0.20-S1",
    "algorithm": "kmeans",
    "k": 8,
    "n": 128,
    "d": 5,
    "k_true": 2,
    "rand_score": 0.6001476377952756,
    "adjusted_rand_score": 0.19551946735689896,
    "accuracy": 0.3046875,
    "f1_score": 0.11664275466284074,
    "precision": 0.25,
    "recall": 0.076171875,
    "sigui": 0.42502151447829717,
    "sse": 296.7093761243988,
    "sc": 0.1596692192458289,
    "ch": 19.834162979448237,
    "db": 1.4980378298646335,
    "bic": -1042.904505140472,
    "xb": 93.98538744752236
}