{
    "dataset": "blobs-P2-K32-N1024-dt1.00-S9",
    "algorithm": "kmeans",
    "k": 16,
    "n": 1024,
    "d": 2,
    "k_true": 32,
    "rand_score": 0.9525216886608016,
    "adjusted_rand_score": 0.5191909060123108,
    "accuracy": 0.490234375,
    "f1_score": 0.35204091224601763,
    "precision": 0.2941778468481838,
    "recall": 0.490234375,
    "sigui": 0.1079031885127205,
    "sse": 57.305533516615334,
    "sc": 0.5462436751245047,
    "ch": 2334.411006031317,
    "db": 0.6447273857318385,
    "bic": -2158.740544475959,
    "xb": 474.73983805397415
}