{
    "dataset": "blobs-P5-K2-N1024-dt0.30-S2",
    "algorithm": "kmeans",
    "k": 32,
    "n": 1024,
    "d": 5,
    "k_true": 2,
    "rand_score": 0.5270611864613881,
    "adjusted_rand_score": 0.053258829132861236,
    "accuracy": 0.0908203125,
    "f1_score": 0.010387916163532861,
    "precision": 0.06118289707187223,
    "recall": 0.00567626953125,
    "sigui": 0.3413637041024682,
    "sse": 1304.927777327326,
    "sc": 0.15385451134500988,
    "ch": 93.55484130743777,
    "db": 1.41829177278783,
    "bic": -7923.4605627763485,
    "xb": 906.8928113381196
}