{
    "dataset": "blobs-P2-K16-N1024-dt0.80-S7",
    "algorithm": "kmeans",
    "k": 4,
    "n": 1024,
    "d": 2,
    "k_true": 16,
    "rand_score": 0.7501088251466276,
    "adjusted_rand_score": 0.24356170242053823,
    "accuracy": 0.25,
    "f1_score": 0.12505459111256687,
    "precision": 0.09797418497936315,
    "recall": 0.25,
    "sigui": 0.2566772038672082,
    "sse": 389.8054420406721,
    "sc": 0.5409183086856697,
    "ch": 1446.3270362637634,
    "db": 0.5649585241642732,
    "bic": -2529.584841581126,
    "xb": 180.62341665502944
}