{
    "dataset": "blobs-P5-K4-N64-dt0.40-S3",
    "algorithm": "kmeans",
    "k": 50,
    "n": 64,
    "d": 5,
    "k_true": 4,
    "rand_score": 0.7683531746031746,
    "adjusted_rand_score": 0.04275256222547584,
    "accuracy": 0.140625,
    "f1_score": 0.01964912280701754,
    "precision": 0.08,
    "recall": 0.01125,
    "sigui": 0.06061644798189664,
    "sse": 3.994910980625211,
    "sc": 0.1222403154895261,
    "ch": 22.600545726583327,
    "db": 0.4017600838927139,
    "bic": -740.9741099407895,
    "xb": 23.07872817268
}