{
    "dataset": "blobs-P5-K16-N128-dt0.10-S0",
    "algorithm": "kmeans",
    "k": 4,
    "n": 128,
    "d": 5,
    "k_true": 16,
    "rand_score": 0.7637795275590551,
    "adjusted_rand_score": 0.2485207100591716,
    "accuracy": 0.25,
    "f1_score": 0.109375,
    "precision": 0.07142857142857142,
    "recall": 0.25,
    "sigui": 0.3711676182460648,
    "sse": 206.92998522299266,
    "sc": 0.434559896768269,
    "ch": 86.50378657380136,
    "db": 0.8774079845506264,
    "bic": -772.0168548931773,
    "xb": 35.597050929169804
}