{
    "dataset": "blobs-P10-K16-N128-dt0.70-S6",
    "algorithm": "kmeans",
    "k": 32,
    "n": 128,
    "d": 10,
    "k_true": 16,
    "rand_score": 0.9245816929133859,
    "adjusted_rand_score": 0.10118339779483923,
    "accuracy": 0.328125,
    "f1_score": 0.20378101887147942,
    "precision": 0.30186350108225113,
    "recall": 0.1640625,
    "sigui": 0.38325810923741344,
    "sse": 431.9407483857225,
    "sc": 0.08319089920894548,
    "ch": 6.080111716280626,
    "db": 1.3706495931349765,
    "bic": -2425.9536379570172,
    "xb": 120.46856631549163
}