{
    "dataset": "blobs-P10-K8-N64-dt1.00-S9",
    "algorithm": "kmeans",
    "k": 20,
    "n": 64,
    "d": 10,
    "k_true": 8,
    "rand_score": 0.841765873015873,
    "adjusted_rand_score": 0.025788937902952155,
    "accuracy": 0.296875,
    "f1_score": 0.13964701964701964,
    "precision": 0.18142857142857144,
    "recall": 0.11875,
    "sigui": 0.36316211575938373,
    "sse": 222.32073747718692,
    "sc": 0.08090382269206338,
    "ch": 4.350728818654482,
    "db": 1.113827600397568,
    "bic": -1220.7307235497015,
    "xb": 57.5627406925792
}