{
    "dataset": "blobs-P10-K2-N64-dt0.90-S8",
    "algorithm": "kmeans",
    "k": 2,
    "n": 64,
    "d": 10,
    "k_true": 2,
    "rand_score": 0.5,
    "adjusted_rand_score": 0.001321003963011889,
    "accuracy": 0.5625,
    "f1_score": 0.5515515515515516,
    "precision": 0.5692640692640694,
    "recall": 0.5625,
    "sigui": 0.5610813050726489,
    "sse": 577.9134885575571,
    "sc": 0.0840182613384024,
    "ch": 6.660795751695086,
    "db": 2.7838403321902367,
    "bic": -962.5573403708295,
    "xb": 121.28534439586521
}