{
    "dataset": "blobs-P2-K4-N1024-dt0.20-S1",
    "algorithm": "kmeans",
    "k": 3,
    "n": 1024,
    "d": 2,
    "k_true": 4,
    "rand_score": 0.8739022024682307,
    "adjusted_rand_score": 0.7111313950788787,
    "accuracy": 0.7490234375,
    "f1_score": 0.6654744272924842,
    "precision": 0.6230544747081712,
    "recall": 0.7490234375,
    "sigui": 0.30157613170551734,
    "sse": 484.1966377625888,
    "sc": 0.586043457027619,
    "ch": 1648.7549771331373,
    "db": 0.5779597753267561,
    "bic": -2526.495738607278,
    "xb": 111.77838725734378
}