{
    "dataset": "blobs-P2-K4-N1024-dt0.90-S8",
    "algorithm": "kmeans",
    "k": 20,
    "n": 1024,
    "d": 2,
    "k_true": 4,
    "rand_score": 0.7647906738758553,
    "adjusted_rand_score": 0.1549464101295127,
    "accuracy": 0.22265625,
    "f1_score": 0.06844414917909955,
    "precision": 0.15027109221989599,
    "recall": 0.04453125,
    "sigui": 0.1815102216727742,
    "sse": 137.61030590618154,
    "sc": 0.3259604651026182,
    "ch": 733.5861412718708,
    "db": 0.87911316723737,
    "bic": -3319.8790945782735,
    "xb": 307.0698425415204
}