{
    "dataset": "blobs-P10-K4-N1024-dt0.40-S3",
    "algorithm": "kmeans",
    "k": 32,
    "n": 1024,
    "d": 10,
    "k_true": 4,
    "rand_score": 0.7597274407380255,
    "adjusted_rand_score": 0.09424016053164859,
    "accuracy": 0.138671875,
    "f1_score": 0.030000365182822203,
    "precision": 0.11182418244687814,
    "recall": 0.017333984375,
    "sigui": 0.4532047230949579,
    "sse": 4945.229449984056,
    "sc": 0.0774982418112447,
    "ch": 34.26183947866292,
    "db": 2.018046787307978,
    "bic": -15548.44343054501,
    "xb": 1623.0293050790651
}