{
    "dataset": "blobs-P5-K8-N128-dt1.00-S9",
    "algorithm": "kmeans",
    "k": 4,
    "n": 128,
    "d": 5,
    "k_true": 8,
    "rand_score": 0.7594734251968503,
    "adjusted_rand_score": 0.2133644246884792,
    "accuracy": 0.3828125,
    "f1_score": 0.25611253196930944,
    "precision": 0.19287646092919924,
    "recall": 0.3828125,
    "sigui": 0.4897628664690349,
    "sse": 387.74594237807844,
    "sc": 0.17633430996685015,
    "ch": 26.890032644638787,
    "db": 1.6045057273150523,
    "bic": -983.1858327093262,
    "xb": 92.6406162983585
}