{
    "dataset": "blobs-P10-K8-N64-dt0.40-S3",
    "algorithm": "kmeans",
    "k": 25,
    "n": 64,
    "d": 10,
    "k_true": 8,
    "rand_score": 0.8948412698412699,
    "adjusted_rand_score": 0.23434991974317818,
    "accuracy": 0.359375,
    "f1_score": 0.16039826839826837,
    "precision": 0.2833333333333333,
    "recall": 0.115,
    "sigui": 0.3164239162171984,
    "sse": 148.41779413121074,
    "sc": 0.09670964132005229,
    "ch": 5.382246038709981,
    "db": 1.139377105548958,
    "bic": -1245.0696101829562,
    "xb": 52.92780889509581
}