{
    "dataset": "blobs-P10-K4-N1024-dt0.10-S0",
    "algorithm": "kmeans",
    "k": 32,
    "n": 1024,
    "d": 10,
    "k_true": 4,
    "rand_score": 0.7834112292277615,
    "adjusted_rand_score": 0.18469544928915138,
    "accuracy": 0.169921875,
    "f1_score": 0.036276080387512545,
    "precision": 0.125,
    "recall": 0.021240234375,
    "sigui": 0.26888486977231907,
    "sse": 1317.9084098253752,
    "sc": 0.09460649460076635,
    "ch": 216.63639806609797,
    "db": 2.1064016692140597,
    "bic": -8763.806881230474,
    "xb": 1475.1649934357952
}