{
    "dataset": "blobs-P10-K32-N1024-dt0.80-S7",
    "algorithm": "kmeans",
    "k": 2,
    "n": 1024,
    "d": 10,
    "k_true": 32,
    "rand_score": 0.5110199780058651,
    "adjusted_rand_score": 0.021267597739744525,
    "accuracy": 0.0625,
    "f1_score": 0.007353835755322744,
    "precision": 0.003906786515482168,
    "recall": 0.0625,
    "sigui": 0.5680143796638827,
    "sse": 9325.424937581589,
    "sc": 0.08639149531808146,
    "ch": 100.23089779263422,
    "db": 3.1154281416354266,
    "bic": -14836.886669742484,
    "xb": 2290.42095816061
}