{
    "dataset": "blobs-P5-K8-N1024-dt0.40-S3",
    "algorithm": "kmeans",
    "k": 3,
    "n": 1024,
    "d": 5,
    "k_true": 8,
    "rand_score": 0.6566490255376344,
    "adjusted_rand_score": 0.2757958532131594,
    "accuracy": 0.375,
    "f1_score": 0.24897795622829821,
    "precision": 0.21045147181889817,
    "recall": 0.375,
    "sigui": 0.46594282877891735,
    "sse": 2922.229877059445,
    "sc": 0.35371397977659647,
    "ch": 383.9402425418194,
    "db": 1.1781339005029599,
    "bic": -6817.665278384318,
    "xb": 453.1407151829254
}