{
    "dataset": "blobs-P5-K8-N1024-dt0.20-S1",
    "algorithm": "kmeans",
    "k": 10,
    "n": 1024,
    "d": 5,
    "k_true": 8,
    "rand_score": 0.9832237445014663,
    "adjusted_rand_score": 0.9185436773563365,
    "accuracy": 0.88671875,
    "f1_score": 0.7407619508597193,
    "precision": 0.7976683624031008,
    "recall": 0.709375,
    "sigui": 0.2344741496125775,
    "sse": 535.5654605528226,
    "sc": 0.46336664499269137,
    "ch": 964.4254459163448,
    "db": 0.9727379118890234,
    "bic": -3998.040623037944,
    "xb": 715.4718329431167
}