{
    "dataset": "blobs-P5-K16-N64-dt0.90-S8",
    "algorithm": "kmeans",
    "k": 16,
    "n": 64,
    "d": 5,
    "k_true": 16,
    "rand_score": 0.9117063492063492,
    "adjusted_rand_score": 0.12988826815642457,
    "accuracy": 0.4375,
    "f1_score": 0.4416215728715729,
    "precision": 0.49226190476190473,
    "recall": 0.4375,
    "sigui": 0.3064103058210659,
    "sse": 70.48253051401119,
    "sc": 0.22159175898290634,
    "ch": 11.328422752875468,
    "db": 1.0624480732990063,
    "bic": -588.4765810081002,
    "xb": 37.644823304122504
}