{
    "dataset": "blobs-P2-K32-N128-dt0.70-S6",
    "algorithm": "kmeans",
    "k": 50,
    "n": 128,
    "d": 2,
    "k_true": 32,
    "rand_score": 0.9876968503937008,
    "adjusted_rand_score": 0.6890303623898139,
    "accuracy": 0.7421875,
    "f1_score": 0.5187301587301587,
    "precision": 0.6013333333333333,
    "recall": 0.475,
    "sigui": 0.029904535347549305,
    "sse": 0.4867645485614877,
    "sc": 0.5217865826738508,
    "ch": 835.5895177536893,
    "db": 0.3921096608459532,
    "bic": -424.852523557763,
    "xb": 139.92654909129382
}