{
    "dataset": "blobs-P5-K32-N128-dt0.20-S1",
    "algorithm": "kmeans",
    "k": 16,
    "n": 128,
    "d": 5,
    "k_true": 32,
    "rand_score": 0.9509104330708661,
    "adjusted_rand_score": 0.4675472054975885,
    "accuracy": 0.5,
    "f1_score": 0.3673611111111111,
    "precision": 0.3134469696969697,
    "recall": 0.5,
    "sigui": 0.25289564595420266,
    "sse": 83.58724436939578,
    "sc": 0.4616098524671072,
    "ch": 49.70314079281101,
    "db": 0.7966533916432065,
    "bic": -831.9077903789826,
    "xb": 33.41072807124019
}