{
    "dataset": "blobs-P10-K2-N1024-dt0.10-S0",
    "algorithm": "kmeans",
    "k": 32,
    "n": 1024,
    "d": 10,
    "k_true": 2,
    "rand_score": 0.5331649407380255,
    "adjusted_rand_score": 0.06547606858950837,
    "accuracy": 0.095703125,
    "f1_score": 0.010904952571619237,
    "precision": 0.0625,
    "recall": 0.0059814453125,
    "sigui": 0.4138526766871904,
    "sse": 3920.784184187194,
    "sc": 0.09557701116383163,
    "ch": 51.5751177842323,
    "db": 1.82851360522009,
    "bic": -14348.134934426527,
    "xb": 1128.5781490182735
}