{
    "dataset": "blobs-P5-K2-N64-dt0.30-S2",
    "algorithm": "kmeans",
    "k": 10,
    "n": 64,
    "d": 5,
    "k_true": 2,
    "rand_score": 0.5877976190476191,
    "adjusted_rand_score": 0.16519700859470923,
    "accuracy": 0.34375,
    "f1_score": 0.10042417815482503,
    "precision": 0.19285714285714287,
    "recall": 0.06875,
    "sigui": 0.3545529910984329,
    "sse": 99.7073644277867,
    "sc": 0.18881299513821445,
    "ch": 13.256350932739426,
    "db": 1.261957497181814,
    "bic": -535.9224945961284,
    "xb": 59.066022788927576
}