{
    "dataset": "blobs-P10-K32-N64-dt0.10-S0",
    "algorithm": "kmeans",
    "k": 2,
    "n": 64,
    "d": 10,
    "k_true": 32,
    "rand_score": 0.5218253968253969,
    "adjusted_rand_score": 0.03249856623972472,
    "accuracy": 0.0625,
    "f1_score": 0.007378472222222222,
    "precision": 0.00392156862745098,
    "recall": 0.0625,
    "sigui": 0.5685181522920282,
    "sse": 566.1228719250208,
    "sc": 0.10506936968964167,
    "ch": 8.090791182970172,
    "db": 2.7111054586112697,
    "bic": -959.0140459555314,
    "xb": 111.14133800417795
}