{
    "dataset": "blobs-P2-K32-N64-dt0.10-S0",
    "algorithm": "kmeans",
    "k": 32,
    "n": 64,
    "d": 2,
    "k_true": 32,
    "rand_score": 1.0,
    "adjusted_rand_score": 1.0,
    "accuracy": 1.0,
    "f1_score": 1.0,
    "precision": 1.0,
    "recall": 1.0,
    "sigui": 0.0049925031509134125,
    "sse": 0.004840711183263333,
    "sc": 0.9448768730246351,
    "ch": 27294.343825288306,
    "db": 0.05754992996320135,
    "bic": 36.2752916472387,
    "xb": 95.1620487029984
}