{
    "dataset": "blobs-P5-K16-N64-dt0.70-S6",
    "algorithm": "kmeans",
    "k": 32,
    "n": 64,
    "d": 5,
    "k_true": 16,
    "rand_score": 0.9464285714285714,
    "adjusted_rand_score": 0.2636363636363636,
    "accuracy": 0.484375,
    "f1_score": 0.27527281746031745,
    "precision": 0.3515625,
    "recall": 0.2421875,
    "sigui": 0.1703680899057975,
    "sse": 26.56718216483335,
    "sc": 0.18254464703733167,
    "ch": 11.401223913200164,
    "db": 0.6523219847127523,
    "bic": -697.1080143614953,
    "xb": 37.61779142413788
}