{
    "dataset": "blobs-P10-K8-N1024-dt0.80-S7",
    "algorithm": "kmeans",
    "k": 4,
    "n": 1024,
    "d": 10,
    "k_true": 8,
    "rand_score": 0.7238285068426198,
    "adjusted_rand_score": 0.1136460678124657,
    "accuracy": 0.3271484375,
    "f1_score": 0.21836258436606748,
    "precision": 0.16388643944932182,
    "recall": 0.3271484375,
    "sigui": 0.5428988780277599,
    "sse": 8299.631806954512,
    "sc": 0.07620959148336799,
    "ch": 79.4884882824152,
    "db": 2.6859883814393677,
    "bic": -15026.20077257475,
    "xb": 1900.821088620562
}