{
    "dataset": "blobs-P5-K8-N64-dt0.40-S3",
    "algorithm": "kmeans",
    "k": 2,
    "n": 64,
    "d": 5,
    "k_true": 8,
    "rand_score": 0.5773809523809523,
    "adjusted_rand_score": 0.15476190476190477,
    "accuracy": 0.25,
    "f1_score": 0.10101010101010101,
    "precision": 0.06349206349206349,
    "recall": 0.25,
    "sigui": 0.509723440985605,
    "sse": 233.66753790921194,
    "sc": 0.2483421089950306,
    "ch": 22.906958739422933,
    "db": 1.5440231990682118,
    "bic": -472.6460631034156,
    "xb": 39.98193031175166
}