{
    "dataset": "blobs-P5-K16-N128-dt0.20-S1",
    "algorithm": "kmeans",
    "k": 10,
    "n": 128,
    "d": 5,
    "k_true": 16,
    "rand_score": 0.9212598425196851,
    "adjusted_rand_score": 0.5480427046263345,
    "accuracy": 0.625,
    "f1_score": 0.5354166666666667,
    "precision": 0.5052083333333334,
    "recall": 0.625,
    "sigui": 0.2346678357969005,
    "sse": 107.97479546876494,
    "sc": 0.5499875593425166,
    "ch": 64.60249857605426,
    "db": 0.6801098027411084,
    "bic": -758.3225483061178,
    "xb": 33.4357835785513
}