{
    "dataset": "blobs-P10-K4-N1024-dt0.80-S7",
    "algorithm": "kmeans",
    "k": 16,
    "n": 1024,
    "d": 10,
    "k_true": 4,
    "rand_score": 0.7399441746089932,
    "adjusted_rand_score": 0.0758131298066677,
    "accuracy": 0.18359375,
    "f1_score": 0.07236501194454126,
    "precision": 0.17420879642179454,
    "recall": 0.0458984375,
    "sigui": 0.4920107113165701,
    "sse": 6281.723181089487,
    "sc": 0.07346218840896271,
    "ch": 42.34446418007434,
    "db": 2.1650364055139084,
    "bic": -15458.014254995569,
    "xb": 1351.6890147277863
}