{
    "dataset": "blobs-P2-K8-N128-dt0.90-S8",
    "algorithm": "kmeans",
    "k": 10,
    "n": 128,
    "d": 2,
    "k_true": 8,
    "rand_score": 0.8348917322834646,
    "adjusted_rand_score": 0.2180133058040835,
    "accuracy": 0.453125,
    "f1_score": 0.3701716957011075,
    "precision": 0.421205533596838,
    "recall": 0.3625,
    "sigui": 0.24250622218969364,
    "sse": 32.53102869958162,
    "sc": 0.3487457464307627,
    "ch": 90.0655967465046,
    "db": 0.7996980039504313,
    "bic": -447.6346637027175,
    "xb": 39.6274034831393
}