{
    "dataset": "blobs-P10-K4-N1024-dt0.10-S0",
    "algorithm": "kmeans",
    "k": 16,
    "n": 1024,
    "d": 10,
    "k_true": 4,
    "rand_score": 0.8242225684261975,
    "adjusted_rand_score": 0.3856499328846873,
    "accuracy": 0.349609375,
    "f1_score": 0.12744064711310565,
    "precision": 0.25,
    "recall": 0.08740234375,
    "sigui": 0.2932487050461515,
    "sse": 1594.673573400165,
    "sc": 0.11454086743126513,
    "ch": 364.31652568793305,
    "db": 2.1060237803986435,
    "bic": -8372.2362196195,
    "xb": 1921.7092075034407
}