{
    "dataset": "blobs-P10-K16-N128-dt0.90-S8",
    "algorithm": "kmeans",
    "k": 16,
    "n": 128,
    "d": 10,
    "k_true": 16,
    "rand_score": 0.8964074803149606,
    "adjusted_rand_score": 0.0825840768702814,
    "accuracy": 0.3203125,
    "f1_score": 0.3105606338965472,
    "precision": 0.32039418914418916,
    "recall": 0.3203125,
    "sigui": 0.4552452792204961,
    "sse": 652.4778032761809,
    "sc": 0.08377147000580258,
    "ch": 7.181085770802692,
    "db": 1.7697416842927158,
    "bic": -2162.2111287282723,
    "xb": 152.97557642054542
}