{
    "dataset": "blobs-P2-K8-N128-dt1.00-S9",
    "algorithm": "kmeans",
    "k": 4,
    "n": 128,
    "d": 2,
    "k_true": 8,
    "rand_score": 0.812130905511811,
    "adjusted_rand_score": 0.38783685245570454,
    "accuracy": 0.4765625,
    "f1_score": 0.32020008003201283,
    "precision": 0.24235470411940999,
    "recall": 0.4765625,
    "sigui": 0.31365933331722873,
    "sse": 58.86130413535648,
    "sc": 0.43897372903918436,
    "ch": 138.43389216001748,
    "db": 0.7504692473439563,
    "bic": -380.89627993833045,
    "xb": 24.435350159894657
}