{
    "dataset": "blobs-P5-K16-N64-dt0.80-S7",
    "algorithm": "kmeans",
    "k": 4,
    "n": 64,
    "d": 5,
    "k_true": 16,
    "rand_score": 0.7048611111111112,
    "adjusted_rand_score": 0.15591434168749577,
    "accuracy": 0.25,
    "f1_score": 0.12828282828282828,
    "precision": 0.09695340501792113,
    "recall": 0.25,
    "sigui": 0.42965804313880396,
    "sse": 162.3304878800219,
    "sc": 0.25426988768741016,
    "ch": 19.425742407244062,
    "db": 1.1444415177753482,
    "bic": -472.3184024707216,
    "xb": 34.64441382782396
}