{
    "dataset": "blobs-P10-K8-N64-dt0.40-S3",
    "algorithm": "kmeans",
    "k": 50,
    "n": 64,
    "d": 10,
    "k_true": 8,
    "rand_score": 0.8903769841269841,
    "adjusted_rand_score": 0.07445323406235459,
    "accuracy": 0.234375,
    "f1_score": 0.05888888888888889,
    "precision": 0.155,
    "recall": 0.0375,
    "sigui": 0.10187652006567854,
    "sse": 32.20051421760631,
    "sc": 0.05347790022950255,
    "ch": 5.392988284729818,
    "db": 0.5397398696629617,
    "bic": -1575.8499145830083,
    "xb": 16.763998554726445
}