{
    "dataset": "blobs-P2-K8-N64-dt0.40-S3",
    "algorithm": "kmeans",
    "k": 2,
    "n": 64,
    "d": 2,
    "k_true": 8,
    "rand_score": 0.5877976190476191,
    "adjusted_rand_score": 0.19606578523057078,
    "accuracy": 0.25,
    "f1_score": 0.10315925209542232,
    "precision": 0.06564102564102564,
    "recall": 0.25,
    "sigui": 0.3252105189137909,
    "sse": 46.72389393210373,
    "sc": 0.5673483899695207,
    "ch": 107.84885745036797,
    "db": 0.6051315265400725,
    "bic": -172.45284241237923,
    "xb": 8.921768964314886
}