{
    "dataset": "blobs-P10-K2-N128-dt0.10-S0",
    "algorithm": "kmeans",
    "k": 3,
    "n": 128,
    "d": 10,
    "k_true": 2,
    "rand_score": 0.875123031496063,
    "adjusted_rand_score": 0.7497383906608863,
    "accuracy": 0.7734375,
    "f1_score": 0.5690235690235691,
    "precision": 0.6666666666666666,
    "recall": 0.515625,
    "sigui": 0.5047777271423967,
    "sse": 857.0535375555951,
    "sc": 0.1741503716305194,
    "ch": 30.84306025755197,
    "db": 2.018137981006334,
    "bic": -1772.5674137174824,
    "xb": 189.2037325031905
}