{
    "dataset": "blobs-P10-K4-N64-dt0.70-S6",
    "algorithm": "kmeans",
    "k": 2,
    "n": 64,
    "d": 10,
    "k_true": 4,
    "rand_score": 0.5481150793650794,
    "adjusted_rand_score": 0.11146718684687196,
    "accuracy": 0.421875,
    "f1_score": 0.2858093126385809,
    "precision": 0.21974358974358976,
    "recall": 0.421875,
    "sigui": 0.5532514214566406,
    "sse": 568.8152654281089,
    "sc": 0.0906034317893433,
    "ch": 7.759027951079252,
    "db": 2.638353793802073,
    "bic": -959.1136888561376,
    "xb": 110.86950120147685
}