{
    "dataset": "blobs-P5-K32-N128-dt0.40-S3",
    "algorithm": "kmeans",
    "k": 3,
    "n": 128,
    "d": 5,
    "k_true": 32,
    "rand_score": 0.64185531496063,
    "adjusted_rand_score": 0.07203403657174412,
    "accuracy": 0.09375,
    "f1_score": 0.01888991960420532,
    "precision": 0.010746287762416795,
    "recall": 0.09375,
    "sigui": 0.49749989067742484,
    "sse": 419.9383015142067,
    "sc": 0.22256450794886284,
    "ch": 32.752087879978205,
    "db": 1.562630576602179,
    "bic": -946.9856601731917,
    "xb": 82.14491332081539
}