{
    "dataset": "blobs-P10-K8-N128-dt0.90-S8",
    "algorithm": "kmeans",
    "k": 16,
    "n": 128,
    "d": 10,
    "k_true": 8,
    "rand_score": 0.8471948818897638,
    "adjusted_rand_score": 0.1089280065078863,
    "accuracy": 0.328125,
    "f1_score": 0.19976882770735843,
    "precision": 0.2685994560994561,
    "recall": 0.1640625,
    "sigui": 0.45047201316465413,
    "sse": 640.3370235581602,
    "sc": 0.08909472305302013,
    "ch": 7.458806922578742,
    "db": 1.6593431962642686,
    "bic": -2144.095196260344,
    "xb": 141.27603749307892
}