{
    "dataset": "blobs-P5-K8-N128-dt0.40-S3",
    "algorithm": "kmeans",
    "k": 16,
    "n": 128,
    "d": 5,
    "k_true": 8,
    "rand_score": 0.9025590551181102,
    "adjusted_rand_score": 0.41904629886332134,
    "accuracy": 0.5234375,
    "f1_score": 0.3218698370872284,
    "precision": 0.4369047619047619,
    "recall": 0.26171875,
    "sigui": 0.33561977502970963,
    "sse": 146.74761799811964,
    "sc": 0.1776801663818227,
    "ch": 25.097178197431216,
    "db": 1.3301449189314303,
    "bic": -1016.7695188704622,
    "xb": 167.77145731404428
}