{
    "dataset": "blobs-P5-K8-N64-dt0.70-S6",
    "algorithm": "kmeans",
    "k": 3,
    "n": 64,
    "d": 5,
    "k_true": 8,
    "rand_score": 0.5927579365079365,
    "adjusted_rand_score": 0.14250899384936752,
    "accuracy": 0.359375,
    "f1_score": 0.23327664399092968,
    "precision": 0.18881332082551594,
    "recall": 0.359375,
    "sigui": 0.4762963904620796,
    "sse": 202.3474183017679,
    "sc": 0.2260247607059243,
    "ch": 17.733874599993978,
    "db": 1.3538931985255456,
    "bic": -475.88004216776636,
    "xb": 34.057943304588804
}