{
    "dataset": "blobs-P2-K16-N1024-dt0.80-S7",
    "algorithm": "kmeans",
    "k": 8,
    "n": 1024,
    "d": 2,
    "k_true": 16,
    "rand_score": 0.9029279692082112,
    "adjusted_rand_score": 0.49984909914990694,
    "accuracy": 0.49609375,
    "f1_score": 0.3605212120248361,
    "precision": 0.3026920826689576,
    "recall": 0.49609375,
    "sigui": 0.16718824375166158,
    "sse": 121.4663318658221,
    "sc": 0.5252282495927334,
    "ch": 2302.0584937379076,
    "db": 0.6261389823498155,
    "bic": -2121.7092696191603,
    "xb": 260.90481229688936
}