{
    "dataset": "blobs-P2-K2-N128-dt0.80-S7",
    "algorithm": "kmeans",
    "k": 10,
    "n": 128,
    "d": 2,
    "k_true": 2,
    "rand_score": 0.515501968503937,
    "adjusted_rand_score": 0.025277920700999424,
    "accuracy": 0.25,
    "f1_score": 0.07242966751918159,
    "precision": 0.13333333333333333,
    "recall": 0.05,
    "sigui": 0.2359865474676749,
    "sse": 35.11229863643617,
    "sc": 0.3748312378594809,
    "ch": 82.48059250243267,
    "db": 0.7864366707042245,
    "bic": -454.6188972012442,
    "xb": 35.194842903653154
}