{
    "dataset": "blobs-P5-K2-N1024-dt0.60-S5",
    "algorithm": "kmeans",
    "k": 3,
    "n": 1024,
    "d": 5,
    "k_true": 2,
    "rand_score": 0.5822030791788856,
    "adjusted_rand_score": 0.16413984264055795,
    "accuracy": 0.5625,
    "f1_score": 0.43636213345456804,
    "precision": 0.5220579538734477,
    "recall": 0.375,
    "sigui": 0.5060672465997416,
    "sse": 3815.292315572975,
    "sc": 0.14279028498689814,
    "ch": 174.60285027933705,
    "db": 1.911490057647704,
    "bic": -7692.522522861573,
    "xb": 973.7859386473228
}