{
    "dataset": "blobs-P10-K8-N1024-dt0.10-S0",
    "algorithm": "kmeans",
    "k": 16,
    "n": 1024,
    "d": 10,
    "k_true": 8,
    "rand_score": 0.9497036901270772,
    "adjusted_rand_score": 0.7200430081827073,
    "accuracy": 0.6474609375,
    "f1_score": 0.3839396459269161,
    "precision": 0.5,
    "recall": 0.32373046875,
    "sigui": 0.22894845234005565,
    "sse": 892.1449980267864,
    "sc": 0.24202979926967436,
    "ch": 704.1185653923703,
    "db": 2.0395738709905045,
    "bic": -5391.8915567627855,
    "xb": 1605.6680973253917
}