{
    "dataset": "blobs-P10-K32-N64-dt0.90-S8",
    "algorithm": "kmeans",
    "k": 50,
    "n": 64,
    "d": 10,
    "k_true": 32,
    "rand_score": 0.9747023809523809,
    "adjusted_rand_score": -0.011968503937007874,
    "accuracy": 0.5,
    "f1_score": 0.38933333333333336,
    "precision": 0.5383333333333333,
    "recall": 0.32,
    "sigui": 0.11312336829763778,
    "sse": 41.580245135740086,
    "sc": 0.02378893229596185,
    "ch": 4.111978471031128,
    "db": 0.5701749613689623,
    "bic": -1657.655596509153,
    "xb": 15.575759915960322
}