{
    "dataset": "blobs-P5-K16-N1024-dt0.80-S7",
    "algorithm": "kmeans",
    "k": 50,
    "n": 1024,
    "d": 5,
    "k_true": 16,
    "rand_score": 0.9289429068914956,
    "adjusted_rand_score": 0.1125097340914736,
    "accuracy": 0.197265625,
    "f1_score": 0.09140255852752752,
    "precision": 0.1780270105613456,
    "recall": 0.063125,
    "sigui": 0.32318503948999544,
    "sse": 1156.0838986501528,
    "sc": 0.14907927343459235,
    "ch": 68.15504016377868,
    "db": 1.3921717192929166,
    "bic": -8451.864712027324,
    "xb": 954.2604077211722
}