{
    "dataset": "blobs-P5-K16-N1024-dt0.60-S5",
    "algorithm": "kmeans",
    "k": 16,
    "n": 1024,
    "d": 5,
    "k_true": 16,
    "rand_score": 0.969257850684262,
    "adjusted_rand_score": 0.7350287214017754,
    "accuracy": 0.853515625,
    "f1_score": 0.8551313292060323,
    "precision": 0.8592592093753009,
    "recall": 0.853515625,
    "sigui": 0.3140393733160317,
    "sse": 1075.8698776783854,
    "sc": 0.26514532878979336,
    "ch": 252.60075577769135,
    "db": 1.246054512352754,
    "bic": -6439.548811937403,
    "xb": 745.8881635665947
}