{
    "dataset": "blobs-P2-K32-N1024-dt0.60-S5",
    "algorithm": "kmeans",
    "k": 8,
    "n": 1024,
    "d": 2,
    "k_true": 32,
    "rand_score": 0.8783697611192571,
    "adjusted_rand_score": 0.29572109050234113,
    "accuracy": 0.25,
    "f1_score": 0.11304779855171718,
    "precision": 0.07607433845028046,
    "recall": 0.25,
    "sigui": 0.19563691807991454,
    "sse": 201.77446790169614,
    "sc": 0.5362077827161048,
    "ch": 1328.0493386774383,
    "db": 0.6567929792171208,
    "bic": -2640.8457980782623,
    "xb": 303.18438818728634
}