{
    "dataset": "blobs-P5-K8-N128-dt0.30-S2",
    "algorithm": "kmeans",
    "k": 4,
    "n": 128,
    "d": 5,
    "k_true": 8,
    "rand_score": 0.84251968503937,
    "adjusted_rand_score": 0.5207547169811321,
    "accuracy": 0.5,
    "f1_score": 0.35416666666666663,
    "precision": 0.2916666666666667,
    "recall": 0.5,
    "sigui": 0.3999225311656128,
    "sse": 246.62146250362323,
    "sc": 0.4201881598832423,
    "ch": 65.92956692193012,
    "db": 1.0069572318389641,
    "bic": -830.4219779655663,
    "xb": 37.46416532844716
}