{
    "dataset": "blobs-P5-K32-N1024-dt0.30-S2",
    "algorithm": "kmeans",
    "k": 25,
    "n": 1024,
    "d": 5,
    "k_true": 32,
    "rand_score": 0.9842451735092864,
    "adjusted_rand_score": 0.7852228093698241,
    "accuracy": 0.78125,
    "f1_score": 0.7130379593810444,
    "precision": 0.6809574636306135,
    "recall": 0.78125,
    "sigui": 0.16754878578537538,
    "sse": 247.93565580412084,
    "sc": 0.5886488614889471,
    "ch": 817.9528582503415,
    "db": 0.5757723605663884,
    "bic": -3257.5188555992877,
    "xb": 229.8330452242295
}