{
    "dataset": "blobs-P2-K32-N1024-dt0.30-S2",
    "algorithm": "kmeans",
    "k": 4,
    "n": 1024,
    "d": 2,
    "k_true": 32,
    "rand_score": 0.773599783113392,
    "adjusted_rand_score": 0.16499522990248347,
    "accuracy": 0.125,
    "f1_score": 0.02843012060190152,
    "precision": 0.016095279260697242,
    "recall": 0.125,
    "sigui": 0.3105999038502092,
    "sse": 432.63915462856386,
    "sc": 0.47687797607201515,
    "ch": 1269.4706005003532,
    "db": 0.6674798217883959,
    "bic": -2760.444154931062,
    "xb": 151.28525801418095
}