{
    "dataset": "blobs-P2-K16-N128-dt0.60-S5",
    "algorithm": "kmeans",
    "k": 20,
    "n": 128,
    "d": 2,
    "k_true": 16,
    "rand_score": 0.9625984251968503,
    "adjusted_rand_score": 0.6561024709172857,
    "accuracy": 0.71875,
    "f1_score": 0.5861330826036708,
    "precision": 0.6369047619047619,
    "recall": 0.575,
    "sigui": 0.0712605615130573,
    "sse": 2.3174285111403377,
    "sc": 0.5021867335941207,
    "ch": 622.2350058558119,
    "db": 0.6497517826531479,
    "bic": -272.2405263155995,
    "xb": 73.76941756892018
}