{
    "dataset": "blobs-P2-K2-N64-dt0.50-S4",
    "algorithm": "kmeans",
    "k": 25,
    "n": 64,
    "d": 2,
    "k_true": 2,
    "rand_score": 0.5262896825396826,
    "adjusted_rand_score": 0.03860596666719931,
    "accuracy": 0.15625,
    "f1_score": 0.021621621621621623,
    "precision": 0.08,
    "recall": 0.0125,
    "sigui": 0.09288303811960634,
    "sse": 3.511327104291954,
    "sc": 0.2728611951894264,
    "ch": 57.61186225238259,
    "db": 0.5333102521271444,
    "bic": -307.17802306945924,
    "xb": 36.79990636086359
}