{
    "dataset": "blobs-P2-K4-N1024-dt1.00-S9",
    "algorithm": "kmeans",
    "k": 25,
    "n": 1024,
    "d": 2,
    "k_true": 4,
    "rand_score": 0.7468020680596286,
    "adjusted_rand_score": 0.06877284705087652,
    "accuracy": 0.1455078125,
    "f1_score": 0.03764870736297993,
    "precision": 0.10119231022583898,
    "recall": 0.02328125,
    "sigui": 0.1635276926285776,
    "sse": 121.38905112320617,
    "sc": 0.3199633973346396,
    "ch": 660.6459149730136,
    "db": 0.8584209707379419,
    "bic": -3489.4182884943684,
    "xb": 389.9453338404654
}