{
    "dataset": "blobs-P5-K16-N64-dt0.20-S1",
    "algorithm": "kmeans",
    "k": 50,
    "n": 64,
    "d": 5,
    "k_true": 16,
    "rand_score": 0.9613095238095238,
    "adjusted_rand_score": 0.3053435114503817,
    "accuracy": 0.453125,
    "f1_score": 0.1918095238095238,
    "precision": 0.32,
    "recall": 0.145,
    "sigui": 0.031169649984340273,
    "sse": 1.1206917938980712,
    "sc": 0.16310606322888516,
    "ch": 81.29654760500412,
    "db": 0.23633191110289098,
    "bic": -536.215795015805,
    "xb": 47.374148762014165
}