{
    "dataset": "blobs-P10-K16-N1024-dt0.90-S8",
    "algorithm": "kmeans",
    "k": 20,
    "n": 1024,
    "d": 10,
    "k_true": 16,
    "rand_score": 0.9061411748533724,
    "adjusted_rand_score": 0.10784467486190644,
    "accuracy": 0.2685546875,
    "f1_score": 0.23673230862702788,
    "precision": 0.2649429665442331,
    "recall": 0.21484375,
    "sigui": 0.4864681273359776,
    "sse": 5908.627421929078,
    "sc": 0.07827462374196467,
    "ch": 38.73638145721052,
    "db": 2.025508000548744,
    "bic": -15538.567473622777,
    "xb": 1259.8399768329023
}