{
    "dataset": "blobs-P10-K4-N128-dt0.20-S1",
    "algorithm": "kmeans",
    "k": 2,
    "n": 128,
    "d": 10,
    "k_true": 4,
    "rand_score": 0.7102608267716536,
    "adjusted_rand_score": 0.41883827892886777,
    "accuracy": 0.4921875,
    "f1_score": 0.3282828282828283,
    "precision": 0.2464521654024957,
    "recall": 0.4921875,
    "sigui": 0.5412322446721791,
    "sse": 989.4399002267719,
    "sc": 0.213052967928909,
    "ch": 37.00131009779962,
    "db": 1.8015989699314605,
    "bic": -1793.4899144436592,
    "xb": 104.01459192057305
}