{
    "dataset": "blobs-P5-K32-N64-dt0.40-S3",
    "algorithm": "kmeans",
    "k": 16,
    "n": 64,
    "d": 5,
    "k_true": 32,
    "rand_score": 0.9563492063492064,
    "adjusted_rand_score": 0.36465734586293835,
    "accuracy": 0.5,
    "f1_score": 0.35044642857142855,
    "precision": 0.28229166666666666,
    "recall": 0.5,
    "sigui": 0.2648766171371193,
    "sse": 48.036880102796204,
    "sc": 0.3345659192914592,
    "ch": 18.11695476077334,
    "db": 0.921197206220242,
    "bic": -530.1875119270178,
    "xb": 25.432497895515684
}