{
    "dataset": "blobs-P2-K32-N128-dt0.40-S3",
    "algorithm": "kmeans",
    "k": 50,
    "n": 128,
    "d": 2,
    "k_true": 32,
    "rand_score": 0.9913877952755905,
    "adjusted_rand_score": 0.7823212536728698,
    "accuracy": 0.8046875,
    "f1_score": 0.5577777777777777,
    "precision": 0.636,
    "recall": 0.515,
    "sigui": 0.02415631482748081,
    "sse": 0.3063439572273055,
    "sc": 0.572911188096975,
    "ch": 1328.6456119487227,
    "db": 0.3532122815936989,
    "bic": -365.30872851138776,
    "xb": 141.39492379320532
}