{
    "dataset": "blobs-P5-K8-N64-dt0.20-S1",
    "algorithm": "kmeans",
    "k": 10,
    "n": 64,
    "d": 5,
    "k_true": 8,
    "rand_score": 0.9742063492063492,
    "adjusted_rand_score": 0.8641114982578397,
    "accuracy": 0.890625,
    "f1_score": 0.7339495798319329,
    "precision": 0.7777777777777778,
    "recall": 0.7125,
    "sigui": 0.2348085325151212,
    "sse": 32.656037095049925,
    "sc": 0.42273678413515337,
    "ch": 52.794641689424054,
    "db": 0.7521934895904198,
    "bic": -357.09366360156395,
    "xb": 29.816511449345217
}