{
    "dataset": "blobs-P5-K32-N1024-dt0.80-S7",
    "algorithm": "kmeans",
    "k": 4,
    "n": 1024,
    "d": 5,
    "k_true": 32,
    "rand_score": 0.7546336601906158,
    "adjusted_rand_score": 0.078551236572538,
    "accuracy": 0.12109375,
    "f1_score": 0.0270853215766628,
    "precision": 0.015258978272799286,
    "recall": 0.12109375,
    "sigui": 0.49134385842258177,
    "sse": 3413.9807441863722,
    "sc": 0.1499258251903337,
    "ch": 169.9244462544302,
    "db": 1.717479916055932,
    "bic": -7726.360202594105,
    "xb": 759.2827116414094
}