{
    "dataset": "blobs-P2-K16-N128-dt0.50-S4",
    "algorithm": "kmeans",
    "k": 3,
    "n": 128,
    "d": 2,
    "k_true": 16,
    "rand_score": 0.7086614173228346,
    "adjusted_rand_score": 0.19825968264801228,
    "accuracy": 0.1875,
    "f1_score": 0.06145833333333333,
    "precision": 0.03705357142857143,
    "recall": 0.1875,
    "sigui": 0.345341962302835,
    "sse": 90.44298215736387,
    "sc": 0.4823754438188974,
    "ch": 114.40703710058145,
    "db": 0.7724198210285166,
    "bic": -389.1209667030812,
    "xb": 29.140677681767773
}