{
    "dataset": "blobs-P5-K2-N64-dt0.60-S5",
    "algorithm": "kmeans",
    "k": 10,
    "n": 64,
    "d": 5,
    "k_true": 2,
    "rand_score": 0.5322420634920635,
    "adjusted_rand_score": 0.05313740178187208,
    "accuracy": 0.28125,
    "f1_score": 0.08346883468834689,
    "precision": 0.1658119658119658,
    "recall": 0.05625,
    "sigui": 0.35852540810663014,
    "sse": 105.23789059840611,
    "sc": 0.18721074563546158,
    "ch": 12.244379368328765,
    "db": 1.084788814537082,
    "bic": -537.0962345527134,
    "xb": 38.55512949591592
}