{
    "dataset": "blobs-P5-K8-N1024-dt0.50-S4",
    "algorithm": "kmeans",
    "k": 8,
    "n": 1024,
    "d": 5,
    "k_true": 8,
    "rand_score": 0.8729724156891495,
    "adjusted_rand_score": 0.4175792082662884,
    "accuracy": 0.677734375,
    "f1_score": 0.6767614851537942,
    "precision": 0.6782674033461742,
    "recall": 0.677734375,
    "sigui": 0.4243664373330539,
    "sse": 2199.2137541370357,
    "sc": 0.18899243781133926,
    "ch": 192.764918840033,
    "db": 1.4409264815834262,
    "bic": -7393.8642868094885,
    "xb": 703.9988751535767
}