{
    "dataset": "blobs-P5-K32-N64-dt0.20-S1",
    "algorithm": "kmeans",
    "k": 32,
    "n": 64,
    "d": 5,
    "k_true": 32,
    "rand_score": 1.0,
    "adjusted_rand_score": 1.0,
    "accuracy": 1.0,
    "f1_score": 1.0,
    "precision": 1.0,
    "recall": 1.0,
    "sigui": 0.09136744836497433,
    "sse": 3.8882375592652814,
    "sc": 0.6417819851078027,
    "ch": 83.92206265542951,
    "db": 0.38907585327163624,
    "bic": -400.3653516283058,
    "xb": 28.499194668645337
}