{
    "dataset": "blobs-P5-K8-N64-dt0.60-S5",
    "algorithm": "kmeans",
    "k": 3,
    "n": 64,
    "d": 5,
    "k_true": 8,
    "rand_score": 0.6840277777777778,
    "adjusted_rand_score": 0.242368177613321,
    "accuracy": 0.359375,
    "f1_score": 0.22126311188811187,
    "precision": 0.18163306451612904,
    "recall": 0.359375,
    "sigui": 0.4654403611604514,
    "sse": 206.6172953830195,
    "sc": 0.23170119401234465,
    "ch": 16.737091076559068,
    "db": 1.5020848299046945,
    "bic": -484.28680296314303,
    "xb": 44.468334029673876
}