{
    "dataset": "blobs-P5-K8-N128-dt0.30-S2",
    "algorithm": "kmeans",
    "k": 50,
    "n": 128,
    "d": 5,
    "k_true": 8,
    "rand_score": 0.8972687007874016,
    "adjusted_rand_score": 0.22017134242747363,
    "accuracy": 0.2734375,
    "f1_score": 0.06728394107799142,
    "precision": 0.15428571428571428,
    "recall": 0.04375,
    "sigui": 0.13161214916483202,
    "sse": 19.824204399816637,
    "sc": 0.2042107860951891,
    "ch": 49.79864984712852,
    "db": 0.8752256051993297,
    "bic": -1042.4103400437255,
    "xb": 85.06705309195354
}