{
    "dataset": "blobs-P2-K32-N64-dt1.00-S9",
    "algorithm": "kmeans",
    "k": 20,
    "n": 64,
    "d": 2,
    "k_true": 32,
    "rand_score": 0.9697420634920635,
    "adjusted_rand_score": 0.4476067270375162,
    "accuracy": 0.625,
    "f1_score": 0.5002976190476189,
    "precision": 0.43645833333333334,
    "recall": 0.625,
    "sigui": 0.09958396945794366,
    "sse": 2.4131240493464805,
    "sc": 0.4655404244873631,
    "ch": 120.52126596565608,
    "db": 0.588416594112996,
    "bic": -244.59057715329223,
    "xb": 46.0798227620129
}