{
    "dataset": "blobs-P10-K2-N64-dt0.60-S5",
    "algorithm": "kmeans",
    "k": 10,
    "n": 64,
    "d": 10,
    "k_true": 2,
    "rand_score": 0.5535714285714286,
    "adjusted_rand_score": 0.09598214285714286,
    "accuracy": 0.296875,
    "f1_score": 0.08902439024390243,
    "precision": 0.18055555555555552,
    "recall": 0.059375,
    "sigui": 0.46551339505614114,
    "sse": 361.8076462166607,
    "sc": 0.06904606979516197,
    "ch": 4.6133743721394405,
    "db": 1.7599260925256872,
    "bic": -1096.1436824613158,
    "xb": 113.02042680447401
}