{
    "dataset": "blobs-P5-K8-N64-dt0.40-S3",
    "algorithm": "kmeans",
    "k": 20,
    "n": 64,
    "d": 5,
    "k_true": 8,
    "rand_score": 0.9161706349206349,
    "adjusted_rand_score": 0.4581403633772711,
    "accuracy": 0.546875,
    "f1_score": 0.26126540126540126,
    "precision": 0.3435714285714285,
    "recall": 0.21875,
    "sigui": 0.23876598474341323,
    "sse": 41.87451793316338,
    "sc": 0.23908150491385063,
    "ch": 15.381193516346952,
    "db": 0.8126082565793988,
    "bic": -567.0693048437518,
    "xb": 29.19790321568215
}