{
    "dataset": "blobs-P2-K16-N64-dt1.00-S9",
    "algorithm": "kmeans",
    "k": 20,
    "n": 64,
    "d": 2,
    "k_true": 16,
    "rand_score": 0.9533730158730159,
    "adjusted_rand_score": 0.49097472924187724,
    "accuracy": 0.65625,
    "f1_score": 0.5338383838383838,
    "precision": 0.5888095238095238,
    "recall": 0.525,
    "sigui": 0.08043091430019242,
    "sse": 1.7215888081267516,
    "sc": 0.44537133367726256,
    "ch": 169.86298587169725,
    "db": 0.587132821585129,
    "bic": -218.17004172914815,
    "xb": 38.412967017542876
}