{
    "dataset": "blobs-P10-K16-N64-dt0.70-S6",
    "algorithm": "kmeans",
    "k": 20,
    "n": 64,
    "d": 10,
    "k_true": 16,
    "rand_score": 0.9012896825396826,
    "adjusted_rand_score": 0.06447280053727333,
    "accuracy": 0.375,
    "f1_score": 0.3076010101010101,
    "precision": 0.41035714285714275,
    "recall": 0.3,
    "sigui": 0.3726755281833177,
    "sse": 230.3780931741651,
    "sc": 0.060482298584995625,
    "ch": 4.117570759215313,
    "db": 1.196441485052673,
    "bic": -1233.8021436744398,
    "xb": 63.2279758262282
}