{
    "dataset": "blobs-P2-K2-N1024-dt0.50-S4",
    "algorithm": "kmeans",
    "k": 20,
    "n": 1024,
    "d": 2,
    "k_true": 2,
    "rand_score": 0.5266182490224829,
    "adjusted_rand_score": 0.05241406814219625,
    "accuracy": 0.146484375,
    "f1_score": 0.025445598687807547,
    "precision": 0.09678654678654679,
    "recall": 0.0146484375,
    "sigui": 0.19848670518559783,
    "sse": 161.7101633072686,
    "sc": 0.318118398797415,
    "ch": 616.3838071077013,
    "db": 0.8590890240996021,
    "bic": -3507.8037520552843,
    "xb": 365.3300012534191
}