{
    "dataset": "blobs-P5-K2-N64-dt1.00-S9",
    "algorithm": "kmeans",
    "k": 25,
    "n": 64,
    "d": 5,
    "k_true": 2,
    "rand_score": 0.5183531746031746,
    "adjusted_rand_score": 0.022311368249452606,
    "accuracy": 0.140625,
    "f1_score": 0.019459459459459462,
    "precision": 0.07200000000000001,
    "recall": 0.01125,
    "sigui": 0.23900475565690305,
    "sse": 52.3955068038689,
    "sc": 0.17558606296988843,
    "ch": 8.299515129637092,
    "db": 0.8354280213619358,
    "bic": -689.983347657055,
    "xb": 32.009646272156495
}