{
    "dataset": "blobs-P2-K8-N1024-dt0.70-S6",
    "algorithm": "kmeans",
    "k": 25,
    "n": 1024,
    "d": 2,
    "k_true": 8,
    "rand_score": 0.8945331592130987,
    "adjusted_rand_score": 0.32671097210856914,
    "accuracy": 0.3564453125,
    "f1_score": 0.15947210869339137,
    "precision": 0.2728461722115747,
    "recall": 0.1140625,
    "sigui": 0.12018382354702342,
    "sse": 62.7850546684358,
    "sc": 0.3292563382465351,
    "ch": 1316.1503567340137,
    "db": 0.9064634463870529,
    "bic": -2842.4830908376694,
    "xb": 296.5105558435752
}