{
    "dataset": "blobs-P5-K32-N64-dt0.40-S3",
    "algorithm": "kmeans",
    "k": 25,
    "n": 64,
    "d": 5,
    "k_true": 32,
    "rand_score": 0.9786706349206349,
    "adjusted_rand_score": 0.5376344086021505,
    "accuracy": 0.734375,
    "f1_score": 0.6605654761904762,
    "precision": 0.6375,
    "recall": 0.734375,
    "sigui": 0.18608358957915092,
    "sse": 22.84861412245638,
    "sc": 0.3552426726985416,
    "ch": 21.13349192485275,
    "db": 0.7056949829258182,
    "bic": -561.5189157088081,
    "xb": 43.95283522552294
}