{
    "dataset": "blobs-P5-K32-N1024-dt0.40-S3",
    "algorithm": "kmeans",
    "k": 8,
    "n": 1024,
    "d": 5,
    "k_true": 32,
    "rand_score": 0.8652171920821115,
    "adjusted_rand_score": 0.24192930129762452,
    "accuracy": 0.25,
    "f1_score": 0.11940393325145982,
    "precision": 0.08679473673827715,
    "recall": 0.25,
    "sigui": 0.4009994868110205,
    "sse": 1883.3363937637814,
    "sc": 0.27129623950561166,
    "ch": 249.43956107628333,
    "db": 1.1826601064433633,
    "bic": -6866.5403576543085,
    "xb": 553.9417039799007
}