{
    "dataset": "blobs-P2-K16-N128-dt0.20-S1",
    "algorithm": "kmeans",
    "k": 8,
    "n": 128,
    "d": 2,
    "k_true": 16,
    "rand_score": 0.9133858267716536,
    "adjusted_rand_score": 0.522066370167636,
    "accuracy": 0.5,
    "f1_score": 0.36458333333333326,
    "precision": 0.3125,
    "recall": 0.5,
    "sigui": 0.14537256402134677,
    "sse": 19.179750305436297,
    "sc": 0.6303399782178594,
    "ch": 211.6698937367794,
    "db": 0.46164927000741135,
    "bic": -343.65485387753426,
    "xb": 36.977933904366026
}