{
    "dataset": "blobs-P10-K32-N64-dt0.70-S6",
    "algorithm": "kmeans",
    "k": 50,
    "n": 64,
    "d": 10,
    "k_true": 32,
    "rand_score": 0.9771825396825397,
    "adjusted_rand_score": 0.06936416184971098,
    "accuracy": 0.515625,
    "f1_score": 0.38799999999999996,
    "precision": 0.52,
    "recall": 0.33,
    "sigui": 0.10769299649111522,
    "sse": 36.5677768027432,
    "sc": 0.05449694836495683,
    "ch": 4.714785029393806,
    "db": 0.5187835707489135,
    "bic": -1616.8889176085606,
    "xb": 11.4512003687267
}