{
    "dataset": "blobs-P5-K2-N64-dt0.40-S3",
    "algorithm": "kmeans",
    "k": 8,
    "n": 64,
    "d": 5,
    "k_true": 2,
    "rand_score": 0.5446428571428571,
    "adjusted_rand_score": 0.07869500111511135,
    "accuracy": 0.28125,
    "f1_score": 0.10497835497835498,
    "precision": 0.20833333333333331,
    "recall": 0.0703125,
    "sigui": 0.4189263696645197,
    "sse": 150.7989158623702,
    "sc": 0.12732155026531358,
    "ch": 8.976249367312676,
    "db": 1.33357785987139,
    "bic": -559.5676921165357,
    "xb": 43.20300359613778
}