{
    "dataset": "blobs-P2-K16-N64-dt0.30-S2",
    "algorithm": "kmeans",
    "k": 25,
    "n": 64,
    "d": 2,
    "k_true": 16,
    "rand_score": 0.9796626984126984,
    "adjusted_rand_score": 0.7412082957619477,
    "accuracy": 0.796875,
    "f1_score": 0.5512698412698412,
    "precision": 0.622,
    "recall": 0.51,
    "sigui": 0.022071671308001556,
    "sse": 0.1784338979104773,
    "sc": 0.5592098735229293,
    "ch": 1164.0727874481922,
    "db": 0.3252480443643664,
    "bic": -121.59028083706815,
    "xb": 71.99396709582813
}