{
    "dataset": "blobs-P5-K2-N64-dt0.30-S2",
    "algorithm": "kmeans",
    "k": 32,
    "n": 64,
    "d": 5,
    "k_true": 2,
    "rand_score": 0.53125,
    "adjusted_rand_score": 0.04830794315584187,
    "accuracy": 0.15625,
    "f1_score": 0.016891891891891893,
    "precision": 0.0625,
    "recall": 0.009765625,
    "sigui": 0.1650711069574821,
    "sse": 25.44181719573117,
    "sc": 0.16214732469394932,
    "ch": 11.951192689173958,
    "db": 0.6681732175613848,
    "bic": -688.020594826968,
    "xb": 21.672810039795152
}