{
    "dataset": "blobs-P2-K16-N128-dt0.30-S2",
    "algorithm": "kmeans",
    "k": 4,
    "n": 128,
    "d": 2,
    "k_true": 16,
    "rand_score": 0.8031496062992126,
    "adjusted_rand_score": 0.2952275249722531,
    "accuracy": 0.25,
    "f1_score": 0.10208333333333333,
    "precision": 0.06458333333333333,
    "recall": 0.25,
    "sigui": 0.24856050905471902,
    "sse": 41.68068476279235,
    "sc": 0.5395100658038433,
    "ch": 212.53325723619372,
    "db": 0.6033527222309001,
    "bic": -335.51071425848073,
    "xb": 24.204070293406
}