{
    "dataset": "blobs-P2-K32-N64-dt0.20-S1",
    "algorithm": "kmeans",
    "k": 16,
    "n": 64,
    "d": 2,
    "k_true": 32,
    "rand_score": 0.9503968253968254,
    "adjusted_rand_score": 0.3742550655542312,
    "accuracy": 0.5,
    "f1_score": 0.37395833333333334,
    "precision": 0.328125,
    "recall": 0.5,
    "sigui": 0.08334028106449182,
    "sse": 1.806709953982238,
    "sc": 0.6320257092931596,
    "ch": 223.51043522906653,
    "db": 0.4088652006944522,
    "bic": -179.93653303413942,
    "xb": 32.268296868896805
}