{
    "dataset": "blobs-P10-K16-N1024-dt0.10-S0",
    "algorithm": "kmeans",
    "k": 8,
    "n": 1024,
    "d": 10,
    "k_true": 16,
    "rand_score": 0.8905180840664711,
    "adjusted_rand_score": 0.48254931714719274,
    "accuracy": 0.5,
    "f1_score": 0.3833333333333333,
    "precision": 0.34375,
    "recall": 0.5,
    "sigui": 0.39156678487228525,
    "sse": 3948.9515198268427,
    "sc": 0.3825418587194449,
    "ch": 231.22612325121676,
    "db": 1.1687798170999202,
    "bic": -11908.375117086482,
    "xb": 533.2635697565755
}