{
    "dataset": "blobs-P5-K32-N128-dt0.90-S8",
    "algorithm": "kmeans",
    "k": 32,
    "n": 128,
    "d": 5,
    "k_true": 32,
    "rand_score": 0.9555856299212598,
    "adjusted_rand_score": 0.18781555031975766,
    "accuracy": 0.453125,
    "f1_score": 0.4433275058275058,
    "precision": 0.49732593795093794,
    "recall": 0.453125,
    "sigui": 0.2640342526465458,
    "sse": 90.7925780919146,
    "sc": 0.2184143065896984,
    "ch": 18.732493413155545,
    "db": 0.9770585650999477,
    "bic": -1187.6209441972253,
    "xb": 64.77653782327054
}