{
    "dataset": "blobs-P2-K8-N64-dt0.90-S8",
    "algorithm": "kmeans",
    "k": 4,
    "n": 64,
    "d": 2,
    "k_true": 8,
    "rand_score": 0.7375992063492064,
    "adjusted_rand_score": 0.2647104247104247,
    "accuracy": 0.4375,
    "f1_score": 0.3221153846153846,
    "precision": 0.27664909015715466,
    "recall": 0.4375,
    "sigui": 0.29225996224023104,
    "sse": 25.1315337267067,
    "sc": 0.4552560162837346,
    "ch": 81.86405763527067,
    "db": 0.7246372569382649,
    "bic": -182.43801583976926,
    "xb": 17.818019866703246
}