{
    "dataset": "blobs-P10-K4-N128-dt0.60-S5",
    "algorithm": "kmeans",
    "k": 25,
    "n": 128,
    "d": 10,
    "k_true": 4,
    "rand_score": 0.7486466535433071,
    "adjusted_rand_score": 0.061532229186936876,
    "accuracy": 0.1875,
    "f1_score": 0.04648155096935584,
    "precision": 0.10687423687423686,
    "recall": 0.03,
    "sigui": 0.4107447395497262,
    "sse": 521.4142796859828,
    "sc": 0.07042282915426296,
    "ch": 6.243781914913506,
    "db": 1.470547625876309,
    "bic": -2312.3037063131715,
    "xb": 170.04368523401268
}