{
    "dataset": "blobs-P2-K4-N128-dt1.00-S9",
    "algorithm": "kmeans",
    "k": 25,
    "n": 128,
    "d": 2,
    "k_true": 4,
    "rand_score": 0.7488927165354331,
    "adjusted_rand_score": 0.07031953316380513,
    "accuracy": 0.203125,
    "f1_score": 0.04931976424659352,
    "precision": 0.10693528693528692,
    "recall": 0.0325,
    "sigui": 0.13108703528403126,
    "sse": 10.427321623305788,
    "sc": 0.3542356583975997,
    "ch": 101.07255881296852,
    "db": 0.6310408324319988,
    "bic": -521.172489973663,
    "xb": 53.08630102099739
}