{
    "dataset": "blobs-P5-K8-N64-dt0.50-S4",
    "algorithm": "kmeans",
    "k": 3,
    "n": 64,
    "d": 5,
    "k_true": 8,
    "rand_score": 0.7018849206349206,
    "adjusted_rand_score": 0.199259807549963,
    "accuracy": 0.375,
    "f1_score": 0.20857142857142857,
    "precision": 0.14586056644880174,
    "recall": 0.375,
    "sigui": 0.5169155005031473,
    "sse": 238.28970079166908,
    "sc": 0.11987732789742495,
    "ch": 10.458547379825426,
    "db": 1.8917938894453528,
    "bic": -513.5999899377318,
    "xb": 61.20258670200703
}