{
    "dataset": "blobs-P2-K2-N128-dt0.30-S2",
    "algorithm": "kmeans",
    "k": 20,
    "n": 128,
    "d": 2,
    "k_true": 2,
    "rand_score": 0.5508120078740157,
    "adjusted_rand_score": 0.09521672361275618,
    "accuracy": 0.1640625,
    "f1_score": 0.028118240807498196,
    "precision": 0.1,
    "recall": 0.01640625,
    "sigui": 0.14873574781541246,
    "sse": 12.462305428049765,
    "sc": 0.3775355737621755,
    "ch": 111.0805328141594,
    "db": 0.7833748657606487,
    "bic": -496.9216204295866,
    "xb": 68.62384128936473
}