{
    "dataset": "blobs-P5-K2-N1024-dt0.10-S0",
    "algorithm": "kmeans",
    "k": 32,
    "n": 1024,
    "d": 5,
    "k_true": 2,
    "rand_score": 0.5361337671065494,
    "adjusted_rand_score": 0.07142454565560169,
    "accuracy": 0.1201171875,
    "f1_score": 0.013397662383468843,
    "precision": 0.0625,
    "recall": 0.00750732421875,
    "sigui": 0.23084132322701253,
    "sse": 519.7970019535011,
    "sc": 0.15691665899017637,
    "ch": 283.19997111229304,
    "db": 1.4808567522911287,
    "bic": -5536.387584816144,
    "xb": 1048.6947501893792
}