{
    "dataset": "blobs-P5-K2-N64-dt0.30-S2",
    "algorithm": "kmeans",
    "k": 50,
    "n": 64,
    "d": 5,
    "k_true": 2,
    "rand_score": 0.5173611111111112,
    "adjusted_rand_score": 0.019451331680396707,
    "accuracy": 0.09375,
    "f1_score": 0.006857142857142857,
    "precision": 0.04,
    "recall": 0.00375,
    "sigui": 0.05840814789429441,
    "sse": 4.9312143093645675,
    "sc": 0.10229672668803669,
    "ch": 18.25506810432401,
    "db": 0.35246695198654443,
    "bic": -772.571352832651,
    "xb": 18.162917038321392
}