{
    "dataset": "blobs-P10-K32-N1024-dt0.70-S6",
    "algorithm": "kmeans",
    "k": 4,
    "n": 1024,
    "d": 10,
    "k_true": 32,
    "rand_score": 0.7507655944525904,
    "adjusted_rand_score": 0.061217689798090454,
    "accuracy": 0.107421875,
    "f1_score": 0.023984654405662047,
    "precision": 0.013506674663019922,
    "recall": 0.107421875,
    "sigui": 0.538943425248954,
    "sse": 8161.592310298094,
    "sc": 0.0827484113670833,
    "ch": 86.58342485534394,
    "db": 2.4117013260378775,
    "bic": -14938.231333112524,
    "xb": 1521.5943579193515
}