{
    "dataset": "blobs-P2-K8-N64-dt0.20-S1",
    "algorithm": "kmeans",
    "k": 3,
    "n": 64,
    "d": 2,
    "k_true": 8,
    "rand_score": 0.7142857142857143,
    "adjusted_rand_score": 0.31932773109243695,
    "accuracy": 0.375,
    "f1_score": 0.2375,
    "precision": 0.19791666666666666,
    "recall": 0.375,
    "sigui": 0.321116101076135,
    "sse": 32.867604896940946,
    "sc": 0.5320360935098678,
    "ch": 88.27957071229585,
    "db": 0.7194082321545906,
    "bic": -175.7571046679852,
    "xb": 14.108634813266708
}