{
    "dataset": "blobs-P5-K16-N128-dt0.80-S7",
    "algorithm": "kmeans",
    "k": 4,
    "n": 128,
    "d": 5,
    "k_true": 16,
    "rand_score": 0.7707923228346457,
    "adjusted_rand_score": 0.2523439203430482,
    "accuracy": 0.25,
    "f1_score": 0.11094854070660522,
    "precision": 0.07406756180733162,
    "recall": 0.25,
    "sigui": 0.4331160452106499,
    "sse": 284.25167048934486,
    "sc": 0.34140558536151283,
    "ch": 51.72973745810088,
    "db": 1.2239874878767922,
    "bic": -874.1960477461013,
    "xb": 56.406898009644415
}