{
    "dataset": "blobs-P2-K32-N128-dt0.90-S8",
    "algorithm": "kmeans",
    "k": 32,
    "n": 128,
    "d": 2,
    "k_true": 32,
    "rand_score": 0.985113188976378,
    "adjusted_rand_score": 0.7130077504902419,
    "accuracy": 0.796875,
    "f1_score": 0.7780939546564547,
    "precision": 0.8031001984126984,
    "recall": 0.796875,
    "sigui": 0.05846423243163586,
    "sse": 1.647916210286032,
    "sc": 0.5391442427105474,
    "ch": 477.9799872340148,
    "db": 0.48056226077719716,
    "bic": -386.466612482874,
    "xb": 82.06923810943847
}