{
    "dataset": "blobs-P10-K2-N1024-dt0.80-S7",
    "algorithm": "kmeans",
    "k": 50,
    "n": 1024,
    "d": 10,
    "k_true": 2,
    "rand_score": 0.5049563172043011,
    "adjusted_rand_score": 0.008983582262326394,
    "accuracy": 0.0478515625,
    "f1_score": 0.003619373716842529,
    "precision": 0.033195402298850575,
    "recall": 0.0019140625,
    "sigui": 0.45040797127355886,
    "sse": 4782.913857532714,
    "sc": 0.07897988552789578,
    "ch": 22.679377352535536,
    "db": 1.8681478599147128,
    "bic": -16512.293314930106,
    "xb": 1206.1857327372522
}