{
    "dataset": "blobs-P2-K32-N64-dt0.70-S6",
    "algorithm": "kmeans",
    "k": 10,
    "n": 64,
    "d": 2,
    "k_true": 32,
    "rand_score": 0.8983134920634921,
    "adjusted_rand_score": 0.1981747066492829,
    "accuracy": 0.3125,
    "f1_score": 0.17826617826617827,
    "precision": 0.1406520562770563,
    "recall": 0.3125,
    "sigui": 0.18426083521997536,
    "sse": 10.547117970397542,
    "sc": 0.4715222023898096,
    "ch": 66.81610029920355,
    "db": 0.6049637432502712,
    "bic": -223.08705953036906,
    "xb": 23.828120410976076
}