{
    "dataset": "blobs-P10-K16-N128-dt0.40-S3",
    "algorithm": "kmeans",
    "k": 25,
    "n": 128,
    "d": 10,
    "k_true": 16,
    "rand_score": 0.9413139763779528,
    "adjusted_rand_score": 0.3966295156422745,
    "accuracy": 0.5390625,
    "f1_score": 0.3819924075924075,
    "precision": 0.4713277310924369,
    "recall": 0.345,
    "sigui": 0.3741159411564489,
    "sse": 416.4082941956489,
    "sc": 0.11729704535110978,
    "ch": 8.900513724323092,
    "db": 1.4182093750661073,
    "bic": -2170.632635532821,
    "xb": 119.50878919469613
}