{
    "dataset": "blobs-P10-K16-N1024-dt0.70-S6",
    "algorithm": "kmeans",
    "k": 25,
    "n": 1024,
    "d": 10,
    "k_true": 16,
    "rand_score": 0.9413069709188661,
    "adjusted_rand_score": 0.39548065213447414,
    "accuracy": 0.5478515625,
    "f1_score": 0.410469979219348,
    "precision": 0.5007698616257223,
    "recall": 0.350625,
    "sigui": 0.45542193765549055,
    "sse": 4900.061687012922,
    "sc": 0.09157396757962086,
    "ch": 45.36166001077144,
    "db": 2.071115484024307,
    "bic": -14988.30897225267,
    "xb": 1742.644380871687
}