{
    "dataset": "blobs-P5-K16-N1024-dt0.40-S3",
    "algorithm": "kmeans",
    "k": 3,
    "n": 1024,
    "d": 5,
    "k_true": 16,
    "rand_score": 0.723876237170088,
    "adjusted_rand_score": 0.21971662208026438,
    "accuracy": 0.1875,
    "f1_score": 0.05929687214070937,
    "precision": 0.03522892368537875,
    "recall": 0.1875,
    "sigui": 0.47067506297305184,
    "sse": 2706.958709261598,
    "sc": 0.338834519633334,
    "ch": 455.0706941732329,
    "db": 1.2445022041687392,
    "bic": -6819.740612707391,
    "xb": 414.72143942135114
}