{
    "dataset": "blobs-P2-K2-N128-dt0.90-S8",
    "algorithm": "kmeans",
    "k": 8,
    "n": 128,
    "d": 2,
    "k_true": 2,
    "rand_score": 0.5264517716535433,
    "adjusted_rand_score": 0.047438748009907106,
    "accuracy": 0.25,
    "f1_score": 0.09062500000000001,
    "precision": 0.17817540322580644,
    "recall": 0.0625,
    "sigui": 0.2506781980119482,
    "sse": 42.16864363888073,
    "sc": 0.33425814292691025,
    "ch": 86.92905624742886,
    "db": 0.8967422806115537,
    "bic": -449.42937672799434,
    "xb": 33.78866085020608
}