{
    "dataset": "blobs-P10-K16-N128-dt0.90-S8",
    "algorithm": "kmeans",
    "k": 3,
    "n": 128,
    "d": 10,
    "k_true": 16,
    "rand_score": 0.6632627952755905,
    "adjusted_rand_score": 0.04305705059203445,
    "accuracy": 0.1640625,
    "f1_score": 0.05238779419813903,
    "precision": 0.031245056031641398,
    "recall": 0.1640625,
    "sigui": 0.545377562134704,
    "sse": 1034.1808057102253,
    "sc": 0.09886310281320919,
    "ch": 14.855912581514085,
    "db": 2.5090487089410956,
    "bic": -1899.596412626155,
    "xb": 209.60092926493138
}