{
    "dataset": "blobs-P5-K2-N128-dt0.60-S5",
    "algorithm": "kmeans",
    "k": 10,
    "n": 128,
    "d": 5,
    "k_true": 2,
    "rand_score": 0.5271899606299213,
    "adjusted_rand_score": 0.04843781986917655,
    "accuracy": 0.21875,
    "f1_score": 0.06999999999999999,
    "precision": 0.175,
    "recall": 0.04375,
    "sigui": 0.41956909760754457,
    "sse": 270.00430762200745,
    "sc": 0.1372346226436898,
    "ch": 17.966582370943428,
    "db": 1.4781338618763369,
    "bic": -1066.3397850895312,
    "xb": 89.73197158824645
}