{
    "dataset": "blobs-P10-K32-N64-dt0.60-S5",
    "algorithm": "kmeans",
    "k": 16,
    "n": 64,
    "d": 10,
    "k_true": 32,
    "rand_score": 0.9265873015873016,
    "adjusted_rand_score": 0.10638297872340426,
    "accuracy": 0.390625,
    "f1_score": 0.294498556998557,
    "precision": 0.28172123015873013,
    "recall": 0.390625,
    "sigui": 0.41446673920412946,
    "sse": 267.54807282753467,
    "sc": 0.08695815237761982,
    "ch": 4.454699128855884,
    "db": 1.3500809849910875,
    "bic": -1173.5400533799645,
    "xb": 44.599573559654395
}