{
    "dataset": "blobs-P5-K4-N128-dt0.90-S8",
    "algorithm": "kmeans",
    "k": 50,
    "n": 128,
    "d": 5,
    "k_true": 4,
    "rand_score": 0.7555364173228346,
    "adjusted_rand_score": 0.03842504563069431,
    "accuracy": 0.140625,
    "f1_score": 0.01915204678362573,
    "precision": 0.06916666666666667,
    "recall": 0.01125,
    "sigui": 0.21466219739479558,
    "sse": 71.10856737798315,
    "sc": 0.15827490161816496,
    "ch": 12.735206373750433,
    "db": 0.8291187695595594,
    "bic": -1444.9248097249997,
    "xb": 81.0509905421701
}