{
    "dataset": "blobs-P2-K16-N64-dt0.80-S7",
    "algorithm": "kmeans",
    "k": 25,
    "n": 64,
    "d": 2,
    "k_true": 16,
    "rand_score": 0.9598214285714286,
    "adjusted_rand_score": 0.5001469291801351,
    "accuracy": 0.671875,
    "f1_score": 0.475090909090909,
    "precision": 0.5728571428571428,
    "recall": 0.43,
    "sigui": 0.0689254889342547,
    "sse": 1.2607409344661833,
    "sc": 0.4156968422981589,
    "ch": 163.35734832683553,
    "db": 0.5203484027217147,
    "bic": -246.1731747389902,
    "xb": 46.312873761037814
}