{
    "dataset": "blobs-P5-K8-N1024-dt0.90-S8",
    "algorithm": "kmeans",
    "k": 16,
    "n": 1024,
    "d": 5,
    "k_true": 8,
    "rand_score": 0.8451017228739003,
    "adjusted_rand_score": 0.10481726914357438,
    "accuracy": 0.2529296875,
    "f1_score": 0.1616289932325889,
    "precision": 0.22714921076935918,
    "recall": 0.12646484375,
    "sigui": 0.4009315468528373,
    "sse": 2061.492081133426,
    "sc": 0.13340957299356676,
    "ch": 99.7004713376492,
    "db": 1.5573323510674553,
    "bic": -8077.688713844104,
    "xb": 890.5918521829539
}