{
    "dataset": "blobs-P5-K16-N64-dt0.80-S7",
    "algorithm": "kmeans",
    "k": 50,
    "n": 64,
    "d": 5,
    "k_true": 16,
    "rand_score": 0.9583333333333334,
    "adjusted_rand_score": 0.2396551724137931,
    "accuracy": 0.421875,
    "f1_score": 0.18228571428571427,
    "precision": 0.31,
    "recall": 0.135,
    "sigui": 0.04673262981958847,
    "sse": 2.5284913400334825,
    "sc": 0.15213665732639967,
    "ch": 35.873623095034176,
    "db": 0.2997940955985583,
    "bic": -667.2671050477232,
    "xb": 33.94366843605101
}