{
    "dataset": "blobs-P10-K32-N1024-dt0.20-S1",
    "algorithm": "kmeans",
    "k": 3,
    "n": 1024,
    "d": 10,
    "k_true": 32,
    "rand_score": 0.6682875885874878,
    "adjusted_rand_score": 0.09337588636108836,
    "accuracy": 0.09375,
    "f1_score": 0.017278413015117795,
    "precision": 0.009603590563241626,
    "recall": 0.09375,
    "sigui": 0.5376318871180418,
    "sse": 7823.338170897398,
    "sc": 0.1469596886701582,
    "ch": 157.6955817078484,
    "db": 2.013653262807433,
    "bic": -14351.187286165945,
    "xb": 1052.3245349374072
}