{
    "dataset": "blobs-P5-K4-N128-dt0.50-S4",
    "algorithm": "kmeans",
    "k": 2,
    "n": 128,
    "d": 5,
    "k_true": 4,
    "rand_score": 0.639763779527559,
    "adjusted_rand_score": 0.28241941459799924,
    "accuracy": 0.5,
    "f1_score": 0.3356643356643357,
    "precision": 0.25396825396825395,
    "recall": 0.5,
    "sigui": 0.4863606894392226,
    "sse": 431.6451878393956,
    "sc": 0.2693721467387006,
    "ch": 60.82010658718183,
    "db": 1.3479607674369072,
    "bic": -898.9559755870054,
    "xb": 61.60143593528949
}