{
    "dataset": "blobs-P5-K4-N1024-dt0.80-S7",
    "algorithm": "kmeans",
    "k": 8,
    "n": 1024,
    "d": 5,
    "k_true": 4,
    "rand_score": 0.7308104991446726,
    "adjusted_rand_score": 0.13827331492817302,
    "accuracy": 0.361328125,
    "f1_score": 0.23535492430558763,
    "precision": 0.34036032440926073,
    "recall": 0.1806640625,
    "sigui": 0.44939740014559193,
    "sse": 2622.739194256053,
    "sc": 0.14314015699411098,
    "ch": 138.19886063027414,
    "db": 1.5744940774364726,
    "bic": -7841.238039580268,
    "xb": 734.6750868717592
}