{
    "dataset": "blobs-P10-K2-N64-dt0.20-S1",
    "algorithm": "kmeans",
    "k": 32,
    "n": 64,
    "d": 10,
    "k_true": 2,
    "rand_score": 0.5401785714285714,
    "adjusted_rand_score": 0.06649510078163712,
    "accuracy": 0.1875,
    "f1_score": 0.019444444444444445,
    "precision": 0.0625,
    "recall": 0.01171875,
    "sigui": 0.2425209509254983,
    "sse": 102.13924569776485,
    "sc": 0.07688612471537556,
    "ch": 5.435825352167844,
    "db": 0.8562383065985981,
    "bic": -1323.7962153139445,
    "xb": 27.95390241419745
}