{
    "dataset": "blobs-P5-K32-N128-dt0.80-S7",
    "algorithm": "kmeans",
    "k": 25,
    "n": 128,
    "d": 5,
    "k_true": 32,
    "rand_score": 0.9514025590551181,
    "adjusted_rand_score": 0.19422715517933725,
    "accuracy": 0.4453125,
    "f1_score": 0.39421932234432233,
    "precision": 0.3706597222222222,
    "recall": 0.4453125,
    "sigui": 0.31062597254340757,
    "sse": 129.08494808780353,
    "sc": 0.1881051482621658,
    "ch": 16.986311187098156,
    "db": 1.1188508687118137,
    "bic": -1168.894268539244,
    "xb": 81.50354628305227
}