{
    "dataset": "blobs-P2-K16-N1024-dt0.90-S8",
    "algorithm": "kmeans",
    "k": 50,
    "n": 1024,
    "d": 2,
    "k_true": 16,
    "rand_score": 0.9450833944281525,
    "adjusted_rand_score": 0.3215068218540053,
    "accuracy": 0.34375,
    "f1_score": 0.15418745370449524,
    "precision": 0.266521138822863,
    "recall": 0.11,
    "sigui": 0.07152672719196394,
    "sse": 16.895865431910757,
    "sc": 0.3535898817275571,
    "ch": 2389.5417624708984,
    "db": 0.8598052553818191,
    "bic": -2436.7568179527257,
    "xb": 371.2587499042177
}