{
    "dataset": "blobs-P10-K2-N128-dt0.70-S6",
    "algorithm": "kmeans",
    "k": 8,
    "n": 128,
    "d": 10,
    "k_true": 2,
    "rand_score": 0.5141486220472441,
    "adjusted_rand_score": 0.022842802783065462,
    "accuracy": 0.2734375,
    "f1_score": 0.0949363250454821,
    "precision": 0.1607142857142857,
    "recall": 0.068359375,
    "sigui": 0.5082969879963264,
    "sse": 858.1192894580581,
    "sc": 0.07931676033682925,
    "ch": 8.428013262252934,
    "db": 2.0591111946043354,
    "bic": -2028.9641351848284,
    "xb": 172.9107858589633
}