{
    "dataset": "blobs-P10-K4-N128-dt0.50-S4",
    "algorithm": "kmeans",
    "k": 8,
    "n": 128,
    "d": 10,
    "k_true": 4,
    "rand_score": 0.7463090551181102,
    "adjusted_rand_score": 0.20417069331242516,
    "accuracy": 0.453125,
    "f1_score": 0.2714958779676424,
    "precision": 0.3512840481019994,
    "recall": 0.2265625,
    "sigui": 0.49267607268702807,
    "sse": 789.9242188463475,
    "sc": 0.09571603076026741,
    "ch": 10.635576052802822,
    "db": 1.8534941658992374,
    "bic": -1971.3973137470643,
    "xb": 159.66784879377573
}