{
    "dataset": "blobs-P5-K2-N128-dt0.20-S1",
    "algorithm": "kmeans",
    "k": 4,
    "n": 128,
    "d": 5,
    "k_true": 2,
    "rand_score": 0.6740895669291339,
    "adjusted_rand_score": 0.3456269511685129,
    "accuracy": 0.53125,
    "f1_score": 0.3394175553732568,
    "precision": 0.48214285714285715,
    "recall": 0.265625,
    "sigui": 0.4868139569314449,
    "sse": 414.225902887733,
    "sc": 0.16252371695089846,
    "ch": 22.528760149755602,
    "db": 1.636279458558548,
    "bic": -1002.7593317653049,
    "xb": 92.11127234541566
}