{
    "dataset": "blobs-P5-K2-N64-dt1.00-S9",
    "algorithm": "kmeans",
    "k": 8,
    "n": 64,
    "d": 5,
    "k_true": 2,
    "rand_score": 0.5104166666666666,
    "adjusted_rand_score": 0.008799196595093492,
    "accuracy": 0.1875,
    "f1_score": 0.07518796992481203,
    "precision": 0.2,
    "recall": 0.046875,
    "sigui": 0.4170368495340277,
    "sse": 150.94160854528582,
    "sc": 0.12964078074965416,
    "ch": 8.960200866230622,
    "db": 1.4904895058762118,
    "bic": -566.4781403986933,
    "xb": 47.0995467936555
}