{
    "dataset": "blobs-P10-K16-N1024-dt0.20-S1",
    "algorithm": "kmeans",
    "k": 25,
    "n": 1024,
    "d": 10,
    "k_true": 16,
    "rand_score": 0.9846308345552297,
    "adjusted_rand_score": 0.8505367891139187,
    "accuracy": 0.8017578125,
    "f1_score": 0.5583425908545747,
    "precision": 0.6393846153846154,
    "recall": 0.513125,
    "sigui": 0.27426569757078106,
    "sse": 1373.463705323042,
    "sc": 0.31901320882670314,
    "ch": 268.71447118373067,
    "db": 1.6794618785104267,
    "bic": -8387.337016883432,
    "xb": 1791.2281151833474
}