{
    "dataset": "blobs-P5-K2-N128-dt0.20-S1",
    "algorithm": "kmeans",
    "k": 10,
    "n": 128,
    "d": 5,
    "k_true": 2,
    "rand_score": 0.578001968503937,
    "adjusted_rand_score": 0.15066233558596323,
    "accuracy": 0.265625,
    "f1_score": 0.08390243902439025,
    "precision": 0.2,
    "recall": 0.053125,
    "sigui": 0.41868543729791446,
    "sse": 261.770960526637,
    "sc": 0.15599811991346635,
    "ch": 18.944053045484694,
    "db": 1.4236235127502679,
    "bic": -1058.1029021571976,
    "xb": 82.72253857635692
}