{
    "dataset": "blobs-P2-K32-N64-dt0.90-S8",
    "algorithm": "kmeans",
    "k": 10,
    "n": 64,
    "d": 2,
    "k_true": 32,
    "rand_score": 0.9107142857142857,
    "adjusted_rand_score": 0.22878128400435255,
    "accuracy": 0.3125,
    "f1_score": 0.1713834776334776,
    "precision": 0.13306051587301587,
    "recall": 0.3125,
    "sigui": 0.1664915727866215,
    "sse": 7.126332553912098,
    "sc": 0.47834714935565087,
    "ch": 101.76931811558474,
    "db": 0.6615549860033741,
    "bic": -201.0066802452144,
    "xb": 16.471369206343766
}