{
    "dataset": "blobs-P2-K32-N64-dt1.00-S9",
    "algorithm": "kmeans",
    "k": 8,
    "n": 64,
    "d": 2,
    "k_true": 32,
    "rand_score": 0.8814484126984127,
    "adjusted_rand_score": 0.18279511533242876,
    "accuracy": 0.25,
    "f1_score": 0.11810966810966811,
    "precision": 0.08722718253968254,
    "recall": 0.25,
    "sigui": 0.22321500678231077,
    "sse": 12.511969636752914,
    "sc": 0.44504193483660937,
    "ch": 73.8416308326134,
    "db": 0.6678091314522342,
    "bic": -209.7962003718172,
    "xb": 15.886823122896262
}