{
    "dataset": "blobs-P5-K16-N64-dt0.30-S2",
    "algorithm": "kmeans",
    "k": 16,
    "n": 64,
    "d": 5,
    "k_true": 16,
    "rand_score": 0.972718253968254,
    "adjusted_rand_score": 0.7323290845886443,
    "accuracy": 0.8125,
    "f1_score": 0.7805735930735931,
    "precision": 0.7794642857142857,
    "recall": 0.8125,
    "sigui": 0.22113749761603718,
    "sse": 31.229865396168687,
    "sc": 0.39552178036623487,
    "ch": 29.58912627416016,
    "db": 0.6653081491989095,
    "bic": -458.26527927005054,
    "xb": 29.079556643698172
}