{
    "dataset": "blobs-P2-K4-N128-dt0.20-S1",
    "algorithm": "kmeans",
    "k": 3,
    "n": 128,
    "d": 2,
    "k_true": 4,
    "rand_score": 0.8740157480314961,
    "adjusted_rand_score": 0.7093821510297483,
    "accuracy": 0.75,
    "f1_score": 0.6666666666666666,
    "precision": 0.625,
    "recall": 0.75,
    "sigui": 0.22941666524025095,
    "sse": 39.50305113522646,
    "sc": 0.6980402123688108,
    "ch": 342.5320048754956,
    "db": 0.4154069246602292,
    "bic": -278.99603471445016,
    "xb": 8.800969678756035
}