{
    "dataset": "blobs-P10-K8-N64-dt0.90-S8",
    "algorithm": "kmeans",
    "k": 2,
    "n": 64,
    "d": 10,
    "k_true": 8,
    "rand_score": 0.498015873015873,
    "adjusted_rand_score": 0.03188775510204082,
    "accuracy": 0.21875,
    "f1_score": 0.08854166666666666,
    "precision": 0.05625,
    "recall": 0.21875,
    "sigui": 0.5671986549573761,
    "sse": 558.4060117638859,
    "sc": 0.10525323882679388,
    "ch": 9.059406890443942,
    "db": 2.4809950429275958,
    "bic": -952.7258110192981,
    "xb": 94.92990865197459
}