{
    "dataset": "blobs-P10-K32-N1024-dt0.60-S5",
    "algorithm": "kmeans",
    "k": 50,
    "n": 1024,
    "d": 10,
    "k_true": 32,
    "rand_score": 0.9563630254154448,
    "adjusted_rand_score": 0.11163353858765553,
    "accuracy": 0.244140625,
    "f1_score": 0.1853725233693275,
    "precision": 0.23398657970088432,
    "recall": 0.15625,
    "sigui": 0.44445578978417305,
    "sse": 4578.337855911318,
    "sc": 0.07807901547884447,
    "ch": 24.580968393175766,
    "db": 1.8596829923117222,
    "bic": -16301.401341216482,
    "xb": 1329.376319556435
}