{
    "dataset": "blobs-P5-K8-N128-dt0.50-S4",
    "algorithm": "kmeans",
    "k": 25,
    "n": 128,
    "d": 5,
    "k_true": 8,
    "rand_score": 0.874630905511811,
    "adjusted_rand_score": 0.17842926885010696,
    "accuracy": 0.3203125,
    "f1_score": 0.14179183135704876,
    "precision": 0.24425108225108225,
    "recall": 0.1025,
    "sigui": 0.2960012276678923,
    "sse": 126.43218070668323,
    "sc": 0.15840630309815418,
    "ch": 17.43276022618909,
    "db": 1.183909093012692,
    "bic": -1152.7288605627905,
    "xb": 129.53829536255967
}