{
    "dataset": "blobs-P10-K2-N128-dt0.30-S2",
    "algorithm": "kmeans",
    "k": 50,
    "n": 128,
    "d": 10,
    "k_true": 2,
    "rand_score": 0.5214074803149606,
    "adjusted_rand_score": 0.03554974230829299,
    "accuracy": 0.1171875,
    "f1_score": 0.008360078277886497,
    "precision": 0.04,
    "recall": 0.0046875,
    "sigui": 0.2899254649315043,
    "sse": 271.93874657162223,
    "sc": 0.08766101187257,
    "ch": 5.90084698947531,
    "db": 1.020358040794,
    "bic": -2701.168258117037,
    "xb": 86.17976596445028
}