{
    "dataset": "blobs-P10-K8-N128-dt0.90-S8",
    "algorithm": "kmeans",
    "k": 25,
    "n": 128,
    "d": 10,
    "k_true": 8,
    "rand_score": 0.859128937007874,
    "adjusted_rand_score": 0.07112150189397569,
    "accuracy": 0.2421875,
    "f1_score": 0.10354058942159629,
    "precision": 0.17803896103896105,
    "recall": 0.0775,
    "sigui": 0.4156046176800253,
    "sse": 520.8830014878074,
    "sc": 0.07291515346262732,
    "ch": 6.254527618120181,
    "db": 1.5583269305314997,
    "bic": -2317.024687040961,
    "xb": 116.37980091395735
}