{
    "dataset": "blobs-P5-K32-N64-dt0.10-S0",
    "algorithm": "kmeans",
    "k": 50,
    "n": 64,
    "d": 5,
    "k_true": 32,
    "rand_score": 0.9910714285714286,
    "adjusted_rand_score": 0.6048780487804878,
    "accuracy": 0.71875,
    "f1_score": 0.5199999999999999,
    "precision": 0.64,
    "recall": 0.46,
    "sigui": 0.01809540603486059,
    "sse": 0.3067622498895517,
    "sc": 0.3650143790944276,
    "ch": 297.75803608281984,
    "db": 0.09071094808105976,
    "bic": -330.8247888011757,
    "xb": 132.32759731959962
}