{
    "dataset": "blobs-P10-K2-N128-dt0.10-S0",
    "algorithm": "kmeans",
    "k": 4,
    "n": 128,
    "d": 10,
    "k_true": 2,
    "rand_score": 0.7486466535433071,
    "adjusted_rand_score": 0.4953131959937989,
    "accuracy": 0.578125,
    "f1_score": 0.36608806511719133,
    "precision": 0.5,
    "recall": 0.2890625,
    "sigui": 0.49100706666384414,
    "sse": 809.1320908286383,
    "sc": 0.10812842073009855,
    "ch": 24.05360072397806,
    "db": 2.484145378412565,
    "bic": -1805.4986734201204,
    "xb": 226.82188765199498
}