{
    "dataset": "blobs-P5-K2-N128-dt0.40-S3",
    "algorithm": "kmeans",
    "k": 2,
    "n": 128,
    "d": 5,
    "k_true": 2,
    "rand_score": 0.6831938976377953,
    "adjusted_rand_score": 0.3665559354207626,
    "accuracy": 0.8046875,
    "f1_score": 0.8026518655565834,
    "precision": 0.8177998472116119,
    "recall": 0.8046875,
    "sigui": 0.5227944619078368,
    "sse": 497.1551432277509,
    "sc": 0.2011615907605241,
    "ch": 36.20288796863185,
    "db": 1.7371458753112925,
    "bic": -942.5149334361967,
    "xb": 97.3255266734976
}