{
    "dataset": "blobs-P2-K32-N64-dt0.70-S6",
    "algorithm": "kmeans",
    "k": 2,
    "n": 64,
    "d": 2,
    "k_true": 32,
    "rand_score": 0.5218253968253969,
    "adjusted_rand_score": 0.03249856623972472,
    "accuracy": 0.0625,
    "f1_score": 0.007378472222222222,
    "precision": 0.00392156862745098,
    "recall": 0.0625,
    "sigui": 0.43749926577148857,
    "sse": 79.87966779353798,
    "sc": 0.3565413461849051,
    "ch": 37.349436711628336,
    "db": 1.1410173587271109,
    "bic": -208.19246573183722,
    "xb": 23.55543156870837
}