{
    "dataset": "blobs-P10-K32-N64-dt0.70-S6",
    "algorithm": "kmeans",
    "k": 3,
    "n": 64,
    "d": 10,
    "k_true": 32,
    "rand_score": 0.6304563492063492,
    "adjusted_rand_score": 0.011082783759297107,
    "accuracy": 0.09375,
    "f1_score": 0.01796218487394958,
    "precision": 0.010050290991902834,
    "recall": 0.09375,
    "sigui": 0.5490173401367519,
    "sse": 538.5211606471919,
    "sc": 0.0776285337855205,
    "ch": 5.747415006944148,
    "db": 2.521008208321655,
    "bic": -987.8362252630898,
    "xb": 103.31330986860715
}