{
    "dataset": "blobs-P5-K8-N1024-dt0.90-S8",
    "algorithm": "kmeans",
    "k": 20,
    "n": 1024,
    "d": 5,
    "k_true": 8,
    "rand_score": 0.852457920943304,
    "adjusted_rand_score": 0.08950625911046074,
    "accuracy": 0.1962890625,
    "f1_score": 0.11101986500638225,
    "precision": 0.19321660375584437,
    "recall": 0.078515625,
    "sigui": 0.39130545471829375,
    "sse": 1852.8218430220684,
    "sc": 0.1296345155685057,
    "ch": 93.17926207245274,
    "db": 1.5164295451311127,
    "bic": -8132.92760596545,
    "xb": 873.3449785929088
}