{
    "dataset": "blobs-P2-K16-N1024-dt0.10-S0",
    "algorithm": "kmeans",
    "k": 25,
    "n": 1024,
    "d": 2,
    "k_true": 16,
    "rand_score": 0.9828419018817204,
    "adjusted_rand_score": 0.8293359920212631,
    "accuracy": 0.7568359375,
    "f1_score": 0.540428369930762,
    "precision": 0.64,
    "recall": 0.484375,
    "sigui": 0.013273736276317909,
    "sse": 0.6693024381611254,
    "sc": 0.5929783749575003,
    "ch": 127443.10430297564,
    "db": 0.8068011166415467,
    "bic": 1821.3702821856855,
    "xb": 116.21655682970204
}