{
    "dataset": "blobs-P10-K16-N1024-dt1.00-S9",
    "algorithm": "kmeans",
    "k": 32,
    "n": 1024,
    "d": 10,
    "k_true": 16,
    "rand_score": 0.9130410709921799,
    "adjusted_rand_score": 0.02873935947249661,
    "accuracy": 0.1328125,
    "f1_score": 0.08823470508531783,
    "precision": 0.1346899500621927,
    "recall": 0.06640625,
    "sigui": 0.4666029728660145,
    "sse": 5417.197517095545,
    "sc": 0.07809704024421674,
    "ch": 28.488841133429297,
    "db": 1.9441023285869532,
    "bic": -16014.009565990584,
    "xb": 1179.3555383775304
}