{
    "dataset": "blobs-P5-K2-N64-dt0.70-S6",
    "algorithm": "kmeans",
    "k": 2,
    "n": 64,
    "d": 5,
    "k_true": 2,
    "rand_score": 0.7544642857142857,
    "adjusted_rand_score": 0.5088125502055474,
    "accuracy": 0.859375,
    "f1_score": 0.8593406593406594,
    "precision": 0.8597262952101662,
    "recall": 0.859375,
    "sigui": 0.5085850457525273,
    "sse": 253.5693542668776,
    "sc": 0.1842215530989079,
    "ch": 16.242893575848775,
    "db": 1.8500146711688497,
    "bic": -486.19420559093106,
    "xb": 55.353688026610854
}