{
    "dataset": "blobs-P10-K16-N1024-dt1.00-S9",
    "algorithm": "kmeans",
    "k": 25,
    "n": 1024,
    "d": 10,
    "k_true": 16,
    "rand_score": 0.9062404539345064,
    "adjusted_rand_score": 0.034689605920879586,
    "accuracy": 0.162109375,
    "f1_score": 0.12404915698004984,
    "precision": 0.1569209322592548,
    "recall": 0.10375,
    "sigui": 0.4802292031295748,
    "sse": 5752.732137052594,
    "sc": 0.07669112199156275,
    "ch": 32.46848981410835,
    "db": 1.9766029782744383,
    "bic": -15809.274536275228,
    "xb": 1214.656698270905
}