{
    "dataset": "blobs-P2-K8-N64-dt0.40-S3",
    "algorithm": "kmeans",
    "k": 20,
    "n": 64,
    "d": 2,
    "k_true": 8,
    "rand_score": 0.933531746031746,
    "adjusted_rand_score": 0.5536639526276832,
    "accuracy": 0.59375,
    "f1_score": 0.29192474192474194,
    "precision": 0.4,
    "recall": 0.2375,
    "sigui": 0.0654599462194653,
    "sse": 1.3265396238033178,
    "sc": 0.33862250974864205,
    "ch": 221.13856297280438,
    "db": 0.7099253801576426,
    "bic": -201.68336793956308,
    "xb": 70.40335738101676
}