{
    "dataset": "blobs-P2-K4-N128-dt0.30-S2",
    "algorithm": "kmeans",
    "k": 25,
    "n": 128,
    "d": 2,
    "k_true": 4,
    "rand_score": 0.7942913385826772,
    "adjusted_rand_score": 0.2317733205985355,
    "accuracy": 0.2890625,
    "f1_score": 0.0709675690163495,
    "precision": 0.15666666666666665,
    "recall": 0.04625,
    "sigui": 0.0588863217129485,
    "sse": 1.8337067496009585,
    "sc": 0.380785148540958,
    "ch": 594.8590246343024,
    "db": 0.648998383345738,
    "bic": -305.3557288924097,
    "xb": 79.26862117446638
}