{
    "dataset": "blobs-P2-K8-N128-dt0.20-S1",
    "algorithm": "kmeans",
    "k": 25,
    "n": 128,
    "d": 2,
    "k_true": 8,
    "rand_score": 0.9205216535433071,
    "adjusted_rand_score": 0.46158894328577615,
    "accuracy": 0.4453125,
    "f1_score": 0.19508588802501847,
    "precision": 0.32,
    "recall": 0.1425,
    "sigui": 0.04766854971382512,
    "sse": 1.3819122168057922,
    "sc": 0.4120416230251137,
    "ch": 790.7419492935203,
    "db": 0.6992357349498127,
    "bic": -281.39628522885056,
    "xb": 73.90772475867453
}