{
    "dataset": "blobs-P10-K32-N128-dt0.40-S3",
    "algorithm": "kmeans",
    "k": 2,
    "n": 128,
    "d": 10,
    "k_true": 32,
    "rand_score": 0.516363188976378,
    "adjusted_rand_score": 0.025645179233259884,
    "accuracy": 0.0625,
    "f1_score": 0.007354531689379191,
    "precision": 0.003907203907203907,
    "recall": 0.0625,
    "sigui": 0.5601709461434625,
    "sse": 1130.5130251504502,
    "sc": 0.10770082684346563,
    "ch": 16.660895020237934,
    "db": 2.690875309349077,
    "bic": -1878.9191493864587,
    "xb": 219.46095122600235
}