{
    "dataset": "blobs-P10-K2-N1024-dt0.30-S2",
    "algorithm": "kmeans",
    "k": 50,
    "n": 1024,
    "d": 10,
    "k_true": 2,
    "rand_score": 0.5160641190127078,
    "adjusted_rand_score": 0.031221392880178424,
    "accuracy": 0.0673828125,
    "f1_score": 0.0050409335655237295,
    "precision": 0.038918918918918924,
    "recall": 0.0026953125,
    "sigui": 0.4346459372795242,
    "sse": 4473.743019314243,
    "sc": 0.07347660620680814,
    "ch": 25.620395904621102,
    "db": 1.897384091472452,
    "bic": -16152.744104378748,
    "xb": 1292.5707906022944
}