{
    "dataset": "blobs-P2-K16-N1024-dt0.60-S5",
    "algorithm": "kmeans",
    "k": 10,
    "n": 1024,
    "d": 2,
    "k_true": 16,
    "rand_score": 0.9328357923998045,
    "adjusted_rand_score": 0.5737659781720994,
    "accuracy": 0.6044921875,
    "f1_score": 0.4853153608240284,
    "precision": 0.42384330586040686,
    "recall": 0.6044921875,
    "sigui": 0.19218650122566686,
    "sse": 150.6964692265784,
    "sc": 0.47847369381078986,
    "ch": 1418.4994881714024,
    "db": 0.6898277044469214,
    "bic": -2642.158530428601,
    "xb": 184.95243354334744
}