{
    "dataset": "blobs-P5-K8-N128-dt0.30-S2",
    "algorithm": "kmeans",
    "k": 20,
    "n": 128,
    "d": 5,
    "k_true": 8,
    "rand_score": 0.937007874015748,
    "adjusted_rand_score": 0.6068111455108359,
    "accuracy": 0.5625,
    "f1_score": 0.27790812408203713,
    "precision": 0.4,
    "recall": 0.225,
    "sigui": 0.1984794526350839,
    "sse": 48.33276341381091,
    "sc": 0.25061306467306677,
    "ch": 69.58346464664133,
    "db": 1.3328238458904715,
    "bic": -746.4328241335629,
    "xb": 91.33249464606885
}