{
    "dataset": "blobs-P5-K4-N1024-dt0.10-S0",
    "algorithm": "kmeans",
    "k": 3,
    "n": 1024,
    "d": 5,
    "k_true": 4,
    "rand_score": 0.8748778103616813,
    "adjusted_rand_score": 0.7136859781696053,
    "accuracy": 0.75,
    "f1_score": 0.6666666666666666,
    "precision": 0.625,
    "recall": 0.75,
    "sigui": 0.34709715105649575,
    "sse": 1588.8622874584846,
    "sc": 0.49260969751680483,
    "ch": 1134.5513179344978,
    "db": 0.7028714323922524,
    "bic": -5396.484886593893,
    "xb": 383.736767980151
}