{
    "dataset": "blobs-P10-K32-N128-dt0.10-S0",
    "algorithm": "kmeans",
    "k": 20,
    "n": 128,
    "d": 10,
    "k_true": 32,
    "rand_score": 0.9724409448818898,
    "adjusted_rand_score": 0.6192719486081371,
    "accuracy": 0.625,
    "f1_score": 0.5104166666666666,
    "precision": 0.45833333333333326,
    "recall": 0.625,
    "sigui": 0.2628334484675653,
    "sse": 200.79924650295214,
    "sc": 0.5447435221101578,
    "ch": 30.549936764556847,
    "db": 0.8123925902074787,
    "bic": -1546.1078943464681,
    "xb": 31.048128428401053
}