{
    "dataset": "blobs-P2-K32-N128-dt0.20-S1",
    "algorithm": "kmeans",
    "k": 4,
    "n": 128,
    "d": 2,
    "k_true": 32,
    "rand_score": 0.765748031496063,
    "adjusted_rand_score": 0.13018705035971223,
    "accuracy": 0.125,
    "f1_score": 0.029292929292929294,
    "precision": 0.01675347222222222,
    "recall": 0.125,
    "sigui": 0.3014165822783502,
    "sse": 56.18879796688056,
    "sc": 0.4622831680098194,
    "ch": 146.98415549371543,
    "db": 0.7363643758855962,
    "bic": -371.9972148595512,
    "xb": 26.940158088436654
}