{
    "dataset": "blobs-P2-K8-N64-dt0.10-S0",
    "algorithm": "kmeans",
    "k": 25,
    "n": 64,
    "d": 2,
    "k_true": 8,
    "rand_score": 0.9226190476190477,
    "adjusted_rand_score": 0.43659711075441415,
    "accuracy": 0.484375,
    "f1_score": 0.20640692640692637,
    "precision": 0.32,
    "recall": 0.155,
    "sigui": 0.012628663107214827,
    "sse": 0.04082093881865372,
    "sc": 0.4227411131796889,
    "ch": 5093.799211678134,
    "db": 0.5131090698157652,
    "bic": -28.121072894615452,
    "xb": 84.39878050726219
}