{
    "dataset": "blobs-P2-K2-N128-dt0.40-S3",
    "algorithm": "kmeans",
    "k": 16,
    "n": 128,
    "d": 2,
    "k_true": 2,
    "rand_score": 0.5489665354330708,
    "adjusted_rand_score": 0.09171391003406204,
    "accuracy": 0.1953125,
    "f1_score": 0.04084073820915926,
    "precision": 0.125,
    "recall": 0.0244140625,
    "sigui": 0.17485891580522434,
    "sse": 18.563639630792565,
    "sc": 0.3278576091572969,
    "ch": 95.50164691209989,
    "db": 0.7465970199656953,
    "bic": -487.68118684703427,
    "xb": 51.203639264986066
}