{
    "dataset": "blobs-P5-K2-N128-dt0.10-S0",
    "algorithm": "kmeans",
    "k": 32,
    "n": 128,
    "d": 5,
    "k_true": 2,
    "rand_score": 0.5424458661417323,
    "adjusted_rand_score": 0.07819242471851781,
    "accuracy": 0.171875,
    "f1_score": 0.018257427504002846,
    "precision": 0.0625,
    "recall": 0.0107421875,
    "sigui": 0.17406743532027752,
    "sse": 37.00904591481788,
    "sc": 0.20600073324269108,
    "ch": 50.455956899079716,
    "db": 0.8892364217439113,
    "bic": -889.2253875339312,
    "xb": 76.58558447136423
}