{
    "dataset": "blobs-P2-K4-N1024-dt0.20-S1",
    "algorithm": "kmeans",
    "k": 25,
    "n": 1024,
    "d": 2,
    "k_true": 4,
    "rand_score": 0.7950956133919843,
    "adjusted_rand_score": 0.24671611512615696,
    "accuracy": 0.2548828125,
    "f1_score": 0.06489279554295034,
    "precision": 0.16,
    "recall": 0.04078125,
    "sigui": 0.11304711730772138,
    "sse": 49.59018961583248,
    "sc": 0.32782284835627984,
    "ch": 1677.4246882630048,
    "db": 0.9041423923301464,
    "bic": -2574.4219368606214,
    "xb": 349.33968250321243
}