{
    "dataset": "blobs-P10-K2-N1024-dt0.40-S3",
    "algorithm": "kmeans",
    "k": 25,
    "n": 1024,
    "d": 10,
    "k_true": 2,
    "rand_score": 0.5238517992424242,
    "adjusted_rand_score": 0.046845842572606114,
    "accuracy": 0.0908203125,
    "f1_score": 0.013299024502649975,
    "precision": 0.07923076923076923,
    "recall": 0.007265625,
    "sigui": 0.4741997990973696,
    "sse": 5519.219214019945,
    "sc": 0.0714288100524581,
    "ch": 35.603314997393674,
    "db": 2.086570533250979,
    "bic": -15607.934294975961,
    "xb": 1434.7174965862137
}