{
    "dataset": "blobs-P5-K4-N128-dt0.80-S7",
    "algorithm": "kmeans",
    "k": 3,
    "n": 128,
    "d": 5,
    "k_true": 4,
    "rand_score": 0.6382874015748031,
    "adjusted_rand_score": 0.17329424684710218,
    "accuracy": 0.4921875,
    "f1_score": 0.41096230158730157,
    "precision": 0.37578125,
    "recall": 0.4921875,
    "sigui": 0.49988131429123805,
    "sse": 457.5780125979511,
    "sc": 0.16303333820363086,
    "ch": 24.916787736140247,
    "db": 1.8097421030289986,
    "bic": -975.5744567103511,
    "xb": 103.27360571025423
}