{
    "dataset": "blobs-P5-K4-N64-dt0.50-S4",
    "algorithm": "kmeans",
    "k": 50,
    "n": 64,
    "d": 5,
    "k_true": 4,
    "rand_score": 0.7643849206349206,
    "adjusted_rand_score": 0.028440635044316744,
    "accuracy": 0.140625,
    "f1_score": 0.019415204678362573,
    "precision": 0.07333333333333333,
    "recall": 0.01125,
    "sigui": 0.05959085071455796,
    "sse": 4.73839269024102,
    "sc": 0.13173209517742152,
    "ch": 19.009556791516946,
    "db": 0.3495062588778611,
    "bic": -767.235883580068,
    "xb": 18.01262593889571
}