{
    "dataset": "blobs-P5-K32-N64-dt0.10-S0",
    "algorithm": "kmeans",
    "k": 8,
    "n": 64,
    "d": 5,
    "k_true": 32,
    "rand_score": 0.9027777777777778,
    "adjusted_rand_score": 0.22456669178598343,
    "accuracy": 0.25,
    "f1_score": 0.10104166666666667,
    "precision": 0.06354166666666666,
    "recall": 0.25,
    "sigui": 0.3868271796892518,
    "sse": 105.76705525845684,
    "sc": 0.29168190549976225,
    "ch": 16.204134205535702,
    "db": 1.1578321576591195,
    "bic": -510.68435714206186,
    "xb": 33.30392098287791
}