{
    "dataset": "blobs-P10-K8-N128-dt0.60-S5",
    "algorithm": "kmeans",
    "k": 8,
    "n": 128,
    "d": 10,
    "k_true": 8,
    "rand_score": 0.796136811023622,
    "adjusted_rand_score": 0.09071307894725471,
    "accuracy": 0.34375,
    "f1_score": 0.3540157923774914,
    "precision": 0.42473620129870127,
    "recall": 0.34375,
    "sigui": 0.49454213234809785,
    "sse": 793.3673049507893,
    "sc": 0.09868234621276746,
    "ch": 10.515022134406752,
    "db": 1.955323615948055,
    "bic": -1979.2865142280746,
    "xb": 151.9619461193685
}