{
    "dataset": "blobs-P10-K4-N64-dt0.50-S4",
    "algorithm": "kmeans",
    "k": 20,
    "n": 64,
    "d": 10,
    "k_true": 4,
    "rand_score": 0.7485119047619048,
    "adjusted_rand_score": 0.08460149600206344,
    "accuracy": 0.28125,
    "f1_score": 0.07799736495388669,
    "precision": 0.15584415584415584,
    "recall": 0.05625,
    "sigui": 0.376069962180764,
    "sse": 240.63343993433384,
    "sc": 0.04759320795611398,
    "ch": 3.84339298891261,
    "db": 1.2157838702322334,
    "bic": -1245.2511326247552,
    "xb": 57.65556310890655
}