{
    "dataset": "blobs-P2-K2-N128-dt0.50-S4",
    "algorithm": "kmeans",
    "k": 8,
    "n": 128,
    "d": 2,
    "k_true": 2,
    "rand_score": 0.562007874015748,
    "adjusted_rand_score": 0.11911748087706378,
    "accuracy": 0.2890625,
    "f1_score": 0.10441138917262513,
    "precision": 0.188125,
    "recall": 0.072265625,
    "sigui": 0.2776359880164023,
    "sse": 47.094834382722325,
    "sc": 0.31702088666268113,
    "ch": 76.0429770594065,
    "db": 0.9146245874355536,
    "bic": -453.6430074144823,
    "xb": 52.56436917154536
}