{
    "dataset": "blobs-P5-K2-N1024-dt0.40-S3",
    "algorithm": "kmeans",
    "k": 3,
    "n": 1024,
    "d": 5,
    "k_true": 2,
    "rand_score": 0.7016358137829912,
    "adjusted_rand_score": 0.4030922019256838,
    "accuracy": 0.697265625,
    "f1_score": 0.5281269202837829,
    "precision": 0.6120204106855942,
    "recall": 0.46484375,
    "sigui": 0.49441448330744037,
    "sse": 3335.607788197058,
    "sc": 0.18755529108464972,
    "ch": 273.0933257047505,
    "db": 1.7031784928971578,
    "bic": -7333.508419360708,
    "xb": 783.981517164811
}