{
    "dataset": "blobs-P2-K4-N128-dt0.80-S7",
    "algorithm": "kmeans",
    "k": 50,
    "n": 128,
    "d": 2,
    "k_true": 4,
    "rand_score": 0.7623031496062992,
    "adjusted_rand_score": 0.06015291035285826,
    "accuracy": 0.140625,
    "f1_score": 0.019529002686897425,
    "precision": 0.076,
    "recall": 0.01125,
    "sigui": 0.06574518268490727,
    "sse": 2.2310678719107915,
    "sc": 0.3667663958869967,
    "ch": 181.06069894662622,
    "db": 0.5414826786034389,
    "bic": -619.1764239929931,
    "xb": 99.3294714869071
}