{
    "dataset": "blobs-P5-K8-N128-dt0.70-S6",
    "algorithm": "kmeans",
    "k": 32,
    "n": 128,
    "d": 5,
    "k_true": 8,
    "rand_score": 0.889886811023622,
    "adjusted_rand_score": 0.22494971190890184,
    "accuracy": 0.34375,
    "f1_score": 0.1228807876905703,
    "precision": 0.22284226190476192,
    "recall": 0.0859375,
    "sigui": 0.2533651912091341,
    "sse": 88.95328802196615,
    "sc": 0.1612273748227471,
    "ch": 19.183857899349047,
    "db": 1.0979026001292862,
    "bic": -1181.109026559725,
    "xb": 100.90372721978838
}