{
    "dataset": "blobs-P2-K16-N128-dt0.90-S8",
    "algorithm": "kmeans",
    "k": 8,
    "n": 128,
    "d": 2,
    "k_true": 16,
    "rand_score": 0.9194143700787402,
    "adjusted_rand_score": 0.5377404099959434,
    "accuracy": 0.5,
    "f1_score": 0.35431159420289854,
    "precision": 0.2919117647058823,
    "recall": 0.5,
    "sigui": 0.14802570123328232,
    "sse": 13.10601427623092,
    "sc": 0.5412964828305966,
    "ch": 317.70886330204934,
    "db": 0.5866572332734773,
    "bic": -299.0379691886489,
    "xb": 22.240672179930186
}