{
    "dataset": "blobs-P2-K16-N128-dt0.60-S5",
    "algorithm": "kmeans",
    "k": 3,
    "n": 128,
    "d": 2,
    "k_true": 16,
    "rand_score": 0.6638779527559056,
    "adjusted_rand_score": 0.16095800969230323,
    "accuracy": 0.1875,
    "f1_score": 0.06768018018018018,
    "precision": 0.0428030303030303,
    "recall": 0.1875,
    "sigui": 0.3358848586713703,
    "sse": 86.11745184946099,
    "sc": 0.4847407148915594,
    "ch": 123.29277087725568,
    "db": 0.6868066837670028,
    "bic": -374.65109858314065,
    "xb": 19.89473541967914
}