{
    "dataset": "blobs-P10-K16-N64-dt1.00-S9",
    "algorithm": "kmeans",
    "k": 4,
    "n": 64,
    "d": 10,
    "k_true": 16,
    "rand_score": 0.7286706349206349,
    "adjusted_rand_score": 0.02346340219331803,
    "accuracy": 0.21875,
    "f1_score": 0.09317840054682161,
    "precision": 0.06031746031746031,
    "recall": 0.21875,
    "sigui": 0.5203752326671223,
    "sse": 479.5527585499481,
    "sc": 0.09719558289373836,
    "ch": 6.691536586514719,
    "db": 2.2187848601227054,
    "bic": -994.4721032593422,
    "xb": 94.56502118828132
}