{
    "dataset": "blobs-P2-K4-N1024-dt0.50-S4",
    "algorithm": "kmeans",
    "k": 3,
    "n": 1024,
    "d": 2,
    "k_true": 4,
    "rand_score": 0.8197225531524927,
    "adjusted_rand_score": 0.5808128702973103,
    "accuracy": 0.7080078125,
    "f1_score": 0.6189642683257011,
    "precision": 0.5664073613086771,
    "recall": 0.7080078125,
    "sigui": 0.31265433557207983,
    "sse": 586.245124269441,
    "sc": 0.425680635226524,
    "ch": 1272.890525086023,
    "db": 0.8612219728871181,
    "bic": -2740.5119301231994,
    "xb": 227.90125055005623
}