{
    "dataset": "blobs-P2-K2-N128-dt0.80-S7",
    "algorithm": "kmeans",
    "k": 32,
    "n": 128,
    "d": 2,
    "k_true": 2,
    "rand_score": 0.5091043307086615,
    "adjusted_rand_score": 0.01096906411632673,
    "accuracy": 0.1171875,
    "f1_score": 0.01293759512937595,
    "precision": 0.05555555555555555,
    "recall": 0.00732421875,
    "sigui": 0.11105597661600264,
    "sse": 6.690303617267634,
    "sc": 0.32164005330595685,
    "ch": 115.39922223660488,
    "db": 0.6657867454146289,
    "bic": -555.3693441544876,
    "xb": 72.00581419866884
}