{
    "dataset": "blobs-P10-K4-N128-dt0.90-S8",
    "algorithm": "kmeans",
    "k": 8,
    "n": 128,
    "d": 10,
    "k_true": 4,
    "rand_score": 0.702386811023622,
    "adjusted_rand_score": 0.041585684291967066,
    "accuracy": 0.2890625,
    "f1_score": 0.1797431536717251,
    "precision": 0.23921939988116458,
    "recall": 0.14453125,
    "sigui": 0.5027887224102645,
    "sse": 841.1847998779836,
    "sc": 0.07608480188488026,
    "ch": 8.942798644123343,
    "db": 2.011101845981056,
    "bic": -2021.3442480510662,
    "xb": 160.6643902791162
}