{
    "dataset": "blobs-P2-K32-N1024-dt0.90-S8",
    "algorithm": "kmeans",
    "k": 10,
    "n": 1024,
    "d": 2,
    "k_true": 32,
    "rand_score": 0.8978150965298143,
    "adjusted_rand_score": 0.31614095760539024,
    "accuracy": 0.3125,
    "f1_score": 0.17502758708001057,
    "precision": 0.13487229018031288,
    "recall": 0.3125,
    "sigui": 0.16474567984295502,
    "sse": 143.15833796270542,
    "sc": 0.4888843868258723,
    "ch": 1499.1244215579286,
    "db": 0.639422283873819,
    "bic": -2503.493212532303,
    "xb": 210.81626891759336
}