{
    "dataset": "blobs-P5-K8-N1024-dt0.40-S3",
    "algorithm": "kmeans",
    "k": 25,
    "n": 1024,
    "d": 5,
    "k_true": 8,
    "rand_score": 0.9137016587243402,
    "adjusted_rand_score": 0.447277821975964,
    "accuracy": 0.400390625,
    "f1_score": 0.18055460815565172,
    "precision": 0.31092413793103446,
    "recall": 0.128125,
    "sigui": 0.2242830613746943,
    "sse": 507.08449841291696,
    "sc": 0.19163538819777665,
    "ch": 378.6599834042002,
    "db": 1.5325186939003086,
    "bic": -5118.496525078697,
    "xb": 891.0178165676638
}