{
    "dataset": "blobs-P2-K16-N128-dt0.10-S0",
    "algorithm": "kmeans",
    "k": 3,
    "n": 128,
    "d": 2,
    "k_true": 16,
    "rand_score": 0.7086614173228346,
    "adjusted_rand_score": 0.19825968264801228,
    "accuracy": 0.1875,
    "f1_score": 0.06145833333333334,
    "precision": 0.03705357142857143,
    "recall": 0.1875,
    "sigui": 0.2899532194668949,
    "sse": 54.139103522637,
    "sc": 0.624127737094523,
    "ch": 233.03500074691803,
    "db": 0.5329495682853768,
    "bic": -323.43611611793176,
    "xb": 11.94330197958097
}