{
    "dataset": "blobs-P10-K4-N1024-dt0.20-S1",
    "algorithm": "kmeans",
    "k": 4,
    "n": 1024,
    "d": 10,
    "k_true": 4,
    "rand_score": 0.9941730816226784,
    "adjusted_rand_score": 0.9844312278753562,
    "accuracy": 0.994140625,
    "f1_score": 0.9941481949053941,
    "precision": 0.9941709060077519,
    "recall": 0.994140625,
    "sigui": 0.4100788579316434,
    "sse": 3696.704692858992,
    "sc": 0.35486567134329283,
    "ch": 601.8117727189527,
    "db": 1.1304483938652632,
    "bic": -10885.449644680622,
    "xb": 397.45614993352586
}