{
    "dataset": "blobs-P2-K32-N1024-dt0.10-S0",
    "algorithm": "kmeans",
    "k": 10,
    "n": 1024,
    "d": 2,
    "k_true": 32,
    "rand_score": 0.9157674272971652,
    "adjusted_rand_score": 0.3877779894310717,
    "accuracy": 0.3125,
    "f1_score": 0.16556028256565064,
    "precision": 0.12181551453785189,
    "recall": 0.3125,
    "sigui": 0.17597480550811767,
    "sse": 122.17628996319165,
    "sc": 0.5326442651180503,
    "ch": 1775.9751512079324,
    "db": 0.716094517411095,
    "bic": -2397.678802314644,
    "xb": 209.11163112209005
}