{
    "dataset": "blobs-P10-K8-N1024-dt0.30-S2",
    "algorithm": "kmeans",
    "k": 32,
    "n": 1024,
    "d": 10,
    "k_true": 8,
    "rand_score": 0.9027294110459433,
    "adjusted_rand_score": 0.3486787463803235,
    "accuracy": 0.3369140625,
    "f1_score": 0.1240734167541161,
    "precision": 0.2386194005395692,
    "recall": 0.084228515625,
    "sigui": 0.38361611971114884,
    "sse": 3114.936136494953,
    "sc": 0.0881819083685011,
    "ch": 73.196378237378,
    "db": 2.2435025331977014,
    "bic": -13156.027235701273,
    "xb": 1891.7989596288614
}