{
    "dataset": "blobs-P2-K32-N64-dt0.50-S4",
    "algorithm": "kmeans",
    "k": 3,
    "n": 64,
    "d": 2,
    "k_true": 32,
    "rand_score": 0.6329365079365079,
    "adjusted_rand_score": 0.050663842958377454,
    "accuracy": 0.09375,
    "f1_score": 0.019301470588235295,
    "precision": 0.01104403409090909,
    "recall": 0.09375,
    "sigui": 0.3517544233672057,
    "sse": 54.831204230408396,
    "sc": 0.4068512327965891,
    "ch": 40.70033300007135,
    "db": 0.8177127678960234,
    "bic": -210.390547742149,
    "xb": 18.13665521589547
}