{
    "dataset": "blobs-P5-K32-N64-dt0.20-S1",
    "algorithm": "kmeans",
    "k": 3,
    "n": 64,
    "d": 5,
    "k_true": 32,
    "rand_score": 0.6765873015873016,
    "adjusted_rand_score": 0.060905349794238686,
    "accuracy": 0.09375,
    "f1_score": 0.016666666666666666,
    "precision": 0.0091765873015873,
    "recall": 0.09375,
    "sigui": 0.4860564130249757,
    "sse": 198.29069811260965,
    "sc": 0.2440173056052019,
    "ch": 18.72066487686316,
    "db": 1.4402943020025407,
    "bic": -483.9112620874775,
    "xb": 35.548674396514414
}