{
    "dataset": "blobs-P2-K2-N128-dt0.70-S6",
    "algorithm": "kmeans",
    "k": 16,
    "n": 128,
    "d": 2,
    "k_true": 2,
    "rand_score": 0.5214074803149606,
    "adjusted_rand_score": 0.036328595895087135,
    "accuracy": 0.1640625,
    "f1_score": 0.03320003167564143,
    "precision": 0.0889423076923077,
    "recall": 0.0205078125,
    "sigui": 0.16413354880824355,
    "sse": 18.278926561142615,
    "sc": 0.353568730417674,
    "ch": 97.10548423469241,
    "db": 0.7396105889638825,
    "bic": -478.8845941494724,
    "xb": 45.04098225234979
}