{
    "dataset": "blobs-P5-K8-N1024-dt0.20-S1",
    "algorithm": "kmeans",
    "k": 32,
    "n": 1024,
    "d": 5,
    "k_true": 8,
    "rand_score": 0.910755742913001,
    "adjusted_rand_score": 0.4078854041091238,
    "accuracy": 0.3720703125,
    "f1_score": 0.13393792419250233,
    "precision": 0.24954710144927536,
    "recall": 0.093017578125,
    "sigui": 0.19304575373882926,
    "sse": 330.74884470291425,
    "sc": 0.16632226077466716,
    "ch": 463.3607627780668,
    "db": 1.6590473101542136,
    "bic": -4387.80365436249,
    "xb": 1152.8473577827317
}