{
    "dataset": "blobs-P10-K2-N1024-dt1.00-S9",
    "algorithm": "kmeans",
    "k": 16,
    "n": 1024,
    "d": 10,
    "k_true": 2,
    "rand_score": 0.5063691348973607,
    "adjusted_rand_score": 0.011894561838341536,
    "accuracy": 0.1142578125,
    "f1_score": 0.024980565556906385,
    "precision": 0.10035511363636364,
    "recall": 0.0142822265625,
    "sigui": 0.5017739955074323,
    "sse": 6457.010011347305,
    "sc": 0.07299584950238289,
    "ch": 39.37068810342711,
    "db": 2.10748786476298,
    "bic": -15604.540227639798,
    "xb": 1328.8920007902473
}