{
    "dataset": "blobs-P5-K4-N1024-dt0.60-S5",
    "algorithm": "kmeans",
    "k": 50,
    "n": 1024,
    "d": 5,
    "k_true": 4,
    "rand_score": 0.7486368218475073,
    "adjusted_rand_score": 0.03374284901476175,
    "accuracy": 0.076171875,
    "f1_score": 0.011080144943614206,
    "precision": 0.06340068922305765,
    "recall": 0.00609375,
    "sigui": 0.3314455865132369,
    "sse": 1172.2583880945833,
    "sc": 0.1436639281843478,
    "ch": 66.94039138725007,
    "db": 1.3381567602979567,
    "bic": -8473.628878377716,
    "xb": 910.7074999710889
}