{
    "dataset": "blobs-P5-K4-N64-dt0.20-S1",
    "algorithm": "kmeans",
    "k": 10,
    "n": 64,
    "d": 5,
    "k_true": 4,
    "rand_score": 0.8625992063492064,
    "adjusted_rand_score": 0.535049156742067,
    "accuracy": 0.5625,
    "f1_score": 0.2838580709645177,
    "precision": 0.4,
    "recall": 0.225,
    "sigui": 0.2045778505918127,
    "sse": 23.673266280586564,
    "sc": 0.206939077573565,
    "ch": 75.10414411105197,
    "db": 1.3265520410761427,
    "bic": -303.8520625615704,
    "xb": 65.08685774010148
}