{
    "dataset": "blobs-P2-K32-N1024-dt0.90-S8",
    "algorithm": "kmeans",
    "k": 4,
    "n": 1024,
    "d": 2,
    "k_true": 32,
    "rand_score": 0.7711330797898338,
    "adjusted_rand_score": 0.14984663015075225,
    "accuracy": 0.125,
    "f1_score": 0.028227527141251506,
    "precision": 0.015947182562089397,
    "recall": 0.125,
    "sigui": 0.2959104708812952,
    "sse": 498.30357759080164,
    "sc": 0.44914416204265273,
    "ch": 1057.596325965818,
    "db": 0.7827932166179247,
    "bic": -2909.476231162642,
    "xb": 238.94309311937192
}