{
    "dataset": "blobs-P5-K2-N128-dt0.90-S8",
    "algorithm": "kmeans",
    "k": 4,
    "n": 128,
    "d": 5,
    "k_true": 2,
    "rand_score": 0.5114419291338582,
    "adjusted_rand_score": 0.018993115870845255,
    "accuracy": 0.3515625,
    "f1_score": 0.22507250725072508,
    "precision": 0.31293436293436294,
    "recall": 0.17578125,
    "sigui": 0.4749581889846149,
    "sse": 411.5918709254904,
    "sc": 0.15333918112016148,
    "ch": 22.937453341465034,
    "db": 1.6351007775619069,
    "bic": -1001.6603889620095,
    "xb": 94.99055241977531
}