{
    "dataset": "blobs-P5-K32-N128-dt0.10-S0",
    "algorithm": "kmeans",
    "k": 32,
    "n": 128,
    "d": 5,
    "k_true": 32,
    "rand_score": 1.0,
    "adjusted_rand_score": 1.0,
    "accuracy": 1.0,
    "f1_score": 1.0,
    "precision": 1.0,
    "recall": 1.0,
    "sigui": 0.06835936190639796,
    "sse": 4.715842630003808,
    "sc": 0.7945774585195553,
    "ch": 417.1749862043102,
    "db": 0.2597969523132822,
    "bic": -258.21504497328476,
    "xb": 13.028370718691178
}