{
    "dataset": "blobs-P10-K16-N64-dt0.40-S3",
    "algorithm": "kmeans",
    "k": 2,
    "n": 64,
    "d": 10,
    "k_true": 16,
    "rand_score": 0.4801587301587302,
    "adjusted_rand_score": 0.033210332103321034,
    "accuracy": 0.125,
    "f1_score": 0.030100334448160536,
    "precision": 0.017316017316017316,
    "recall": 0.125,
    "sigui": 0.5640264835742483,
    "sse": 567.0108440301758,
    "sc": 0.11128058574733332,
    "ch": 7.981024909442937,
    "db": 2.6074711593008137,
    "bic": -956.462698810592,
    "xb": 102.97249525206117
}