{
    "dataset": "blobs-P10-K8-N1024-dt0.50-S4",
    "algorithm": "kmeans",
    "k": 20,
    "n": 1024,
    "d": 10,
    "k_true": 8,
    "rand_score": 0.8677354441593352,
    "adjusted_rand_score": 0.18229318290037347,
    "accuracy": 0.3203125,
    "f1_score": 0.17890401958502408,
    "precision": 0.2997765614773812,
    "recall": 0.128125,
    "sigui": 0.478466133920946,
    "sse": 5617.9368823792265,
    "sc": 0.0789028025218909,
    "ch": 43.47495368991045,
    "db": 2.086074079362576,
    "bic": -15277.456452621502,
    "xb": 1396.3633325537032
}