{
    "dataset": "blobs-P10-K32-N1024-dt0.80-S7",
    "algorithm": "kmeans",
    "k": 10,
    "n": 1024,
    "d": 10,
    "k_true": 32,
    "rand_score": 0.8884694984115347,
    "adjusted_rand_score": 0.10259270207551166,
    "accuracy": 0.20703125,
    "f1_score": 0.09894227966849073,
    "precision": 0.06515929459080164,
    "recall": 0.20703125,
    "sigui": 0.5114390389643553,
    "sse": 6875.407668208558,
    "sc": 0.0798309424602208,
    "ch": 55.13526193770288,
    "db": 2.1746341556429227,
    "bic": -15224.982616622252,
    "xb": 1429.6035075554007
}