{
    "dataset": "blobs-P2-K8-N1024-dt0.60-S5",
    "algorithm": "kmeans",
    "k": 16,
    "n": 1024,
    "d": 2,
    "k_true": 8,
    "rand_score": 0.9086708822091887,
    "adjusted_rand_score": 0.47859434993507927,
    "accuracy": 0.50390625,
    "f1_score": 0.31436232608870557,
    "precision": 0.4320868085071601,
    "recall": 0.251953125,
    "sigui": 0.13676082545184867,
    "sse": 82.03975899508738,
    "sc": 0.3382046134437651,
    "ch": 1610.3923192901411,
    "db": 0.9765395989817278,
    "bic": -2568.098831450354,
    "xb": 305.42398348409915
}