{
    "dataset": "blobs-P5-K16-N128-dt0.50-S4",
    "algorithm": "kmeans",
    "k": 20,
    "n": 128,
    "d": 5,
    "k_true": 16,
    "rand_score": 0.9491879921259843,
    "adjusted_rand_score": 0.4968391162955786,
    "accuracy": 0.6640625,
    "f1_score": 0.5483248042806866,
    "precision": 0.5842078754578754,
    "recall": 0.53125,
    "sigui": 0.2676444704776854,
    "sse": 99.09149154022171,
    "sc": 0.2809054773946211,
    "ch": 31.028272859459726,
    "db": 1.0782741364693624,
    "bic": -978.2708824838393,
    "xb": 103.53348904677728
}