{
    "dataset": "blobs-P10-K2-N128-dt0.60-S5",
    "algorithm": "kmeans",
    "k": 4,
    "n": 128,
    "d": 10,
    "k_true": 2,
    "rand_score": 0.5729576771653543,
    "adjusted_rand_score": 0.1424978261757617,
    "accuracy": 0.4140625,
    "f1_score": 0.2718421052631579,
    "precision": 0.39717741935483875,
    "recall": 0.20703125,
    "sigui": 0.5392282697136895,
    "sse": 1015.2101301168171,
    "sc": 0.07368644647472176,
    "ch": 10.780672523344695,
    "db": 2.5690664594126913,
    "bic": -1951.691634912692,
    "xb": 219.00275709704596
}