{
    "dataset": "blobs-P10-K32-N64-dt0.90-S8",
    "algorithm": "kmeans",
    "k": 32,
    "n": 64,
    "d": 10,
    "k_true": 32,
    "rand_score": 0.9494047619047619,
    "adjusted_rand_score": 0.015926493108728942,
    "accuracy": 0.4375,
    "f1_score": 0.451016865079365,
    "precision": 0.5787202380952381,
    "recall": 0.4375,
    "sigui": 0.26220187577020315,
    "sse": 153.46220498670482,
    "sc": 0.004511925223385509,
    "ch": 3.2726791762042,
    "db": 0.8967643708536355,
    "bic": -1449.7203124421999,
    "xb": 43.4126111274729
}