{
    "dataset": "blobs-P10-K4-N1024-dt0.50-S4",
    "algorithm": "kmeans",
    "k": 50,
    "n": 1024,
    "d": 10,
    "k_true": 4,
    "rand_score": 0.7517641129032258,
    "adjusted_rand_score": 0.043236139524043815,
    "accuracy": 0.1015625,
    "f1_score": 0.014590030483606777,
    "precision": 0.07271402860661173,
    "recall": 0.008125,
    "sigui": 0.43842480387556215,
    "sse": 4604.763935875499,
    "sc": 0.07885444515011335,
    "ch": 24.325827325039988,
    "db": 1.8418731359135863,
    "bic": -16324.532302525262,
    "xb": 1201.4984580280866
}