{
    "dataset": "blobs-P2-K32-N128-dt0.20-S1",
    "algorithm": "kmeans",
    "k": 3,
    "n": 128,
    "d": 2,
    "k_true": 32,
    "rand_score": 0.6515748031496063,
    "adjusted_rand_score": 0.07846513343992129,
    "accuracy": 0.09375,
    "f1_score": 0.017738970588235294,
    "precision": 0.009889632936507936,
    "recall": 0.09375,
    "sigui": 0.3791699256073961,
    "sse": 89.93789000806089,
    "sc": 0.43383384637818395,
    "ch": 115.4005489073177,
    "db": 0.8387114311734486,
    "bic": -383.80562467631273,
    "xb": 27.371698097057788
}