{
    "dataset": "blobs-P5-K4-N1024-dt0.30-S2",
    "algorithm": "kmeans",
    "k": 4,
    "n": 1024,
    "d": 5,
    "k_true": 4,
    "rand_score": 0.8838950238269795,
    "adjusted_rand_score": 0.6898943743087023,
    "accuracy": 0.8720703125,
    "f1_score": 0.8721521696570976,
    "precision": 0.8727213524420753,
    "recall": 0.8720703125,
    "sigui": 0.4393155432348543,
    "sse": 2576.6576912285627,
    "sc": 0.2441436772564101,
    "ch": 335.60390575978187,
    "db": 1.3880395587792045,
    "bic": -7009.307407289097,
    "xb": 547.9573983581761
}