{
    "dataset": "blobs-P5-K32-N64-dt0.50-S4",
    "algorithm": "kmeans",
    "k": 32,
    "n": 64,
    "d": 5,
    "k_true": 32,
    "rand_score": 0.9801587301587301,
    "adjusted_rand_score": 0.49029126213592233,
    "accuracy": 0.734375,
    "f1_score": 0.719047619047619,
    "precision": 0.7645833333333333,
    "recall": 0.734375,
    "sigui": 0.14881046590777447,
    "sse": 14.296778430144256,
    "sc": 0.2959179114606749,
    "ch": 22.07242822961344,
    "db": 0.5676730848419884,
    "bic": -601.600853524182,
    "xb": 26.583174985406007
}