{
    "dataset": "blobs-P10-K32-N1024-dt0.50-S4",
    "algorithm": "kmeans",
    "k": 50,
    "n": 1024,
    "d": 10,
    "k_true": 32,
    "rand_score": 0.9708405883431085,
    "adjusted_rand_score": 0.42225383466438016,
    "accuracy": 0.537109375,
    "f1_score": 0.38518312080549366,
    "precision": 0.45268186360081414,
    "recall": 0.34375,
    "sigui": 0.40942267861154,
    "sse": 3722.9605171926387,
    "sc": 0.1031199275227346,
    "ch": 34.79563756405392,
    "db": 1.8847159935106041,
    "bic": -15202.665226081652,
    "xb": 1784.7947881173143
}