{
    "dataset": "blobs-P10-K16-N1024-dt0.40-S3",
    "algorithm": "kmeans",
    "k": 3,
    "n": 1024,
    "d": 10,
    "k_true": 16,
    "rand_score": 0.6880593994379277,
    "adjusted_rand_score": 0.11811992458642744,
    "accuracy": 0.1728515625,
    "f1_score": 0.054526998180186935,
    "precision": 0.03237662553569162,
    "recall": 0.1728515625,
    "sigui": 0.5484046151711011,
    "sse": 8488.337432590775,
    "sc": 0.09676714945998702,
    "ch": 105.34733659727725,
    "db": 2.6088648396687133,
    "bic": -14807.982281073573,
    "xb": 1820.2877528316815
}