{
    "dataset": "blobs-P5-K16-N1024-dt1.00-S9",
    "algorithm": "kmeans",
    "k": 16,
    "n": 1024,
    "d": 5,
    "k_true": 16,
    "rand_score": 0.8983840420332356,
    "adjusted_rand_score": 0.12750527456586266,
    "accuracy": 0.3134765625,
    "f1_score": 0.314144806150903,
    "precision": 0.316750515871872,
    "recall": 0.3134765625,
    "sigui": 0.3982172175714204,
    "sse": 1981.386723828683,
    "sc": 0.13956629199580078,
    "ch": 106.44807983327783,
    "db": 1.4843073815494958,
    "bic": -7998.918093130288,
    "xb": 771.419558186456
}