{
    "dataset": "blobs-P2-K2-N64-dt0.50-S4",
    "algorithm": "kmeans",
    "k": 3,
    "n": 64,
    "d": 2,
    "k_true": 2,
    "rand_score": 0.6190476190476191,
    "adjusted_rand_score": 0.23399404724209993,
    "accuracy": 0.59375,
    "f1_score": 0.46804597701149425,
    "precision": 0.584045584045584,
    "recall": 0.3958333333333333,
    "sigui": 0.3930789705311024,
    "sse": 53.278998631141945,
    "sc": 0.35030054262431837,
    "ch": 42.77465043080004,
    "db": 0.8756072826410523,
    "bic": -213.83313231771572,
    "xb": 16.135907146314405
}