{
    "dataset": "blobs-P10-K2-N64-dt1.00-S9",
    "algorithm": "kmeans",
    "k": 50,
    "n": 64,
    "d": 10,
    "k_true": 2,
    "rand_score": 0.5084325396825397,
    "adjusted_rand_score": 0.0012477803906512453,
    "accuracy": 0.0625,
    "f1_score": 0.004705882352941176,
    "precision": 0.04,
    "recall": 0.0025,
    "sigui": 0.10904214962233941,
    "sse": 35.15747445473022,
    "sc": 0.06993416232994792,
    "ch": 4.915374407177891,
    "db": 0.5360041924846505,
    "bic": -1605.8729989288843,
    "xb": 14.294650487014788
}