{
    "dataset": "blobs-P5-K32-N64-dt0.90-S8",
    "algorithm": "kmeans",
    "k": 25,
    "n": 64,
    "d": 5,
    "k_true": 32,
    "rand_score": 0.9618055555555556,
    "adjusted_rand_score": 0.3027166882276843,
    "accuracy": 0.59375,
    "f1_score": 0.5294642857142857,
    "precision": 0.5328124999999999,
    "recall": 0.59375,
    "sigui": 0.22080225504573114,
    "sse": 32.15677703196445,
    "sc": 0.2741278552775279,
    "ch": 14.54577481002247,
    "db": 0.7281534599608744,
    "bic": -610.9215561834544,
    "xb": 28.236076532589944
}