{
    "dataset": "blobs-P10-K32-N1024-dt0.60-S5",
    "algorithm": "kmeans",
    "k": 4,
    "n": 1024,
    "d": 10,
    "k_true": 32,
    "rand_score": 0.7492191318426198,
    "adjusted_rand_score": 0.05790024931260271,
    "accuracy": 0.111328125,
    "f1_score": 0.024914142193444476,
    "precision": 0.014040442144982335,
    "recall": 0.111328125,
    "sigui": 0.5388737945586419,
    "sse": 8218.101429662423,
    "sc": 0.08051346499255971,
    "ch": 83.65016175554956,
    "db": 2.508931024564607,
    "bic": -14971.933835121903,
    "xb": 1701.3463245267608
}