{
    "dataset": "blobs-P10-K8-N64-dt0.80-S7",
    "algorithm": "kmeans",
    "k": 2,
    "n": 64,
    "d": 10,
    "k_true": 8,
    "rand_score": 0.5163690476190477,
    "adjusted_rand_score": 0.027485315305330823,
    "accuracy": 0.234375,
    "f1_score": 0.09380892520427404,
    "precision": 0.05874384236453202,
    "recall": 0.234375,
    "sigui": 0.5585450769131162,
    "sse": 565.8126401599659,
    "sc": 0.09201756453928518,
    "ch": 8.129221554297038,
    "db": 2.6729422992136667,
    "bic": -958.6820579727489,
    "xb": 110.17958503076937
}