{
    "dataset": "blobs-P2-K8-N1024-dt0.40-S3",
    "algorithm": "kmeans",
    "k": 8,
    "n": 1024,
    "d": 2,
    "k_true": 8,
    "rand_score": 0.9426147818914956,
    "adjusted_rand_score": 0.736568394597911,
    "accuracy": 0.865234375,
    "f1_score": 0.8663757968182441,
    "precision": 0.8691321797132594,
    "recall": 0.865234375,
    "sigui": 0.1585540453400803,
    "sse": 107.23505280185208,
    "sc": 0.45150077411789147,
    "ch": 2626.8292141334236,
    "db": 0.7762130934352521,
    "bic": -2096.129637095722,
    "xb": 222.12154535211394
}