{
    "dataset": "blobs-P10-K2-N128-dt0.10-S0",
    "algorithm": "kmeans",
    "k": 8,
    "n": 128,
    "d": 10,
    "k_true": 2,
    "rand_score": 0.6446850393700787,
    "adjusted_rand_score": 0.285326807064582,
    "accuracy": 0.3671875,
    "f1_score": 0.1336996336996337,
    "precision": 0.25,
    "recall": 0.091796875,
    "sigui": 0.45720007648513333,
    "sse": 665.5065347483059,
    "sc": 0.09739341581604685,
    "ch": 15.828805789282086,
    "db": 1.9774801558727886,
    "bic": -1864.989873569566,
    "xb": 166.81547655280772
}