{
    "dataset": "blobs-P5-K8-N1024-dt0.40-S3",
    "algorithm": "kmeans",
    "k": 20,
    "n": 1024,
    "d": 5,
    "k_true": 8,
    "rand_score": 0.9232400873655914,
    "adjusted_rand_score": 0.5329924817172897,
    "accuracy": 0.4873046875,
    "f1_score": 0.2593300991065822,
    "precision": 0.3921651181455837,
    "recall": 0.194921875,
    "sigui": 0.23477028308840756,
    "sse": 558.9298636790598,
    "sc": 0.22192286809711959,
    "ch": 431.21071876472473,
    "db": 1.4461348903537383,
    "bic": -5029.248344543072,
    "xb": 732.8546527819203
}