{
    "dataset": "blobs-P5-K16-N1024-dt0.90-S8",
    "algorithm": "kmeans",
    "k": 2,
    "n": 1024,
    "d": 5,
    "k_true": 16,
    "rand_score": 0.5243023735337243,
    "adjusted_rand_score": 0.0724098197552912,
    "accuracy": 0.1240234375,
    "f1_score": 0.028269209985950505,
    "precision": 0.016007845474248987,
    "recall": 0.1240234375,
    "sigui": 0.5344941614551253,
    "sse": 4222.054500490603,
    "sc": 0.17417622000306252,
    "ch": 217.35870543404124,
    "db": 2.0374557903645036,
    "bic": -7507.140744156019,
    "xb": 1026.423621951912
}