{
    "dataset": "blobs-P10-K16-N64-dt1.00-S9",
    "algorithm": "kmeans",
    "k": 25,
    "n": 64,
    "d": 10,
    "k_true": 16,
    "rand_score": 0.9107142857142857,
    "adjusted_rand_score": -0.014492753623188406,
    "accuracy": 0.296875,
    "f1_score": 0.21760927960927962,
    "precision": 0.32155555555555554,
    "recall": 0.19,
    "sigui": 0.3183856261869624,
    "sse": 160.69705777642403,
    "sc": 0.12216608840166536,
    "ch": 4.846804863079323,
    "db": 0.9800724931906585,
    "bic": -1264.1852278362585,
    "xb": 38.45431090056802
}