{
    "dataset": "blobs-P2-K2-N128-dt0.80-S7",
    "algorithm": "kmeans",
    "k": 50,
    "n": 128,
    "d": 2,
    "k_true": 2,
    "rand_score": 0.5057824803149606,
    "adjusted_rand_score": 0.004029494966059704,
    "accuracy": 0.0625,
    "f1_score": 0.004607946184570107,
    "precision": 0.03428571428571429,
    "recall": 0.0025,
    "sigui": 0.06661994728096195,
    "sse": 2.7349743072113264,
    "sc": 0.3137884674078727,
    "ch": 147.4078094437538,
    "db": 0.5002168738758267,
    "bic": -638.1615484638043,
    "xb": 101.53631803329002
}