{
    "dataset": "blobs-P5-K32-N128-dt0.80-S7",
    "algorithm": "kmeans",
    "k": 20,
    "n": 128,
    "d": 5,
    "k_true": 32,
    "rand_score": 0.937869094488189,
    "adjusted_rand_score": 0.15128296743287414,
    "accuracy": 0.390625,
    "f1_score": 0.31586928696303695,
    "precision": 0.299022591991342,
    "recall": 0.390625,
    "sigui": 0.33024574865991485,
    "sse": 160.5471813950113,
    "sc": 0.1632469489168704,
    "ch": 16.975139237610644,
    "db": 1.199543944062388,
    "bic": -1131.65846143337,
    "xb": 97.38283215342406
}