{
    "dataset": "blobs-P2-K32-N64-dt0.40-S3",
    "algorithm": "kmeans",
    "k": 2,
    "n": 64,
    "d": 2,
    "k_true": 32,
    "rand_score": 0.5158730158730159,
    "adjusted_rand_score": 0.031746031746031744,
    "accuracy": 0.0625,
    "f1_score": 0.007456140350877193,
    "precision": 0.003968253968253968,
    "recall": 0.0625,
    "sigui": 0.4094407620008865,
    "sse": 64.93764946194938,
    "sc": 0.4327727197327835,
    "ch": 60.20953585100353,
    "db": 0.917556238495926,
    "bic": -194.5622350782565,
    "xb": 15.306891522278042
}