{
    "dataset": "blobs-P2-K4-N1024-dt0.70-S6",
    "algorithm": "kmeans",
    "k": 50,
    "n": 1024,
    "d": 2,
    "k_true": 4,
    "rand_score": 0.759328415200391,
    "adjusted_rand_score": 0.07919337728704967,
    "accuracy": 0.125,
    "f1_score": 0.017441081089472687,
    "precision": 0.06961881114834403,
    "recall": 0.01,
    "sigui": 0.11581827083710362,
    "sse": 46.57798669586165,
    "sc": 0.3397085615569778,
    "ch": 854.1238255443044,
    "db": 0.8211440999109098,
    "bic": -3419.327995239307,
    "xb": 524.5261864747216
}