{
    "dataset": "blobs-P2-K2-N1024-dt0.10-S0",
    "algorithm": "kmeans",
    "k": 32,
    "n": 1024,
    "d": 2,
    "k_true": 2,
    "rand_score": 0.537517946603128,
    "adjusted_rand_score": 0.07419792773782924,
    "accuracy": 0.11328125,
    "f1_score": 0.012702362005965811,
    "precision": 0.0625,
    "recall": 0.007080078125,
    "sigui": 0.09550303846409192,
    "sse": 36.328512362643266,
    "sc": 0.3399425627630032,
    "ch": 1771.982484771135,
    "db": 0.8675061191438052,
    "bic": -2532.7246041025965,
    "xb": 402.3530754321726
}