{
    "dataset": "blobs-P5-K32-N64-dt0.30-S2",
    "algorithm": "kmeans",
    "k": 16,
    "n": 64,
    "d": 5,
    "k_true": 32,
    "rand_score": 0.9459325396825397,
    "adjusted_rand_score": 0.3456884230585993,
    "accuracy": 0.5,
    "f1_score": 0.38026244588744584,
    "precision": 0.3397569444444445,
    "recall": 0.5,
    "sigui": 0.2331607044434857,
    "sse": 38.616084083113186,
    "sc": 0.4211085079358625,
    "ch": 23.31744795759327,
    "db": 0.679266184252755,
    "bic": -488.649905034963,
    "xb": 19.267497457935868
}