{
    "dataset": "blobs-P10-K32-N128-dt1.00-S9",
    "algorithm": "kmeans",
    "k": 16,
    "n": 128,
    "d": 10,
    "k_true": 32,
    "rand_score": 0.9132627952755905,
    "adjusted_rand_score": 0.05196785362599663,
    "accuracy": 0.25,
    "f1_score": 0.1756193102240896,
    "precision": 0.15265333624708627,
    "recall": 0.25,
    "sigui": 0.4576467656473915,
    "sse": 643.4911345121828,
    "sc": 0.08814353551075339,
    "ch": 7.385648805524801,
    "db": 1.6545732673909916,
    "bic": -2146.196185534999,
    "xb": 130.0816661078165
}