{
    "dataset": "blobs-P5-K16-N1024-dt0.70-S6",
    "algorithm": "kmeans",
    "k": 32,
    "n": 1024,
    "d": 5,
    "k_true": 16,
    "rand_score": 0.9480102181085044,
    "adjusted_rand_score": 0.42628901721675844,
    "accuracy": 0.49609375,
    "f1_score": 0.30848893819915607,
    "precision": 0.42089089353019554,
    "recall": 0.248046875,
    "sigui": 0.30658972130843454,
    "sse": 989.3792975778179,
    "sc": 0.165967421606245,
    "ch": 133.59877531408875,
    "db": 1.5884632297089492,
    "bic": -7228.113241885617,
    "xb": 1062.4498605446008
}