{
    "dataset": "blobs-P10-K8-N128-dt1.00-S9",
    "algorithm": "kmeans",
    "k": 16,
    "n": 128,
    "d": 10,
    "k_true": 8,
    "rand_score": 0.8373523622047244,
    "adjusted_rand_score": 0.07087912696040996,
    "accuracy": 0.2734375,
    "f1_score": 0.16463590433713488,
    "precision": 0.22198851495726496,
    "recall": 0.13671875,
    "sigui": 0.45834900836725717,
    "sse": 673.2278709797349,
    "sc": 0.06351884893760411,
    "ch": 6.729616264140607,
    "db": 1.703154494220208,
    "bic": -2170.3633222357375,
    "xb": 161.0845906752411
}