{
    "dataset": "blobs-P10-K8-N1024-dt0.40-S3",
    "algorithm": "kmeans",
    "k": 8,
    "n": 1024,
    "d": 10,
    "k_true": 8,
    "rand_score": 0.9340481427174976,
    "adjusted_rand_score": 0.6972445212744284,
    "accuracy": 0.84765625,
    "f1_score": 0.8459228564567496,
    "precision": 0.8457208081820393,
    "recall": 0.84765625,
    "sigui": 0.47904512829511037,
    "sse": 5652.143298232112,
    "sc": 0.14252354633357642,
    "ch": 117.81276494969192,
    "db": 1.8662723803233294,
    "bic": -13919.724260389037,
    "xb": 1219.7988772644678
}