{
    "dataset": "blobs-P2-K2-N128-dt0.50-S4",
    "algorithm": "kmeans",
    "k": 20,
    "n": 128,
    "d": 2,
    "k_true": 2,
    "rand_score": 0.5243602362204725,
    "adjusted_rand_score": 0.04201624924880394,
    "accuracy": 0.1328125,
    "f1_score": 0.02266666666666667,
    "precision": 0.07727272727272727,
    "recall": 0.01328125,
    "sigui": 0.1482293246472826,
    "sse": 13.06042660660039,
    "sc": 0.39713337561244855,
    "ch": 105.73312204392687,
    "db": 0.6916393915131307,
    "bic": -495.66662435783263,
    "xb": 57.71731530233811
}