{
    "dataset": "blobs-P5-K32-N1024-dt0.20-S1",
    "algorithm": "kmeans",
    "k": 8,
    "n": 1024,
    "d": 5,
    "k_true": 32,
    "rand_score": 0.8868504857038123,
    "adjusted_rand_score": 0.31170372372492855,
    "accuracy": 0.25,
    "f1_score": 0.11003929263673695,
    "precision": 0.07311969995313103,
    "recall": 0.25,
    "sigui": 0.3694032217376523,
    "sse": 1577.0910312507233,
    "sc": 0.36737554732176264,
    "ch": 326.061032706217,
    "db": 1.0487098075892707,
    "bic": -6470.639328891564,
    "xb": 380.85108928663044
}