{
    "dataset": "blobs-P5-K32-N1024-dt1.00-S9",
    "algorithm": "kmeans",
    "k": 2,
    "n": 1024,
    "d": 5,
    "k_true": 32,
    "rand_score": 0.4923421462609971,
    "adjusted_rand_score": 0.03450305389195861,
    "accuracy": 0.0625,
    "f1_score": 0.007735651184699337,
    "precision": 0.004137323587996913,
    "recall": 0.0625,
    "sigui": 0.535213975602367,
    "sse": 4209.644825065442,
    "sc": 0.17889767529767392,
    "ch": 221.0122296406923,
    "db": 2.0036464801281584,
    "bic": -7486.286737441588,
    "xb": 987.5721315578014
}