{
    "dataset": "blobs-P2-K4-N64-dt0.30-S2",
    "algorithm": "kmeans",
    "k": 3,
    "n": 64,
    "d": 2,
    "k_true": 4,
    "rand_score": 0.8655753968253969,
    "adjusted_rand_score": 0.6840264282938204,
    "accuracy": 0.75,
    "f1_score": 0.6626370083816893,
    "precision": 0.6143263757115749,
    "recall": 0.75,
    "sigui": 0.2995643810169514,
    "sse": 26.627821805938172,
    "sc": 0.5814923470386211,
    "ch": 116.11356938814212,
    "db": 0.5851097120891761,
    "bic": -167.11584936463947,
    "xb": 7.735788128715769
}