{
    "dataset": "blobs-P10-K8-N64-dt0.70-S6",
    "algorithm": "kmeans",
    "k": 3,
    "n": 64,
    "d": 10,
    "k_true": 8,
    "rand_score": 0.623015873015873,
    "adjusted_rand_score": 0.08848614072494669,
    "accuracy": 0.265625,
    "f1_score": 0.13541666666666666,
    "precision": 0.09821428571428571,
    "recall": 0.265625,
    "sigui": 0.5426005495425122,
    "sse": 538.6409572490895,
    "sc": 0.07985196193331558,
    "ch": 5.739353389855868,
    "db": 2.509066099467267,
    "bic": -984.860649110961,
    "xb": 105.48041060208197
}