{
    "dataset": "blobs-P5-K2-N64-dt1.00-S9",
    "algorithm": "kmeans",
    "k": 50,
    "n": 64,
    "d": 5,
    "k_true": 2,
    "rand_score": 0.5114087301587301,
    "adjusted_rand_score": 0.007294716129961127,
    "accuracy": 0.0625,
    "f1_score": 0.004705882352941176,
    "precision": 0.04,
    "recall": 0.0025,
    "sigui": 0.07322467477775804,
    "sse": 6.002198063618014,
    "sc": 0.13575348448187533,
    "ch": 14.946800612912698,
    "db": 0.35913976343463694,
    "bic": -806.1108219094182,
    "xb": 24.80290863777855
}