{
    "dataset": "blobs-P10-K32-N64-dt0.60-S5",
    "algorithm": "kmeans",
    "k": 32,
    "n": 64,
    "d": 10,
    "k_true": 32,
    "rand_score": 0.964781746031746,
    "adjusted_rand_score": 0.14783768336826061,
    "accuracy": 0.53125,
    "f1_score": 0.527827380952381,
    "precision": 0.6020833333333333,
    "recall": 0.53125,
    "sigui": 0.27379262898307044,
    "sse": 126.20930685087761,
    "sc": 0.0822320827955987,
    "ch": 4.202262097066778,
    "db": 0.8624088712534691,
    "bic": -1394.639997740485,
    "xb": 32.84717842727512
}