{
    "dataset": "blobs-P2-K8-N64-dt0.80-S7",
    "algorithm": "kmeans",
    "k": 8,
    "n": 64,
    "d": 2,
    "k_true": 8,
    "rand_score": 0.8799603174603174,
    "adjusted_rand_score": 0.4173354735152488,
    "accuracy": 0.578125,
    "f1_score": 0.5508510860484545,
    "precision": 0.5384469696969697,
    "recall": 0.578125,
    "sigui": 0.18391149488025865,
    "sse": 9.640149426644335,
    "sc": 0.35877091732688415,
    "ch": 98.2224198693201,
    "db": 0.9046000606794793,
    "bic": -196.7817061993417,
    "xb": 38.90032901379727
}