{
    "dataset": "blobs-P5-K32-N1024-dt0.10-S0",
    "algorithm": "kmeans",
    "k": 4,
    "n": 1024,
    "d": 5,
    "k_true": 32,
    "rand_score": 0.7752187958211144,
    "adjusted_rand_score": 0.16575714755338106,
    "accuracy": 0.125,
    "f1_score": 0.02821462732735982,
    "precision": 0.015934592227695676,
    "recall": 0.125,
    "sigui": 0.4568682521164835,
    "sse": 2669.5131940571064,
    "sc": 0.3037970695777841,
    "ch": 312.1039131311979,
    "db": 1.3232325641909415,
    "bic": -7089.950756679731,
    "xb": 458.1402459641072
}