{
    "dataset": "blobs-P2-K4-N128-dt0.30-S2",
    "algorithm": "kmeans",
    "k": 3,
    "n": 128,
    "d": 2,
    "k_true": 4,
    "rand_score": 0.8740157480314961,
    "adjusted_rand_score": 0.7093821510297483,
    "accuracy": 0.75,
    "f1_score": 0.6666666666666666,
    "precision": 0.625,
    "recall": 0.75,
    "sigui": 0.19228719913460715,
    "sse": 20.8703989101127,
    "sc": 0.7798502810644912,
    "ch": 704.1360412616377,
    "db": 0.3019943366503876,
    "bic": -197.32613674292102,
    "xb": 4.7133516931837915
}