{
    "dataset": "blobs-P10-K32-N1024-dt1.00-S9",
    "algorithm": "kmeans",
    "k": 2,
    "n": 1024,
    "d": 10,
    "k_true": 32,
    "rand_score": 0.5052999755620723,
    "adjusted_rand_score": 0.012880229519566931,
    "accuracy": 0.0576171875,
    "f1_score": 0.006792815114087773,
    "precision": 0.003609891519039672,
    "recall": 0.0576171875,
    "sigui": 0.5646916808799276,
    "sse": 9466.211272689468,
    "sc": 0.07293448843065986,
    "ch": 83.5439549755661,
    "db": 3.4067230842282257,
    "bic": -14911.917350770955,
    "xb": 2680.7812704361318
}