{
    "dataset": "blobs-P10-K4-N64-dt0.80-S7",
    "algorithm": "kmeans",
    "k": 10,
    "n": 64,
    "d": 10,
    "k_true": 4,
    "rand_score": 0.7118055555555556,
    "adjusted_rand_score": 0.00732243104710764,
    "accuracy": 0.25,
    "f1_score": 0.13146853146853146,
    "precision": 0.2,
    "recall": 0.1,
    "sigui": 0.4604512188106393,
    "sse": 343.89029211357933,
    "sc": 0.08338583456052513,
    "ch": 5.166351851339071,
    "db": 1.7760746285430273,
    "bic": -1085.0899466963222,
    "xb": 76.84712852992817
}