{
    "dataset": "blobs-P5-K32-N128-dt0.30-S2",
    "algorithm": "kmeans",
    "k": 10,
    "n": 128,
    "d": 5,
    "k_true": 32,
    "rand_score": 0.9174458661417323,
    "adjusted_rand_score": 0.32703409171674735,
    "accuracy": 0.3125,
    "f1_score": 0.15737103174603173,
    "precision": 0.10749458874458874,
    "recall": 0.3125,
    "sigui": 0.3274116775809862,
    "sse": 151.46579290371974,
    "sc": 0.35802451075202246,
    "ch": 42.288269503130806,
    "db": 0.9914754543258736,
    "bic": -881.6905480875569,
    "xb": 49.088797146487494
}