{
    "dataset": "blobs-P2-K8-N1024-dt0.70-S6",
    "algorithm": "kmeans",
    "k": 8,
    "n": 1024,
    "d": 2,
    "k_true": 8,
    "rand_score": 0.9233145466764419,
    "adjusted_rand_score": 0.6484531270185802,
    "accuracy": 0.791015625,
    "f1_score": 0.7949591910452336,
    "precision": 0.8013910659602318,
    "recall": 0.791015625,
    "sigui": 0.20580490584586592,
    "sse": 168.20784440847868,
    "sc": 0.4302023940710944,
    "ch": 1622.0717495376616,
    "db": 0.8100842095217266,
    "bic": -2555.549111607732,
    "xb": 318.1558675988301
}