{
    "dataset": "blobs-P5-K16-N128-dt0.80-S7",
    "algorithm": "kmeans",
    "k": 8,
    "n": 128,
    "d": 5,
    "k_true": 16,
    "rand_score": 0.9242125984251969,
    "adjusted_rand_score": 0.5431761380888982,
    "accuracy": 0.5,
    "f1_score": 0.3415361393824392,
    "precision": 0.2655825011163886,
    "recall": 0.5,
    "sigui": 0.34657571419484845,
    "sse": 166.72444394379815,
    "sc": 0.328356776083019,
    "ch": 48.66290182027951,
    "db": 1.1011666822929964,
    "bic": -857.5896408249047,
    "xb": 66.02649069006489
}