{
    "dataset": "blobs-P2-K4-N128-dt0.20-S1",
    "algorithm": "kmeans",
    "k": 10,
    "n": 128,
    "d": 2,
    "k_true": 4,
    "rand_score": 0.8642962598425197,
    "adjusted_rand_score": 0.550781989077487,
    "accuracy": 0.5625,
    "f1_score": 0.28581128926881877,
    "precision": 0.3952380952380953,
    "recall": 0.225,
    "sigui": 0.10525691050061364,
    "sse": 5.210680439291871,
    "sc": 0.3867249948477877,
    "ch": 631.0359409964603,
    "db": 0.7910623114277237,
    "bic": -216.19833147879737,
    "xb": 45.78443185816956
}