{
    "dataset": "blobs-P10-K4-N128-dt1.00-S9",
    "algorithm": "kmeans",
    "k": 2,
    "n": 128,
    "d": 10,
    "k_true": 4,
    "rand_score": 0.5231299212598425,
    "adjusted_rand_score": 0.042400709661354584,
    "accuracy": 0.3515625,
    "f1_score": 0.234375,
    "precision": 0.17578125,
    "recall": 0.3515625,
    "sigui": 0.55891651403623,
    "sse": 1171.485213859923,
    "sc": 0.07589624440492053,
    "ch": 11.671391915053762,
    "db": 3.1942143670350562,
    "bic": -1901.7193017984218,
    "xb": 301.94037828858853
}