{
    "dataset": "blobs-P2-K8-N1024-dt0.20-S1",
    "algorithm": "kmeans",
    "k": 16,
    "n": 1024,
    "d": 2,
    "k_true": 8,
    "rand_score": 0.9485696175464321,
    "adjusted_rand_score": 0.7127208282975129,
    "accuracy": 0.62890625,
    "f1_score": 0.3761571145314223,
    "precision": 0.5,
    "recall": 0.314453125,
    "sigui": 0.05227958306371852,
    "sse": 9.230546517602315,
    "sc": 0.4803820076306124,
    "ch": 14845.181248461498,
    "db": 0.9141803093462106,
    "bic": -294.80865882994397,
    "xb": 158.64638202550623
}