{
    "dataset": "blobs-P2-K4-N64-dt0.50-S4",
    "algorithm": "kmeans",
    "k": 2,
    "n": 64,
    "d": 2,
    "k_true": 4,
    "rand_score": 0.6314484126984127,
    "adjusted_rand_score": 0.28698076132157385,
    "accuracy": 0.5,
    "f1_score": 0.34547908232118757,
    "precision": 0.27147401908801694,
    "recall": 0.5,
    "sigui": 0.3724221373446722,
    "sse": 61.28211806624546,
    "sc": 0.44852771674721276,
    "ch": 67.49944046355006,
    "db": 0.8323920110756216,
    "bic": -188.78969460439788,
    "xb": 13.088623628586218
}