{
    "dataset": "blobs-P5-K16-N128-dt1.00-S9",
    "algorithm": "kmeans",
    "k": 20,
    "n": 128,
    "d": 5,
    "k_true": 16,
    "rand_score": 0.9156003937007874,
    "adjusted_rand_score": 0.16874666056026258,
    "accuracy": 0.40625,
    "f1_score": 0.3540056486341316,
    "precision": 0.4430050505050505,
    "recall": 0.325,
    "sigui": 0.3417503201577558,
    "sse": 166.3857041868616,
    "sc": 0.14970327275038384,
    "ch": 16.180016058658847,
    "db": 1.3489376837505476,
    "bic": -1144.232035011775,
    "xb": 101.60045724516806
}