{
    "dataset": "blobs-P10-K4-N64-dt0.50-S4",
    "algorithm": "kmeans",
    "k": 2,
    "n": 64,
    "d": 10,
    "k_true": 4,
    "rand_score": 0.4801587301587302,
    "adjusted_rand_score": 0.025159461374911412,
    "accuracy": 0.34375,
    "f1_score": 0.23333333333333334,
    "precision": 0.18636363636363637,
    "recall": 0.34375,
    "sigui": 0.5702289849338349,
    "sse": 589.3996152062712,
    "sc": 0.06806943720486322,
    "ch": 5.322745004021166,
    "db": 3.083421100175515,
    "bic": -967.4210837499022,
    "xb": 141.88413219235653
}