{
    "dataset": "blobs-P10-K2-N1024-dt0.50-S4",
    "algorithm": "kmeans",
    "k": 2,
    "n": 1024,
    "d": 10,
    "k_true": 2,
    "rand_score": 0.7333898460410557,
    "adjusted_rand_score": 0.4667791905296133,
    "accuracy": 0.841796875,
    "f1_score": 0.8417962715006695,
    "precision": 0.8418020904859999,
    "recall": 0.841796875,
    "sigui": 0.559282460123488,
    "sse": 9153.73861916478,
    "sc": 0.09980692573070907,
    "ch": 121.27931301089443,
    "db": 2.83517646701398,
    "bic": -14741.808583245424,
    "xb": 1930.7304004354983
}