{
    "dataset": "blobs-P10-K32-N64-dt1.00-S9",
    "algorithm": "kmeans",
    "k": 8,
    "n": 64,
    "d": 10,
    "k_true": 32,
    "rand_score": 0.8452380952380952,
    "adjusted_rand_score": 0.02072538860103627,
    "accuracy": 0.21875,
    "f1_score": 0.09597902097902099,
    "precision": 0.06816941738816738,
    "recall": 0.21875,
    "sigui": 0.4929331962467941,
    "sse": 414.14561212186464,
    "sc": 0.05741739658905485,
    "ch": 4.362801512655919,
    "db": 2.030045411563419,
    "bic": -1078.1367069600028,
    "xb": 111.57224816245821
}