{
    "dataset": "blobs-P10-K2-N64-dt0.10-S0",
    "algorithm": "kmeans",
    "k": 3,
    "n": 64,
    "d": 10,
    "k_true": 2,
    "rand_score": 0.875,
    "adjusted_rand_score": 0.7489404769435132,
    "accuracy": 0.78125,
    "f1_score": 0.5733333333333334,
    "precision": 0.6666666666666666,
    "recall": 0.5208333333333334,
    "sigui": 0.44120262665244353,
    "sse": 298.10481992078724,
    "sc": 0.25415083315308196,
    "ch": 34.98032334796489,
    "db": 1.7207702981157382,
    "bic": -798.909294216232,
    "xb": 89.73676076014026
}