{
    "dataset": "blobs-P10-K2-N64-dt0.20-S1",
    "algorithm": "kmeans",
    "k": 25,
    "n": 64,
    "d": 10,
    "k_true": 2,
    "rand_score": 0.5505952380952381,
    "adjusted_rand_score": 0.08794861142181458,
    "accuracy": 0.203125,
    "f1_score": 0.02644986449864499,
    "precision": 0.08,
    "recall": 0.01625,
    "sigui": 0.2993580104083675,
    "sse": 140.3992859989436,
    "sc": 0.08276666704451502,
    "ch": 5.7824450778034935,
    "db": 1.0886464388221564,
    "bic": -1222.2475151391834,
    "xb": 45.68780073129612
}