{
    "dataset": "blobs-P5-K2-N1024-dt0.30-S2",
    "algorithm": "kmeans",
    "k": 4,
    "n": 1024,
    "d": 5,
    "k_true": 2,
    "rand_score": 0.6876298264907136,
    "adjusted_rand_score": 0.37495717221559055,
    "accuracy": 0.4990234375,
    "f1_score": 0.32443593418637684,
    "precision": 0.46782666234537895,
    "recall": 0.24951171875,
    "sigui": 0.4699635965125467,
    "sse": 3109.984579514725,
    "sc": 0.1584240755986408,
    "ch": 219.74554069063242,
    "db": 1.8993688708281622,
    "bic": -7485.17816601202,
    "xb": 951.1414690903192
}