{
    "dataset": "blobs-P10-K32-N128-dt1.00-S9",
    "algorithm": "kmeans",
    "k": 50,
    "n": 128,
    "d": 10,
    "k_true": 32,
    "rand_score": 0.9573080708661418,
    "adjusted_rand_score": 0.02753933402475892,
    "accuracy": 0.296875,
    "f1_score": 0.2243174603174603,
    "precision": 0.34666666666666673,
    "recall": 0.19,
    "sigui": 0.29931205466337085,
    "sse": 299.6981331053162,
    "sc": 0.07650007582613719,
    "ch": 5.206840985771443,
    "db": 0.9858144073909854,
    "bic": -2762.1324927676164,
    "xb": 72.77351339189231
}