{
    "dataset": "blobs-P10-K8-N64-dt0.90-S8",
    "algorithm": "kmeans",
    "k": 20,
    "n": 64,
    "d": 10,
    "k_true": 8,
    "rand_score": 0.8581349206349206,
    "adjusted_rand_score": 0.047372316802368614,
    "accuracy": 0.28125,
    "f1_score": 0.14721112221112223,
    "precision": 0.23178571428571426,
    "recall": 0.1125,
    "sigui": 0.36716184353846437,
    "sse": 212.09779467720136,
    "sc": 0.08893938170664206,
    "ch": 4.67204962862027,
    "db": 1.2283950034497149,
    "bic": -1215.1519595050322,
    "xb": 60.75834359523615
}