{
    "dataset": "blobs-P2-K4-N64-dt0.80-S7",
    "algorithm": "kmeans",
    "k": 8,
    "n": 64,
    "d": 2,
    "k_true": 4,
    "rand_score": 0.7986111111111112,
    "adjusted_rand_score": 0.3343222985633979,
    "accuracy": 0.46875,
    "f1_score": 0.2875925925925926,
    "precision": 0.37752525252525254,
    "recall": 0.234375,
    "sigui": 0.18708426522282162,
    "sse": 12.335000004431688,
    "sc": 0.4341747171111604,
    "ch": 75.01580864467775,
    "db": 0.6921731414917544,
    "bic": -212.42477724359455,
    "xb": 18.735059967361007
}