{
    "dataset": "blobs-P5-K4-N128-dt0.70-S6",
    "algorithm": "kmeans",
    "k": 16,
    "n": 128,
    "d": 5,
    "k_true": 4,
    "rand_score": 0.7555364173228346,
    "adjusted_rand_score": 0.11794766037617138,
    "accuracy": 0.2421875,
    "f1_score": 0.08944638027876015,
    "precision": 0.18229166666666669,
    "recall": 0.060546875,
    "sigui": 0.3538588838979511,
    "sse": 184.89943740995886,
    "sc": 0.17432872183110784,
    "ch": 18.378012655268808,
    "db": 1.327108450614269,
    "bic": -1091.7672933254312,
    "xb": 84.11061018087631
}