{
    "dataset": "blobs-P10-K16-N64-dt0.20-S1",
    "algorithm": "kmeans",
    "k": 10,
    "n": 64,
    "d": 10,
    "k_true": 16,
    "rand_score": 0.9270833333333334,
    "adjusted_rand_score": 0.49084611578426524,
    "accuracy": 0.609375,
    "f1_score": 0.4951749639249639,
    "precision": 0.44415584415584414,
    "recall": 0.609375,
    "sigui": 0.40478125047436864,
    "sse": 251.6928132299526,
    "sc": 0.21600308429502021,
    "ch": 9.256693072486275,
    "db": 1.2474702197187166,
    "bic": -984.0830175526987,
    "xb": 38.895658868677174
}