{
    "dataset": "blobs-P5-K8-N64-dt0.20-S1",
    "algorithm": "kmeans",
    "k": 3,
    "n": 64,
    "d": 5,
    "k_true": 8,
    "rand_score": 0.746031746031746,
    "adjusted_rand_score": 0.35714285714285715,
    "accuracy": 0.375,
    "f1_score": 0.21666666666666667,
    "precision": 0.15625,
    "recall": 0.375,
    "sigui": 0.42763510173338626,
    "sse": 144.83766152971717,
    "sc": 0.36849438832181236,
    "ch": 36.88578831582063,
    "db": 1.057658188286347,
    "bic": -431.38068978357404,
    "xb": 21.312879486928633
}