{
    "dataset": "blobs-P10-K16-N128-dt0.40-S3",
    "algorithm": "kmeans",
    "k": 20,
    "n": 128,
    "d": 10,
    "k_true": 16,
    "rand_score": 0.9438976377952756,
    "adjusted_rand_score": 0.44263935940868493,
    "accuracy": 0.6171875,
    "f1_score": 0.5224487170036706,
    "precision": 0.5974693362193362,
    "recall": 0.49375,
    "sigui": 0.40235831841557834,
    "sse": 468.6090280681979,
    "sc": 0.12919924035087035,
    "ch": 9.842143081676046,
    "db": 1.4971706714815327,
    "bic": -2086.6271566749047,
    "xb": 138.0472402946517
}