{
    "dataset": "blobs-P10-K32-N1024-dt0.30-S2",
    "algorithm": "kmeans",
    "k": 20,
    "n": 1024,
    "d": 10,
    "k_true": 32,
    "rand_score": 0.9712128848973607,
    "adjusted_rand_score": 0.654167581798923,
    "accuracy": 0.6240234375,
    "f1_score": 0.5054176991514303,
    "precision": 0.44817612304974436,
    "recall": 0.6240234375,
    "sigui": 0.3797850888073006,
    "sse": 3089.4517053259437,
    "sc": 0.28917975513499855,
    "ch": 122.30326339948284,
    "db": 1.2138578696972508,
    "bic": -12153.164084026648,
    "xb": 494.8936127260946
}