{
    "dataset": "blobs-P5-K16-N1024-dt0.20-S1",
    "algorithm": "kmeans",
    "k": 50,
    "n": 1024,
    "d": 5,
    "k_true": 16,
    "rand_score": 0.9610940554740958,
    "adjusted_rand_score": 0.5225374692314204,
    "accuracy": 0.443359375,
    "f1_score": 0.1937889135558198,
    "precision": 0.32,
    "recall": 0.141875,
    "sigui": 0.09051810800654517,
    "sse": 68.91527736278415,
    "sc": 0.17629996970782463,
    "ch": 1456.9076426128634,
    "db": 1.6311413544968927,
    "bic": -1193.438003602017,
    "xb": 1174.2960698326929
}