{
    "dataset": "blobs-P2-K32-N1024-dt0.20-S1",
    "algorithm": "kmeans",
    "k": 10,
    "n": 1024,
    "d": 2,
    "k_true": 32,
    "rand_score": 0.9042033235581622,
    "adjusted_rand_score": 0.35603345280764637,
    "accuracy": 0.3125,
    "f1_score": 0.17135416666666664,
    "precision": 0.1279017857142857,
    "recall": 0.3125,
    "sigui": 0.1551137613806978,
    "sse": 109.71473612248295,
    "sc": 0.633366993666775,
    "ch": 1990.4358106134969,
    "db": 0.6003243696418291,
    "bic": -2241.619746596612,
    "xb": 161.34359858566975
}