{
    "dataset": "blobs-P2-K8-N64-dt0.40-S3",
    "algorithm": "kmeans",
    "k": 16,
    "n": 64,
    "d": 2,
    "k_true": 8,
    "rand_score": 0.9439484126984127,
    "adjusted_rand_score": 0.6515930113052415,
    "accuracy": 0.6875,
    "f1_score": 0.39972527472527475,
    "precision": 0.5,
    "recall": 0.34375,
    "sigui": 0.07568161822803605,
    "sse": 1.5631812115940937,
    "sc": 0.42314846357593866,
    "ch": 258.82976146463534,
    "db": 0.6376110523203387,
    "bic": -170.8716799631688,
    "xb": 56.77083669738758
}