{
    "dataset": "blobs-P2-K32-N128-dt0.70-S6",
    "algorithm": "kmeans",
    "k": 16,
    "n": 128,
    "d": 2,
    "k_true": 32,
    "rand_score": 0.9506643700787402,
    "adjusted_rand_score": 0.457986994327313,
    "accuracy": 0.5,
    "f1_score": 0.36735692283292903,
    "precision": 0.3138974383459677,
    "recall": 0.5,
    "sigui": 0.11587796121278252,
    "sse": 7.456709552183321,
    "sc": 0.5641620329653815,
    "ch": 248.87517597718295,
    "db": 0.5321383482789077,
    "bic": -368.1541134491614,
    "xb": 29.839595990960973
}