{
    "dataset": "blobs-P2-K8-N128-dt0.60-S5",
    "algorithm": "kmeans",
    "k": 2,
    "n": 128,
    "d": 2,
    "k_true": 8,
    "rand_score": 0.484744094488189,
    "adjusted_rand_score": 0.1140184300477742,
    "accuracy": 0.25,
    "f1_score": 0.11636363636363636,
    "precision": 0.08010012515644556,
    "recall": 0.25,
    "sigui": 0.4681656359452778,
    "sse": 149.58538060734256,
    "sc": 0.3723553195773281,
    "ch": 89.63604590926631,
    "db": 0.923645201190342,
    "bic": -383.1383577087558,
    "xb": 32.307881248737175
}