{
    "dataset": "blobs-P5-K2-N1024-dt0.20-S1",
    "algorithm": "kmeans",
    "k": 20,
    "n": 1024,
    "d": 5,
    "k_true": 2,
    "rand_score": 0.5527381934261975,
    "adjusted_rand_score": 0.10469416218931425,
    "accuracy": 0.1611328125,
    "f1_score": 0.02773382231428345,
    "precision": 0.1,
    "recall": 0.01611328125,
    "sigui": 0.3522552967880169,
    "sse": 1395.7083892660007,
    "sc": 0.15406896942442738,
    "ch": 141.00324311197852,
    "db": 1.4894607430905444,
    "bic": -7382.075408573369,
    "xb": 1034.6616020442
}