{
    "dataset": "blobs-P5-K16-N128-dt0.70-S6",
    "algorithm": "kmeans",
    "k": 8,
    "n": 128,
    "d": 5,
    "k_true": 16,
    "rand_score": 0.9000984251968503,
    "adjusted_rand_score": 0.43718823336789825,
    "accuracy": 0.4921875,
    "f1_score": 0.35017250301880287,
    "precision": 0.2911529110985633,
    "recall": 0.4921875,
    "sigui": 0.37030048150729156,
    "sse": 205.3840864333966,
    "sc": 0.2772482264913905,
    "ch": 36.276221043545895,
    "db": 1.100826430138178,
    "bic": -917.4592628520151,
    "xb": 65.12603743332754
}