{
    "dataset": "blobs-P2-K8-N128-dt0.70-S6",
    "algorithm": "kmeans",
    "k": 50,
    "n": 128,
    "d": 2,
    "k_true": 8,
    "rand_score": 0.8847194881889764,
    "adjusted_rand_score": 0.11862385660852498,
    "accuracy": 0.2265625,
    "f1_score": 0.056913192071086804,
    "precision": 0.136,
    "recall": 0.03625,
    "sigui": 0.059921150169677195,
    "sse": 2.104945974287073,
    "sc": 0.32963734967687425,
    "ch": 192.00467788352708,
    "db": 0.5855922376016877,
    "bic": -612.9308797019638,
    "xb": 83.3918350742854
}