{
    "dataset": "blobs-P2-K32-N128-dt0.80-S7",
    "algorithm": "kmeans",
    "k": 20,
    "n": 128,
    "d": 2,
    "k_true": 32,
    "rand_score": 0.9701033464566929,
    "adjusted_rand_score": 0.5849617386392674,
    "accuracy": 0.625,
    "f1_score": 0.5072510822510822,
    "precision": 0.44970238095238096,
    "recall": 0.625,
    "sigui": 0.07809499250409999,
    "sse": 3.811861188302086,
    "sc": 0.5809285874942407,
    "ch": 376.06051281315393,
    "db": 0.5190904367503266,
    "bic": -345.79551773193754,
    "xb": 42.03857920558617
}