{
    "dataset": "blobs-P2-K8-N128-dt0.20-S1",
    "algorithm": "kmeans",
    "k": 32,
    "n": 128,
    "d": 2,
    "k_true": 8,
    "rand_score": 0.9131397637795275,
    "adjusted_rand_score": 0.3882149046793761,
    "accuracy": 0.375,
    "f1_score": 0.13429396690266254,
    "precision": 0.25,
    "recall": 0.09375,
    "sigui": 0.0381548939829121,
    "sse": 0.9708723166737112,
    "sc": 0.4149752765192205,
    "ch": 813.4618812890768,
    "db": 0.5995532994917511,
    "bic": -314.7031532101596,
    "xb": 98.77301468861026
}