{
    "dataset": "blobs-P10-K16-N64-dt0.40-S3",
    "algorithm": "kmeans",
    "k": 32,
    "n": 64,
    "d": 10,
    "k_true": 16,
    "rand_score": 0.9469246031746031,
    "adjusted_rand_score": 0.2566986437313927,
    "accuracy": 0.484375,
    "f1_score": 0.28241567460317457,
    "precision": 0.3848958333333333,
    "recall": 0.2421875,
    "sigui": 0.2542921848876164,
    "sse": 111.67197809922652,
    "sc": 0.09076804261581109,
    "ch": 4.883685868198165,
    "db": 0.8708104942058827,
    "bic": -1355.209137253742,
    "xb": 38.023105590984905
}