{
    "dataset": "blobs-P5-K2-N1024-dt0.90-S8",
    "algorithm": "kmeans",
    "k": 50,
    "n": 1024,
    "d": 5,
    "k_true": 2,
    "rand_score": 0.5043759164222874,
    "adjusted_rand_score": 0.007823174196414607,
    "accuracy": 0.05078125,
    "f1_score": 0.003795694611579088,
    "precision": 0.03,
    "recall": 0.00203125,
    "sigui": 0.32841826332581403,
    "sse": 1199.3330499411197,
    "sc": 0.14665300791372746,
    "ch": 64.9804967332882,
    "db": 1.3704173215678697,
    "bic": -8542.484049840523,
    "xb": 1294.6231632355293
}