{
    "dataset": "blobs-P5-K2-N1024-dt0.80-S7",
    "algorithm": "kmeans",
    "k": 32,
    "n": 1024,
    "d": 5,
    "k_true": 2,
    "rand_score": 0.5079652370478983,
    "adjusted_rand_score": 0.015032717826045155,
    "accuracy": 0.0791015625,
    "f1_score": 0.008960020441858637,
    "precision": 0.049760452961672474,
    "recall": 0.00494384765625,
    "sigui": 0.36263787597578584,
    "sse": 1537.6991421167306,
    "sc": 0.13815470490768908,
    "ch": 74.548801070712,
    "db": 1.4192018967883238,
    "bic": -8344.69562079413,
    "xb": 797.4802640103111
}