{
    "dataset": "blobs-P2-K16-N128-dt0.20-S1",
    "algorithm": "kmeans",
    "k": 50,
    "n": 128,
    "d": 2,
    "k_true": 16,
    "rand_score": 0.9638287401574803,
    "adjusted_rand_score": 0.497456189937818,
    "accuracy": 0.5078125,
    "f1_score": 0.20959973359973358,
    "precision": 0.32,
    "recall": 0.1625,
    "sigui": 0.011828951351742854,
    "sse": 0.07036403307041746,
    "sc": 0.4215829409082851,
    "ch": 5789.8641998147305,
    "db": 0.5275985449443897,
    "bic": -172.69293719910428,
    "xb": 174.5328952298622
}