{
    "dataset": "blobs-P2-K16-N64-dt0.40-S3",
    "algorithm": "kmeans",
    "k": 16,
    "n": 64,
    "d": 2,
    "k_true": 16,
    "rand_score": 0.9905753968253969,
    "adjusted_rand_score": 0.9023733790066063,
    "accuracy": 0.921875,
    "f1_score": 0.9077380952380952,
    "precision": 0.90625,
    "recall": 0.921875,
    "sigui": 0.04683518355471757,
    "sse": 0.6446984591663606,
    "sc": 0.630520717139412,
    "ch": 632.1357824519091,
    "db": 0.4323588362416399,
    "bic": -119.37463844738807,
    "xb": 50.390583946931244
}