{
    "dataset": "blobs-P2-K32-N128-dt0.20-S1",
    "algorithm": "kmeans",
    "k": 16,
    "n": 128,
    "d": 2,
    "k_true": 32,
    "rand_score": 0.9568159448818898,
    "adjusted_rand_score": 0.5011582233860409,
    "accuracy": 0.5,
    "f1_score": 0.3590277777777778,
    "precision": 0.2993844696969697,
    "recall": 0.5,
    "sigui": 0.11168428850260581,
    "sse": 6.952750854763417,
    "sc": 0.6043459788002135,
    "ch": 267.45569235287104,
    "db": 0.5326840505204987,
    "bic": -363.2231027795098,
    "xb": 34.646808759456064
}