{
    "dataset": "blobs-P10-K16-N128-dt0.70-S6",
    "algorithm": "kmeans",
    "k": 8,
    "n": 128,
    "d": 10,
    "k_true": 16,
    "rand_score": 0.8422736220472441,
    "adjusted_rand_score": 0.13281491344873503,
    "accuracy": 0.3046875,
    "f1_score": 0.18779991252868902,
    "precision": 0.13775448585231193,
    "recall": 0.3046875,
    "sigui": 0.49726647082825887,
    "sse": 807.455949801934,
    "sc": 0.09551454972572515,
    "ch": 10.032442201013748,
    "db": 1.775901633601826,
    "bic": -1985.4378369412927,
    "xb": 155.46947822270013
}