{
    "dataset": "blobs-P5-K16-N128-dt0.60-S5",
    "algorithm": "kmeans",
    "k": 8,
    "n": 128,
    "d": 5,
    "k_true": 16,
    "rand_score": 0.8924704724409449,
    "adjusted_rand_score": 0.3422964341158764,
    "accuracy": 0.453125,
    "f1_score": 0.3052187848383501,
    "precision": 0.23227588383838382,
    "recall": 0.453125,
    "sigui": 0.41987352330419464,
    "sse": 253.77473016974375,
    "sc": 0.2106575175882216,
    "ch": 26.090086358215846,
    "db": 1.311429863434062,
    "bic": -993.5818696715158,
    "xb": 71.58793940325414
}