{
    "dataset": "blobs-P2-K2-N64-dt0.80-S7",
    "algorithm": "kmeans",
    "k": 16,
    "n": 64,
    "d": 2,
    "k_true": 2,
    "rand_score": 0.5183531746031746,
    "adjusted_rand_score": 0.023029625489100057,
    "accuracy": 0.140625,
    "f1_score": 0.029914529914529912,
    "precision": 0.10714285714285715,
    "recall": 0.017578125,
    "sigui": 0.1589474361679289,
    "sse": 7.360011753766774,
    "sc": 0.3682052007095421,
    "ch": 52.45208503782228,
    "db": 0.6541172428539405,
    "bic": -272.3368100267841,
    "xb": 32.827816340016085
}