{
    "dataset": "blobs-P5-K4-N1024-dt0.70-S6",
    "algorithm": "kmeans",
    "k": 16,
    "n": 1024,
    "d": 5,
    "k_true": 4,
    "rand_score": 0.7396406097262952,
    "adjusted_rand_score": 0.07322389355669946,
    "accuracy": 0.169921875,
    "f1_score": 0.06740116104448471,
    "precision": 0.16496104057670702,
    "recall": 0.04248046875,
    "sigui": 0.4132457454298988,
    "sse": 2000.530424519298,
    "sc": 0.13766661494477778,
    "ch": 104.78638710164797,
    "db": 1.4706490345829466,
    "bic": -8018.665249978744,
    "xb": 797.4058678484415
}