{
    "dataset": "blobs-P10-K16-N1024-dt0.10-S0",
    "algorithm": "kmeans",
    "k": 25,
    "n": 1024,
    "d": 10,
    "k_true": 16,
    "rand_score": 0.9863262157869013,
    "adjusted_rand_score": 0.8680040569867631,
    "accuracy": 0.814453125,
    "f1_score": 0.5632657553000291,
    "precision": 0.64,
    "recall": 0.52125,
    "sigui": 0.18640612566061737,
    "sse": 558.8234430961794,
    "sc": 0.41704727607608294,
    "ch": 721.1203809711409,
    "db": 1.763750421571773,
    "bic": -3765.8328482286925,
    "xb": 2141.4378120819815
}