{
    "dataset": "blobs-P5-K2-N64-dt0.20-S1",
    "algorithm": "kmeans",
    "k": 2,
    "n": 64,
    "d": 5,
    "k_true": 2,
    "rand_score": 1.0,
    "adjusted_rand_score": 1.0,
    "accuracy": 1.0,
    "f1_score": 1.0,
    "precision": 1.0,
    "recall": 1.0,
    "sigui": 0.4573241744172437,
    "sse": 174.46401991078972,
    "sc": 0.38421771876429534,
    "ch": 51.71972289842326,
    "db": 1.0396290745120602,
    "bic": -426.3984460063387,
    "xb": 19.12880809407253
}