{
    "dataset": "blobs-P10-K16-N1024-dt0.50-S4",
    "algorithm": "kmeans",
    "k": 2,
    "n": 1024,
    "d": 10,
    "k_true": 16,
    "rand_score": 0.5248503176930597,
    "adjusted_rand_score": 0.0499169429450986,
    "accuracy": 0.125,
    "f1_score": 0.02780493103073748,
    "precision": 0.015644335803223587,
    "recall": 0.125,
    "sigui": 0.5620959055342719,
    "sse": 9211.264796537342,
    "sc": 0.09638991213732812,
    "ch": 114.1393067251814,
    "db": 2.9231624443686957,
    "bic": -14773.259133398278,
    "xb": 2037.2167358309068
}