{
    "dataset": "blobs-P5-K8-N128-dt1.00-S9",
    "algorithm": "kmeans",
    "k": 50,
    "n": 128,
    "d": 5,
    "k_true": 8,
    "rand_score": 0.8711860236220472,
    "adjusted_rand_score": 0.057151366031099986,
    "accuracy": 0.1875,
    "f1_score": 0.0461513885724412,
    "precision": 0.1113030303030303,
    "recall": 0.03,
    "sigui": 0.2131501227145031,
    "sse": 68.24613922511988,
    "sc": 0.18045436286778,
    "ch": 13.336121414608916,
    "db": 0.7725289446862158,
    "bic": -1424.0144299369717,
    "xb": 66.16622595761476
}