{
    "dataset": "blobs-P2-K8-N128-dt0.90-S8",
    "algorithm": "kmeans",
    "k": 4,
    "n": 128,
    "d": 2,
    "k_true": 8,
    "rand_score": 0.7739911417322834,
    "adjusted_rand_score": 0.2729105828894838,
    "accuracy": 0.4140625,
    "f1_score": 0.2761123588191257,
    "precision": 0.20928664831103858,
    "recall": 0.4140625,
    "sigui": 0.3239044306690432,
    "sse": 75.52156964168265,
    "sc": 0.3739867808308417,
    "ch": 98.77674890591578,
    "db": 0.8201612659223259,
    "bic": -411.57354299692423,
    "xb": 28.742548046128732
}