{
    "dataset": "blobs-P10-K2-N64-dt0.30-S2",
    "algorithm": "kmeans",
    "k": 4,
    "n": 64,
    "d": 10,
    "k_true": 2,
    "rand_score": 0.6433531746031746,
    "adjusted_rand_score": 0.2811483344706648,
    "accuracy": 0.53125,
    "f1_score": 0.33974358974358976,
    "precision": 0.475,
    "recall": 0.265625,
    "sigui": 0.5058632024342257,
    "sse": 415.6039151475033,
    "sc": 0.10703593977828153,
    "ch": 10.798554906435637,
    "db": 2.203911071631132,
    "bic": -948.2861474120067,
    "xb": 88.41255333330994
}