{
    "dataset": "blobs-P10-K8-N64-dt0.30-S2",
    "algorithm": "kmeans",
    "k": 2,
    "n": 64,
    "d": 10,
    "k_true": 8,
    "rand_score": 0.5496031746031746,
    "adjusted_rand_score": 0.13137755102040816,
    "accuracy": 0.25,
    "f1_score": 0.10416666666666666,
    "precision": 0.06666666666666667,
    "recall": 0.25,
    "sigui": 0.5448620740267215,
    "sse": 518.0049317608408,
    "sc": 0.16698323747429367,
    "ch": 14.601587295929413,
    "db": 1.9118636219479648,
    "bic": -928.693313593689,
    "xb": 60.94493907734176
}