{
    "dataset": "blobs-P2-K16-N1024-dt0.70-S6",
    "algorithm": "kmeans",
    "k": 2,
    "n": 1024,
    "d": 2,
    "k_true": 16,
    "rand_score": 0.49266862170087977,
    "adjusted_rand_score": 0.09405925329963166,
    "accuracy": 0.125,
    "f1_score": 0.031169252830801283,
    "precision": 0.0181203659464529,
    "recall": 0.125,
    "sigui": 0.43467953433659334,
    "sse": 1253.929323476654,
    "sc": 0.4509687948806907,
    "ch": 647.1977456885515,
    "db": 1.0379994163787323,
    "bic": -3061.987182257423,
    "xb": 306.92243584768994
}