{
    "dataset": "blobs-P10-K32-N128-dt0.60-S5",
    "algorithm": "kmeans",
    "k": 16,
    "n": 128,
    "d": 10,
    "k_true": 32,
    "rand_score": 0.9282726377952756,
    "adjusted_rand_score": 0.12898064819716487,
    "accuracy": 0.3203125,
    "f1_score": 0.2193102904040404,
    "precision": 0.1720610119047619,
    "recall": 0.3203125,
    "sigui": 0.45351854885873144,
    "sse": 618.1927679175807,
    "sc": 0.09059411296396781,
    "ch": 7.9934516480910105,
    "db": 1.7315551011742207,
    "bic": -2131.2450881330096,
    "xb": 156.86172387007792
}