{
    "dataset": "blobs-P10-K32-N1024-dt0.20-S1",
    "algorithm": "kmeans",
    "k": 50,
    "n": 1024,
    "d": 10,
    "k_true": 32,
    "rand_score": 0.9926495295698925,
    "adjusted_rand_score": 0.8585787751285647,
    "accuracy": 0.80859375,
    "f1_score": 0.5629952953822306,
    "precision": 0.6392857142857143,
    "recall": 0.5175,
    "sigui": 0.2876500195518701,
    "sse": 1496.2690937418959,
    "sc": 0.24451232135943138,
    "ch": 116.15822175623049,
    "db": 1.858061721043017,
    "bic": -10487.047550764823,
    "xb": 2519.6666265148447
}