{
    "dataset": "blobs-P5-K16-N128-dt0.30-S2",
    "algorithm": "kmeans",
    "k": 8,
    "n": 128,
    "d": 5,
    "k_true": 16,
    "rand_score": 0.9291338582677166,
    "adjusted_rand_score": 0.5761957730812013,
    "accuracy": 0.5,
    "f1_score": 0.34374999999999994,
    "precision": 0.2708333333333333,
    "recall": 0.5,
    "sigui": 0.2954661322779358,
    "sse": 120.13177227144946,
    "sc": 0.4315139354480297,
    "ch": 74.1854264908643,
    "db": 0.8350544838243983,
    "bic": -751.8829877234681,
    "xb": 37.16887634646853
}