{
    "dataset": "blobs-P2-K8-N64-dt0.20-S1",
    "algorithm": "kmeans",
    "k": 2,
    "n": 64,
    "d": 2,
    "k_true": 8,
    "rand_score": 0.5873015873015873,
    "adjusted_rand_score": 0.20408163265306123,
    "accuracy": 0.25,
    "f1_score": 0.10416666666666666,
    "precision": 0.06666666666666667,
    "recall": 0.25,
    "sigui": 0.36856852533783846,
    "sse": 77.08350513294843,
    "sc": 0.3973154800151378,
    "ch": 40.95328405620011,
    "db": 0.988740403679616,
    "bic": -204.0157247979827,
    "xb": 20.664866569085323
}