{
    "dataset": "blobs-P10-K4-N1024-dt0.50-S4",
    "algorithm": "kmeans",
    "k": 20,
    "n": 1024,
    "d": 10,
    "k_true": 4,
    "rand_score": 0.7523254215542522,
    "adjusted_rand_score": 0.09957213329060446,
    "accuracy": 0.171875,
    "f1_score": 0.05606846179761251,
    "precision": 0.15240350625248553,
    "recall": 0.034375,
    "sigui": 0.48002076559549967,
    "sse": 5787.218456982068,
    "sc": 0.07802349282703457,
    "ch": 40.657589264861116,
    "db": 2.14440654943563,
    "bic": -15412.670981990017,
    "xb": 1533.2128965402187
}