{
    "dataset": "blobs-P5-K16-N1024-dt0.80-S7",
    "algorithm": "kmeans",
    "k": 4,
    "n": 1024,
    "d": 5,
    "k_true": 16,
    "rand_score": 0.7530031922043011,
    "adjusted_rand_score": 0.11910082192142982,
    "accuracy": 0.2041015625,
    "f1_score": 0.0819087463646537,
    "precision": 0.05124517859161673,
    "recall": 0.2041015625,
    "sigui": 0.49249746370944186,
    "sse": 3376.8560677722962,
    "sc": 0.15093636193347046,
    "ch": 175.51859091970007,
    "db": 1.6759690182269034,
    "bic": -7701.668721329603,
    "xb": 833.1369259035016
}