{
    "dataset": "blobs-P5-K2-N128-dt0.10-S0",
    "algorithm": "kmeans",
    "k": 2,
    "n": 128,
    "d": 5,
    "k_true": 2,
    "rand_score": 1.0,
    "adjusted_rand_score": 1.0,
    "accuracy": 1.0,
    "f1_score": 1.0,
    "precision": 1.0,
    "recall": 1.0,
    "sigui": 0.39659943480826965,
    "sse": 287.9156382848412,
    "sc": 0.4992755174574266,
    "ch": 154.0820423662473,
    "db": 0.8303796061027319,
    "bic": -770.3789444159659,
    "xb": 25.98693609872028
}