{
    "dataset": "blobs-P10-K4-N64-dt0.40-S3",
    "algorithm": "kmeans",
    "k": 3,
    "n": 64,
    "d": 10,
    "k_true": 4,
    "rand_score": 0.7455357142857143,
    "adjusted_rand_score": 0.4168245547555892,
    "accuracy": 0.609375,
    "f1_score": 0.516366612111293,
    "precision": 0.4920757363253857,
    "recall": 0.609375,
    "sigui": 0.5139169501334788,
    "sse": 450.58032174171603,
    "sc": 0.18061562883035592,
    "ch": 12.821909675383816,
    "db": 1.8365061504881093,
    "bic": -929.3796957917355,
    "xb": 57.260776057712896
}