{
    "dataset": "blobs-P2-K4-N64-dt0.80-S7",
    "algorithm": "kmeans",
    "k": 20,
    "n": 64,
    "d": 2,
    "k_true": 4,
    "rand_score": 0.7802579365079365,
    "adjusted_rand_score": 0.1687069966937718,
    "accuracy": 0.265625,
    "f1_score": 0.07801891091364775,
    "precision": 0.16083333333333333,
    "recall": 0.053125,
    "sigui": 0.09766749782866388,
    "sse": 2.8803607852219106,
    "sc": 0.45809586345948805,
    "ch": 100.59529519057318,
    "db": 0.5259765542487003,
    "bic": -250.46010159443992,
    "xb": 31.18498227414046
}