{
    "dataset": "blobs-P10-K2-N64-dt0.30-S2",
    "algorithm": "kmeans",
    "k": 10,
    "n": 64,
    "d": 10,
    "k_true": 2,
    "rand_score": 0.5818452380952381,
    "adjusted_rand_score": 0.15352002677674886,
    "accuracy": 0.328125,
    "f1_score": 0.09878183831672203,
    "precision": 0.2,
    "recall": 0.065625,
    "sigui": 0.4277336321195596,
    "sse": 296.97684423050515,
    "sc": 0.10257715199598176,
    "ch": 6.930301047375594,
    "db": 1.625173765113713,
    "bic": -1030.6301376789927,
    "xb": 74.46558896093076
}