{
    "dataset": "blobs-P10-K32-N128-dt0.20-S1",
    "algorithm": "kmeans",
    "k": 8,
    "n": 128,
    "d": 10,
    "k_true": 32,
    "rand_score": 0.8877952755905512,
    "adjusted_rand_score": 0.25071807478328373,
    "accuracy": 0.25,
    "f1_score": 0.10918109668109668,
    "precision": 0.0726438492063492,
    "recall": 0.25,
    "sigui": 0.466204061158905,
    "sse": 659.5916115784024,
    "sc": 0.19278001890434,
    "ch": 16.124480945854884,
    "db": 1.5407973216380693,
    "bic": -1865.0701504765887,
    "xb": 95.44829641091968
}