{
    "dataset": "blobs-P5-K32-N1024-dt0.20-S1",
    "algorithm": "kmeans",
    "k": 16,
    "n": 1024,
    "d": 5,
    "k_true": 32,
    "rand_score": 0.955036122311828,
    "adjusted_rand_score": 0.5543591134465273,
    "accuracy": 0.5,
    "f1_score": 0.3663089289319604,
    "precision": 0.314266846092504,
    "recall": 0.5,
    "sigui": 0.24936901325130306,
    "sse": 693.2890227456377,
    "sc": 0.4961937010329913,
    "ch": 429.0778707174689,
    "db": 0.7651436419330997,
    "bic": -5208.238692562818,
    "xb": 299.3958313067937
}