{
    "dataset": "blobs-P5-K16-N128-dt0.30-S2",
    "algorithm": "kmeans",
    "k": 32,
    "n": 128,
    "d": 5,
    "k_true": 16,
    "rand_score": 0.9792076771653543,
    "adjusted_rand_score": 0.7572690363366997,
    "accuracy": 0.734375,
    "f1_score": 0.41548867798867795,
    "precision": 0.5,
    "recall": 0.3671875,
    "sigui": 0.13746885535146589,
    "sse": 22.01320065702219,
    "sc": 0.25938845970955315,
    "ch": 86.93717928512183,
    "db": 0.8710565981369591,
    "bic": -727.9833573901698,
    "xb": 86.23272017095658
}