{
    "dataset": "blobs-P10-K2-N64-dt0.80-S7",
    "algorithm": "kmeans",
    "k": 4,
    "n": 64,
    "d": 10,
    "k_true": 2,
    "rand_score": 0.4930555555555556,
    "adjusted_rand_score": -0.02222716159146477,
    "accuracy": 0.296875,
    "f1_score": 0.18987595038015206,
    "precision": 0.26393188854489164,
    "recall": 0.1484375,
    "sigui": 0.52301940173453,
    "sse": 468.1076238991763,
    "sc": 0.08970431171303393,
    "ch": 7.344139139158597,
    "db": 2.2185916550205214,
    "bic": -988.27648985847,
    "xb": 89.80990741954619
}