{
    "dataset": "blobs-P5-K16-N128-dt0.70-S6",
    "algorithm": "kmeans",
    "k": 32,
    "n": 128,
    "d": 5,
    "k_true": 16,
    "rand_score": 0.9627214566929134,
    "adjusted_rand_score": 0.5580300228559615,
    "accuracy": 0.65625,
    "f1_score": 0.37478927322677325,
    "precision": 0.4510416666666667,
    "recall": 0.328125,
    "sigui": 0.23143378675665857,
    "sse": 67.97590902820781,
    "sc": 0.21652290181351597,
    "ch": 26.059665377543322,
    "db": 0.9883901239738235,
    "bic": -1092.368098589688,
    "xb": 100.72316482629955
}