{
    "dataset": "blobs-P5-K16-N64-dt0.60-S5",
    "algorithm": "kmeans",
    "k": 25,
    "n": 64,
    "d": 5,
    "k_true": 16,
    "rand_score": 0.9543650793650794,
    "adjusted_rand_score": 0.4091743119266055,
    "accuracy": 0.609375,
    "f1_score": 0.4434920634920634,
    "precision": 0.54,
    "recall": 0.39,
    "sigui": 0.19884885208831996,
    "sse": 25.896463606534656,
    "sc": 0.26030202882037023,
    "ch": 18.45496180099218,
    "db": 0.8130802416657237,
    "bic": -580.0708505622767,
    "xb": 31.45783630010034
}