{
    "dataset": "blobs-P10-K4-N64-dt0.20-S1",
    "algorithm": "kmeans",
    "k": 8,
    "n": 64,
    "d": 10,
    "k_true": 4,
    "rand_score": 0.9027777777777778,
    "adjusted_rand_score": 0.6882762799151773,
    "accuracy": 0.6875,
    "f1_score": 0.40064102564102566,
    "precision": 0.5,
    "recall": 0.34375,
    "sigui": 0.4017029915959229,
    "sse": 234.22231491435716,
    "sc": 0.17348651186394465,
    "ch": 13.859573891890344,
    "db": 1.6678421363046123,
    "bic": -897.6602778863082,
    "xb": 71.10032305875336
}