{
    "dataset": "blobs-P10-K2-N64-dt0.40-S3",
    "algorithm": "kmeans",
    "k": 2,
    "n": 64,
    "d": 10,
    "k_true": 2,
    "rand_score": 0.8020833333333334,
    "adjusted_rand_score": 0.6040731465293201,
    "accuracy": 0.890625,
    "f1_score": 0.8905982905982905,
    "precision": 0.8910068426197458,
    "recall": 0.890625,
    "sigui": 0.5432929133616313,
    "sse": 529.8522907882734,
    "sc": 0.14578040998122785,
    "ch": 12.88879578300427,
    "db": 2.1345635556431612,
    "bic": -937.9197534076955,
    "xb": 72.62157542523845
}