{
    "dataset": "blobs-P10-K4-N1024-dt0.70-S6",
    "algorithm": "kmeans",
    "k": 25,
    "n": 1024,
    "d": 10,
    "k_true": 4,
    "rand_score": 0.7413512646627566,
    "adjusted_rand_score": 0.04111846611613723,
    "accuracy": 0.134765625,
    "f1_score": 0.0363514560223033,
    "precision": 0.1187571129080563,
    "recall": 0.0215625,
    "sigui": 0.47480369732143823,
    "sse": 5736.460484806768,
    "sc": 0.07144413508472919,
    "ch": 32.678658349763325,
    "db": 2.00017965903929,
    "bic": -15790.618106219852,
    "xb": 1297.9209842837747
}