{
    "dataset": "blobs-P5-K32-N64-dt0.90-S8",
    "algorithm": "kmeans",
    "k": 50,
    "n": 64,
    "d": 5,
    "k_true": 32,
    "rand_score": 0.9846230158730159,
    "adjusted_rand_score": 0.3336745138178096,
    "accuracy": 0.625,
    "f1_score": 0.46266666666666667,
    "precision": 0.5933333333333333,
    "recall": 0.4,
    "sigui": 0.061275607024951106,
    "sse": 4.149211805476863,
    "sc": 0.16943901214251783,
    "ch": 21.74945184099147,
    "db": 0.29607123267404634,
    "bic": -747.0376449072347,
    "xb": 18.247525268909975
}