{
    "dataset": "blobs-P2-K8-N128-dt0.70-S6",
    "algorithm": "kmeans",
    "k": 10,
    "n": 128,
    "d": 2,
    "k_true": 8,
    "rand_score": 0.8684793307086615,
    "adjusted_rand_score": 0.3823142684252911,
    "accuracy": 0.5390625,
    "f1_score": 0.4522526652801589,
    "precision": 0.5129563492063492,
    "recall": 0.43125,
    "sigui": 0.18901242489935824,
    "sse": 23.228880948417874,
    "sc": 0.35092580762342723,
    "ch": 131.38334180281853,
    "db": 0.8623420340098832,
    "bic": -405.50854360223946,
    "xb": 58.78799661793421
}