{
    "dataset": "blobs-P2-K8-N128-dt0.90-S8",
    "algorithm": "kmeans",
    "k": 20,
    "n": 128,
    "d": 2,
    "k_true": 8,
    "rand_score": 0.8654035433070866,
    "adjusted_rand_score": 0.17534425451092117,
    "accuracy": 0.34375,
    "f1_score": 0.1707391304347826,
    "precision": 0.2303138528138528,
    "recall": 0.1375,
    "sigui": 0.15256081650565562,
    "sse": 11.597061759991266,
    "sc": 0.4125734577394697,
    "ch": 119.7922183185314,
    "db": 0.6516009811980393,
    "bic": -475.7844723075406,
    "xb": 32.584972748101755
}