{
    "dataset": "blobs-P5-K2-N128-dt0.30-S2",
    "algorithm": "kmeans",
    "k": 4,
    "n": 128,
    "d": 5,
    "k_true": 2,
    "rand_score": 0.6982037401574803,
    "adjusted_rand_score": 0.39398991186008103,
    "accuracy": 0.5,
    "f1_score": 0.3316151202749141,
    "precision": 0.49242424242424243,
    "recall": 0.25,
    "sigui": 0.4439863670577798,
    "sse": 309.0613056097171,
    "sc": 0.18367594489798736,
    "ch": 44.25917809784082,
    "db": 1.6761840547076652,
    "bic": -910.344779962854,
    "xb": 97.09765048115796
}