{
    "dataset": "blobs-P10-K4-N1024-dt0.70-S6",
    "algorithm": "kmeans",
    "k": 10,
    "n": 1024,
    "d": 10,
    "k_true": 4,
    "rand_score": 0.7242886271994134,
    "adjusted_rand_score": 0.07927781827878468,
    "accuracy": 0.248046875,
    "f1_score": 0.1428416715531797,
    "precision": 0.2561228946186194,
    "recall": 0.09921875,
    "sigui": 0.5139902317987092,
    "sse": 6987.67825752345,
    "sc": 0.07553323989779125,
    "ch": 52.43919885089637,
    "db": 2.115191343693917,
    "bic": -15307.77226592317,
    "xb": 1318.7730595619266
}