{
    "dataset": "blobs-P5-K16-N128-dt0.40-S3",
    "algorithm": "kmeans",
    "k": 3,
    "n": 128,
    "d": 5,
    "k_true": 16,
    "rand_score": 0.7057086614173228,
    "adjusted_rand_score": 0.17925496849772513,
    "accuracy": 0.1875,
    "f1_score": 0.06077188940092165,
    "precision": 0.036465141612200436,
    "recall": 0.1875,
    "sigui": 0.47731481174188906,
    "sse": 396.35292667410937,
    "sc": 0.25701310593682936,
    "ch": 38.42015804109081,
    "db": 1.4412859853083024,
    "bic": -936.7493188389976,
    "xb": 67.35492516103402
}