{
    "dataset": "blobs-P2-K2-N128-dt0.10-S0",
    "algorithm": "kmeans",
    "k": 25,
    "n": 128,
    "d": 2,
    "k_true": 2,
    "rand_score": 0.5530265748031497,
    "adjusted_rand_score": 0.09965987788386674,
    "accuracy": 0.1953125,
    "f1_score": 0.026138072453861926,
    "precision": 0.08,
    "recall": 0.015625,
    "sigui": 0.08531197961339176,
    "sse": 4.104375767135803,
    "sc": 0.40362023920189305,
    "ch": 263.39012686301294,
    "db": 0.5945057076415498,
    "bic": -404.72642140291293,
    "xb": 87.10905015236075
}