{
    "dataset": "blobs-P5-K8-N128-dt0.50-S4",
    "algorithm": "kmeans",
    "k": 2,
    "n": 128,
    "d": 5,
    "k_true": 8,
    "rand_score": 0.5704970472440944,
    "adjusted_rand_score": 0.14372982963708314,
    "accuracy": 0.25,
    "f1_score": 0.10077153204219808,
    "precision": 0.06325673338275266,
    "recall": 0.25,
    "sigui": 0.5267555349514921,
    "sse": 505.21437744109096,
    "sc": 0.19397481779566977,
    "ch": 33.615410013549756,
    "db": 1.818609156681626,
    "bic": -949.5526925502231,
    "xb": 106.96455492531877
}