{
    "dataset": "blobs-P2-K32-N64-dt0.40-S3",
    "algorithm": "kmeans",
    "k": 25,
    "n": 64,
    "d": 2,
    "k_true": 32,
    "rand_score": 0.9846230158730159,
    "adjusted_rand_score": 0.659578176747429,
    "accuracy": 0.765625,
    "f1_score": 0.6916666666666667,
    "precision": 0.6614583333333333,
    "recall": 0.765625,
    "sigui": 0.04352953451357125,
    "sse": 0.46623277632366417,
    "sc": 0.6973709660238276,
    "ch": 444.50408092845896,
    "db": 0.2889461008338711,
    "bic": -186.79211557548953,
    "xb": 49.084997583589335
}