{
    "dataset": "blobs-P5-K8-N1024-dt0.10-S0",
    "algorithm": "kmeans",
    "k": 50,
    "n": 1024,
    "d": 5,
    "k_true": 8,
    "rand_score": 0.8985272330156403,
    "adjusted_rand_score": 0.2812901334960939,
    "accuracy": 0.25,
    "f1_score": 0.06293607205278828,
    "precision": 0.16,
    "recall": 0.04,
    "sigui": 0.07251289779800624,
    "sse": 38.95776220682025,
    "sc": 0.15724085607261984,
    "ch": 2592.517398263219,
    "db": 1.4944085927439972,
    "bic": 254.4295910439498,
    "xb": 823.7489695184561
}