{
    "dataset": "blobs-P5-K2-N1024-dt0.30-S2",
    "algorithm": "kmeans",
    "k": 16,
    "n": 1024,
    "d": 5,
    "k_true": 2,
    "rand_score": 0.5504299547898338,
    "adjusted_rand_score": 0.10009146950621216,
    "accuracy": 0.14453125,
    "f1_score": 0.03148143050855315,
    "precision": 0.12265625,
    "recall": 0.01806640625,
    "sigui": 0.3905598037869764,
    "sse": 1772.3320713811424,
    "sc": 0.14767496692987586,
    "ch": 126.93066295859427,
    "db": 1.517490265204416,
    "bic": -7707.321120385645,
    "xb": 796.7091873318587
}