{
    "dataset": "blobs-P5-K4-N64-dt0.70-S6",
    "algorithm": "kmeans",
    "k": 4,
    "n": 64,
    "d": 5,
    "k_true": 4,
    "rand_score": 0.6899801587301587,
    "adjusted_rand_score": 0.15578568212516886,
    "accuracy": 0.515625,
    "f1_score": 0.5141673931996513,
    "precision": 0.5202380952380953,
    "recall": 0.515625,
    "sigui": 0.4492641163311575,
    "sse": 184.01361793411436,
    "sc": 0.18055005226940501,
    "ch": 14.780034607501204,
    "db": 1.5130826293501647,
    "bic": -503.48248203897936,
    "xb": 45.16591073713351
}