{
    "dataset": "blobs-P10-K4-N1024-dt0.40-S3",
    "algorithm": "kmeans",
    "k": 25,
    "n": 1024,
    "d": 10,
    "k_true": 4,
    "rand_score": 0.7637749725073314,
    "adjusted_rand_score": 0.12506601417588523,
    "accuracy": 0.1806640625,
    "f1_score": 0.047460076414824554,
    "precision": 0.139144925731181,
    "recall": 0.02890625,
    "sigui": 0.466657343752326,
    "sse": 5291.667960393384,
    "sc": 0.07269716417979954,
    "ch": 38.924271645591546,
    "db": 2.1169851699664743,
    "bic": -15373.62924014777,
    "xb": 1849.6759265054432
}