{
    "dataset": "blobs-P5-K32-N64-dt0.80-S7",
    "algorithm": "kmeans",
    "k": 16,
    "n": 64,
    "d": 5,
    "k_true": 32,
    "rand_score": 0.9310515873015873,
    "adjusted_rand_score": 0.16560266793711292,
    "accuracy": 0.421875,
    "f1_score": 0.3121324855699856,
    "precision": 0.2862599206349207,
    "recall": 0.421875,
    "sigui": 0.30307675832048087,
    "sse": 68.78017051539474,
    "sc": 0.20182052381605622,
    "ch": 11.68801194191286,
    "db": 0.9909241908682601,
    "bic": -580.4460112224019,
    "xb": 37.03862376738811
}