{
    "dataset": "blobs-P2-K8-N64-dt0.90-S8",
    "algorithm": "kmeans",
    "k": 25,
    "n": 64,
    "d": 2,
    "k_true": 8,
    "rand_score": 0.8774801587301587,
    "adjusted_rand_score": 0.10543259557344065,
    "accuracy": 0.296875,
    "f1_score": 0.13376223776223775,
    "precision": 0.23600000000000002,
    "recall": 0.095,
    "sigui": 0.0749296818143823,
    "sse": 1.5139341657422374,
    "sc": 0.40837787352551547,
    "ch": 135.76538638976996,
    "db": 0.5345636576702856,
    "bic": -259.7552728708507,
    "xb": 38.36390338793534
}