{
    "dataset": "blobs-P5-K32-N128-dt0.40-S3",
    "algorithm": "kmeans",
    "k": 8,
    "n": 128,
    "d": 5,
    "k_true": 32,
    "rand_score": 0.8885334645669292,
    "adjusted_rand_score": 0.25448042607782917,
    "accuracy": 0.25,
    "f1_score": 0.11346236328619558,
    "precision": 0.08216880889578258,
    "recall": 0.25,
    "sigui": 0.38130029927982767,
    "sse": 211.45402010498864,
    "sc": 0.30444862362968256,
    "ch": 34.74278951442168,
    "db": 1.147143544801952,
    "bic": -928.1135668840925,
    "xb": 62.57158504389737
}