{
    "dataset": "blobs-P2-K2-N64-dt0.40-S3",
    "algorithm": "kmeans",
    "k": 50,
    "n": 64,
    "d": 2,
    "k_true": 2,
    "rand_score": 0.5128968253968254,
    "adjusted_rand_score": 0.010302351623740201,
    "accuracy": 0.0625,
    "f1_score": 0.004705882352941176,
    "precision": 0.04,
    "recall": 0.0025,
    "sigui": 0.02046148919667527,
    "sse": 0.17295400479617057,
    "sc": 0.22906285602818863,
    "ch": 211.16604489458723,
    "db": 0.21642684805763313,
    "bic": -364.7369774942172,
    "xb": 68.98573761573456
}