{
    "dataset": "blobs-P2-K16-N1024-dt0.70-S6",
    "algorithm": "kmeans",
    "k": 8,
    "n": 1024,
    "d": 2,
    "k_true": 16,
    "rand_score": 0.9130410709921799,
    "adjusted_rand_score": 0.5282879297651211,
    "accuracy": 0.4990234375,
    "f1_score": 0.3537540114883907,
    "precision": 0.2915393175361036,
    "recall": 0.4990234375,
    "sigui": 0.1738868430882407,
    "sse": 143.9616592002163,
    "sc": 0.5014150921596296,
    "ch": 1919.6608765732437,
    "db": 0.7074328397919729,
    "bic": -2331.9587346267244,
    "xb": 226.30583487924198
}