{
    "dataset": "blobs-P10-K2-N128-dt0.20-S1",
    "algorithm": "kmeans",
    "k": 8,
    "n": 128,
    "d": 10,
    "k_true": 2,
    "rand_score": 0.6309055118110236,
    "adjusted_rand_score": 0.25755886915108384,
    "accuracy": 0.328125,
    "f1_score": 0.12269385490359273,
    "precision": 0.25,
    "recall": 0.08203125,
    "sigui": 0.4766143619409524,
    "sse": 707.3075923033424,
    "sc": 0.09449290516174265,
    "ch": 13.880218788507278,
    "db": 2.1222182488151438,
    "bic": -1906.7629746911175,
    "xb": 210.83184483865668
}