{
    "dataset": "blobs-P2-K4-N64-dt0.20-S1",
    "algorithm": "kmeans",
    "k": 16,
    "n": 64,
    "d": 2,
    "k_true": 4,
    "rand_score": 0.8258928571428571,
    "adjusted_rand_score": 0.3589877380641795,
    "accuracy": 0.40625,
    "f1_score": 0.1425672877846791,
    "precision": 0.25,
    "recall": 0.1015625,
    "sigui": 0.05592872494971694,
    "sse": 0.7837269855882681,
    "sc": 0.43008240142543475,
    "ch": 519.4309767712704,
    "db": 0.5799517976269543,
    "bic": -126.89942822513258,
    "xb": 52.74678403416394
}