{
    "dataset": "blobs-P5-K32-N64-dt0.60-S5",
    "algorithm": "kmeans",
    "k": 32,
    "n": 64,
    "d": 5,
    "k_true": 32,
    "rand_score": 0.9682539682539683,
    "adjusted_rand_score": 0.25773195876288657,
    "accuracy": 0.609375,
    "f1_score": 0.6004464285714285,
    "precision": 0.6885416666666666,
    "recall": 0.609375,
    "sigui": 0.1786368408657587,
    "sse": 26.341580492626385,
    "sc": 0.15126048845645204,
    "ch": 11.50771009485936,
    "db": 0.6458141662258494,
    "bic": -695.8306604391839,
    "xb": 32.406618583521265
}