{
    "dataset": "blobs-P2-K2-N128-dt0.10-S0",
    "algorithm": "kmeans",
    "k": 2,
    "n": 128,
    "d": 2,
    "k_true": 2,
    "rand_score": 1.0,
    "adjusted_rand_score": 1.0,
    "accuracy": 1.0,
    "f1_score": 1.0,
    "precision": 1.0,
    "recall": 1.0,
    "sigui": 0.3052034443431547,
    "sse": 132.56163017532734,
    "sc": 0.514975139839738,
    "ch": 117.32832930115512,
    "db": 0.8105312876091862,
    "bic": -382.30237304991357,
    "xb": 31.307096754818208
}