{
    "dataset": "blobs-P10-K32-N64-dt0.40-S3",
    "algorithm": "kmeans",
    "k": 8,
    "n": 64,
    "d": 10,
    "k_true": 32,
    "rand_score": 0.8720238095238095,
    "adjusted_rand_score": 0.07173043974871501,
    "accuracy": 0.234375,
    "f1_score": 0.09917391636141636,
    "precision": 0.0642097485847486,
    "recall": 0.234375,
    "sigui": 0.47847117266145933,
    "sse": 376.7215592087513,
    "sc": 0.07481852186456134,
    "ch": 5.590939713548154,
    "db": 1.7356090481703688,
    "bic": -1053.7550221776528,
    "xb": 58.762471413997176
}