{
    "dataset": "blobs-P2-K2-N1024-dt1.00-S9",
    "algorithm": "kmeans",
    "k": 10,
    "n": 1024,
    "d": 2,
    "k_true": 2,
    "rand_score": 0.516062209799609,
    "adjusted_rand_score": 0.03139195681887653,
    "accuracy": 0.2060546875,
    "f1_score": 0.062183720169990186,
    "precision": 0.1271682455753837,
    "recall": 0.0412109375,
    "sigui": 0.26832943169578566,
    "sse": 328.3224264552293,
    "sc": 0.3171716143993468,
    "ch": 590.1337789218435,
    "db": 0.8482005924136653,
    "bic": -3423.86589581399,
    "xb": 290.3817740512004
}