{
    "dataset": "blobs-P2-K16-N64-dt0.50-S4",
    "algorithm": "kmeans",
    "k": 2,
    "n": 64,
    "d": 2,
    "k_true": 16,
    "rand_score": 0.5476190476190477,
    "adjusted_rand_score": 0.09523809523809523,
    "accuracy": 0.125,
    "f1_score": 0.028125,
    "precision": 0.015873015873015872,
    "recall": 0.125,
    "sigui": 0.4227696872523428,
    "sse": 71.65148948542686,
    "sc": 0.427528772066279,
    "ch": 48.75833952641132,
    "db": 1.026408157382372,
    "bic": -200.85896288150028,
    "xb": 18.448998823276522
}