{
    "dataset": "blobs-P10-K32-N128-dt0.90-S8",
    "algorithm": "kmeans",
    "k": 4,
    "n": 128,
    "d": 10,
    "k_true": 32,
    "rand_score": 0.7424950787401575,
    "adjusted_rand_score": 0.023008699934943453,
    "accuracy": 0.109375,
    "f1_score": 0.024648962148962148,
    "precision": 0.013950382069303695,
    "recall": 0.109375,
    "sigui": 0.5367045326262132,
    "sse": 978.172660074065,
    "sc": 0.09787451962413662,
    "ch": 12.753914068020844,
    "db": 2.269794630166137,
    "bic": -1926.5649955461051,
    "xb": 176.23509567005817
}