{
    "dataset": "blobs-P2-K8-N1024-dt0.20-S1",
    "algorithm": "kmeans",
    "k": 20,
    "n": 1024,
    "d": 2,
    "k_true": 8,
    "rand_score": 0.9362284640762464,
    "adjusted_rand_score": 0.6246609615543551,
    "accuracy": 0.552734375,
    "f1_score": 0.27775317689239165,
    "precision": 0.4,
    "recall": 0.22109375,
    "sigui": 0.0487591000865985,
    "sse": 8.048443696727217,
    "sc": 0.4076863959643902,
    "ch": 13395.87845949436,
    "db": 0.9755595118832401,
    "bic": -397.73465637325353,
    "xb": 194.23533798110145
}