{
    "dataset": "blobs-P5-K8-N1024-dt0.80-S7",
    "algorithm": "kmeans",
    "k": 3,
    "n": 1024,
    "d": 5,
    "k_true": 8,
    "rand_score": 0.6873224431818182,
    "adjusted_rand_score": 0.16545967738573208,
    "accuracy": 0.32421875,
    "f1_score": 0.17654461843134986,
    "precision": 0.12135598668784509,
    "recall": 0.32421875,
    "sigui": 0.5063920542256084,
    "sse": 3537.353611578528,
    "sc": 0.17083251164043325,
    "ch": 228.4026619913243,
    "db": 1.7139915446764737,
    "bic": -7504.806570453961,
    "xb": 804.3416649381329
}