{
    "dataset": "blobs-P5-K4-N64-dt0.20-S1",
    "algorithm": "kmeans",
    "k": 50,
    "n": 64,
    "d": 5,
    "k_true": 4,
    "rand_score": 0.7713293650793651,
    "adjusted_rand_score": 0.0590922344251142,
    "accuracy": 0.171875,
    "f1_score": 0.023391812865497075,
    "precision": 0.08,
    "recall": 0.01375,
    "sigui": 0.030507070632271295,
    "sse": 1.5344006071418643,
    "sc": 0.09060902218713575,
    "ch": 59.30014028382728,
    "db": 0.39205415659361975,
    "bic": -585.7800812954716,
    "xb": 49.40853890513094
}