{
    "dataset": "blobs-P2-K16-N128-dt0.90-S8",
    "algorithm": "kmeans",
    "k": 16,
    "n": 128,
    "d": 2,
    "k_true": 16,
    "rand_score": 0.9469734251968503,
    "adjusted_rand_score": 0.5500267170866044,
    "accuracy": 0.6953125,
    "f1_score": 0.6802102411477411,
    "precision": 0.7012648809523809,
    "recall": 0.6953125,
    "sigui": 0.09873685713710953,
    "sse": 6.044451223539083,
    "sc": 0.4387462621963939,
    "ch": 308.7682727804062,
    "db": 0.6979014491371855,
    "bic": -341.20041487349863,
    "xb": 56.68833658803068
}