{
    "dataset": "blobs-P5-K2-N128-dt0.30-S2",
    "algorithm": "kmeans",
    "k": 3,
    "n": 128,
    "d": 5,
    "k_true": 2,
    "rand_score": 0.8313238188976378,
    "adjusted_rand_score": 0.6619120202716479,
    "accuracy": 0.765625,
    "f1_score": 0.5638504864311317,
    "precision": 0.6422764227642276,
    "recall": 0.5104166666666666,
    "sigui": 0.46725632504545334,
    "sse": 356.01795364033626,
    "sc": 0.23121435740796803,
    "ch": 49.85388437856594,
    "db": 1.577279148062411,
    "bic": -898.3575272114115,
    "xb": 105.35503163025972
}