{
    "dataset": "blobs-P5-K2-N1024-dt0.40-S3",
    "algorithm": "kmeans",
    "k": 25,
    "n": 1024,
    "d": 5,
    "k_true": 2,
    "rand_score": 0.5245200238269795,
    "adjusted_rand_score": 0.04818828888039797,
    "accuracy": 0.111328125,
    "f1_score": 0.01569140569140569,
    "precision": 0.0679090909090909,
    "recall": 0.00890625,
    "sigui": 0.3753182008244902,
    "sse": 1558.4787245033879,
    "sc": 0.13664716655412612,
    "ch": 95.12373878558144,
    "db": 1.455582024076666,
    "bic": -7998.546754528698,
    "xb": 756.1511908012686
}