{
    "dataset": "blobs-P2-K8-N128-dt0.80-S7",
    "algorithm": "kmeans",
    "k": 4,
    "n": 128,
    "d": 2,
    "k_true": 8,
    "rand_score": 0.7818651574803149,
    "adjusted_rand_score": 0.37730464288578486,
    "accuracy": 0.5,
    "f1_score": 0.37079351191277427,
    "precision": 0.3226274479725929,
    "recall": 0.5,
    "sigui": 0.26473067173743803,
    "sse": 46.40962655267766,
    "sc": 0.503490664368505,
    "ch": 186.6653410650244,
    "db": 0.6848837630091807,
    "bic": -335.8322870401195,
    "xb": 25.177844461057
}