{
    "dataset": "blobs-P10-K32-N1024-dt0.70-S6",
    "algorithm": "kmeans",
    "k": 10,
    "n": 1024,
    "d": 10,
    "k_true": 32,
    "rand_score": 0.8929981518817204,
    "adjusted_rand_score": 0.14661775040247024,
    "accuracy": 0.25,
    "f1_score": 0.1213587503126405,
    "precision": 0.08096152220994748,
    "recall": 0.25,
    "sigui": 0.5045825532432271,
    "sse": 6631.07386712808,
    "sc": 0.08921995775200281,
    "ch": 61.318224737708164,
    "db": 2.096248330965497,
    "bic": -15032.372364861727,
    "xb": 1363.3680490057177
}