{
    "dataset": "blobs-P5-K32-N64-dt0.20-S1",
    "algorithm": "kmeans",
    "k": 2,
    "n": 64,
    "d": 5,
    "k_true": 32,
    "rand_score": 0.5223214285714286,
    "adjusted_rand_score": 0.03067631692469923,
    "accuracy": 0.0625,
    "f1_score": 0.007359307359307359,
    "precision": 0.0039100684261974585,
    "recall": 0.0625,
    "sigui": 0.5508506605326096,
    "sse": 265.79305243988017,
    "sc": 0.1604245130778787,
    "ch": 12.644539493701098,
    "db": 2.1646856878872454,
    "bic": -493.7271072185857,
    "xb": 69.17689073963687
}