{
    "dataset": "blobs-P10-K16-N128-dt0.90-S8",
    "algorithm": "kmeans",
    "k": 25,
    "n": 128,
    "d": 10,
    "k_true": 16,
    "rand_score": 0.9130167322834646,
    "adjusted_rand_score": 0.07228392829467375,
    "accuracy": 0.296875,
    "f1_score": 0.21401903325432736,
    "precision": 0.2693174603174603,
    "recall": 0.19,
    "sigui": 0.3987526841692459,
    "sse": 482.63913764390145,
    "sc": 0.11297908009654317,
    "ch": 7.090197970648339,
    "db": 1.3795358281150554,
    "bic": -2265.740070915125,
    "xb": 119.60967786805674
}