{
    "dataset": "blobs-P5-K4-N1024-dt0.90-S8",
    "algorithm": "kmeans",
    "k": 10,
    "n": 1024,
    "d": 5,
    "k_true": 4,
    "rand_score": 0.7295905119745846,
    "adjusted_rand_score": 0.09675501514304323,
    "accuracy": 0.2822265625,
    "f1_score": 0.1601410528062088,
    "precision": 0.276253041322177,
    "recall": 0.112890625,
    "sigui": 0.43612357745791813,
    "sse": 2476.044941622856,
    "sc": 0.13381416403175214,
    "ch": 120.30702603022385,
    "db": 1.560095860699386,
    "bic": -7966.9317959122345,
    "xb": 826.963729061302
}