{
    "dataset": "blobs-P5-K32-N1024-dt0.20-S1",
    "algorithm": "kmeans",
    "k": 2,
    "n": 1024,
    "d": 5,
    "k_true": 32,
    "rand_score": 0.5282334433040078,
    "adjusted_rand_score": 0.05825050307945606,
    "accuracy": 0.0625,
    "f1_score": 0.007372472488751558,
    "precision": 0.003917967554331191,
    "recall": 0.0625,
    "sigui": 0.5312089902080417,
    "sse": 3923.397518251919,
    "sc": 0.2246119910679969,
    "ch": 311.70816030485094,
    "db": 1.7527649909102307,
    "bic": -7333.346804963276,
    "xb": 756.9939294461321
}