{
    "dataset": "blobs-P5-K32-N1024-dt0.60-S5",
    "algorithm": "kmeans",
    "k": 25,
    "n": 1024,
    "d": 5,
    "k_true": 32,
    "rand_score": 0.9692616691104594,
    "adjusted_rand_score": 0.5636784705341304,
    "accuracy": 0.6552734375,
    "f1_score": 0.5802248846325538,
    "precision": 0.5371644574569482,
    "recall": 0.6552734375,
    "sigui": 0.3149766513419431,
    "sse": 973.9478309703425,
    "sc": 0.2376376804716186,
    "ch": 177.19575530438732,
    "db": 1.301670917854021,
    "bic": -6785.991613642817,
    "xb": 797.2840687032339
}