{
    "dataset": "blobs-P10-K4-N1024-dt0.40-S3",
    "algorithm": "kmeans",
    "k": 8,
    "n": 1024,
    "d": 10,
    "k_true": 4,
    "rand_score": 0.798870127688172,
    "adjusted_rand_score": 0.36108750833848535,
    "accuracy": 0.505859375,
    "f1_score": 0.3176980379903719,
    "precision": 0.4337614807196088,
    "recall": 0.2529296875,
    "sigui": 0.5074102782404274,
    "sse": 6657.931133902738,
    "sc": 0.08801145218499476,
    "ch": 78.08907891227618,
    "db": 2.518171235805504,
    "bic": -14733.76462769795,
    "xb": 1986.0845135697757
}