{
    "dataset": "blobs-P5-K8-N64-dt0.10-S0",
    "algorithm": "kmeans",
    "k": 32,
    "n": 64,
    "d": 5,
    "k_true": 8,
    "rand_score": 0.9126984126984127,
    "adjusted_rand_score": 0.32653061224489793,
    "accuracy": 0.40625,
    "f1_score": 0.1425990675990676,
    "precision": 0.25,
    "recall": 0.1015625,
    "sigui": 0.042676720033700516,
    "sse": 1.1242936203353127,
    "sc": 0.20818371516086398,
    "ch": 292.7722914504451,
    "db": 0.7103323159916295,
    "bic": -194.28614175082635,
    "xb": 150.99386627525047
}