{
    "dataset": "blobs-P5-K4-N64-dt1.00-S9",
    "algorithm": "kmeans",
    "k": 3,
    "n": 64,
    "d": 5,
    "k_true": 4,
    "rand_score": 0.6324404761904762,
    "adjusted_rand_score": 0.1556242878072603,
    "accuracy": 0.484375,
    "f1_score": 0.4106056215589684,
    "precision": 0.3795648795648796,
    "recall": 0.484375,
    "sigui": 0.5107724626836851,
    "sse": 235.62535052629693,
    "sc": 0.13455677419786005,
    "ch": 10.92168904237126,
    "db": 1.7894220093153146,
    "bic": -508.1120159713895,
    "xb": 54.11709025515127
}