{
    "dataset": "blobs-P5-K32-N64-dt0.40-S3",
    "algorithm": "kmeans",
    "k": 50,
    "n": 64,
    "d": 5,
    "k_true": 32,
    "rand_score": 0.9890873015873016,
    "adjusted_rand_score": 0.5170731707317073,
    "accuracy": 0.6875,
    "f1_score": 0.5,
    "precision": 0.62,
    "recall": 0.44,
    "sigui": 0.0491674414348285,
    "sse": 2.5713498876265675,
    "sc": 0.2120269714951108,
    "ch": 35.27092927669204,
    "db": 0.269437056500091,
    "bic": -671.002912139505,
    "xb": 21.603319122662185
}