{
    "dataset": "blobs-P5-K2-N1024-dt0.10-S0",
    "algorithm": "kmeans",
    "k": 16,
    "n": 1024,
    "d": 5,
    "k_true": 2,
    "rand_score": 0.5700012982649071,
    "adjusted_rand_score": 0.13927819781498055,
    "accuracy": 0.1962890625,
    "f1_score": 0.040933333333333335,
    "precision": 0.125,
    "recall": 0.0245361328125,
    "sigui": 0.2631843726062165,
    "sse": 720.6182957914742,
    "sc": 0.19514081660833882,
    "ch": 410.256653556243,
    "db": 1.2758432109111757,
    "bic": -5350.541685219824,
    "xb": 688.9248006129651
}