{
    "dataset": "blobs-P2-K32-N1024-dt1.00-S9",
    "algorithm": "kmeans",
    "k": 8,
    "n": 1024,
    "d": 2,
    "k_true": 32,
    "rand_score": 0.8979411045943304,
    "adjusted_rand_score": 0.3325736078636126,
    "accuracy": 0.25,
    "f1_score": 0.10323520355438731,
    "precision": 0.06570570012337112,
    "recall": 0.25,
    "sigui": 0.19497877258544155,
    "sse": 181.5009746341942,
    "sc": 0.48512621786486726,
    "ch": 1492.6457630195293,
    "db": 0.7724938337947649,
    "bic": -2611.236312659553,
    "xb": 261.18560227160253
}