{
    "dataset": "blobs-P2-K8-N1024-dt0.70-S6",
    "algorithm": "kmeans",
    "k": 16,
    "n": 1024,
    "d": 2,
    "k_true": 8,
    "rand_score": 0.9029833363880743,
    "adjusted_rand_score": 0.4459829501013353,
    "accuracy": 0.4912109375,
    "f1_score": 0.3104924965794966,
    "precision": 0.43340140413752015,
    "recall": 0.24560546875,
    "sigui": 0.15070688695732942,
    "sse": 96.44961186010327,
    "sc": 0.3471708551090354,
    "ch": 1359.717095318341,
    "db": 0.8962881309603584,
    "bic": -2728.4258732633893,
    "xb": 286.727114961192
}