{
    "dataset": "blobs-P10-K4-N64-dt0.90-S8",
    "algorithm": "kmeans",
    "k": 10,
    "n": 64,
    "d": 10,
    "k_true": 4,
    "rand_score": 0.7073412698412699,
    "adjusted_rand_score": 0.02256232249921111,
    "accuracy": 0.25,
    "f1_score": 0.12093645484949833,
    "precision": 0.16,
    "recall": 0.1,
    "sigui": 0.46408693129669987,
    "sse": 367.35073584059137,
    "sc": 0.06884614376214557,
    "ch": 4.453225284041175,
    "db": 1.7973198440961777,
    "bic": -1101.8528164207726,
    "xb": 87.96443639733101
}