{
    "dataset": "blobs-P10-K8-N64-dt0.40-S3",
    "algorithm": "kmeans",
    "k": 10,
    "n": 64,
    "d": 10,
    "k_true": 8,
    "rand_score": 0.8908730158730159,
    "adjusted_rand_score": 0.41798941798941797,
    "accuracy": 0.59375,
    "f1_score": 0.5046419215459463,
    "precision": 0.56005772005772,
    "recall": 0.475,
    "sigui": 0.43831251436988716,
    "sse": 279.09206209533727,
    "sc": 0.1382533563306043,
    "ch": 7.758900812765733,
    "db": 1.5524713524935312,
    "bic": -1019.1750427078207,
    "xb": 60.80683094904863
}