{
    "dataset": "blobs-P5-K8-N64-dt1.00-S9",
    "algorithm": "kmeans",
    "k": 25,
    "n": 64,
    "d": 5,
    "k_true": 8,
    "rand_score": 0.8660714285714286,
    "adjusted_rand_score": 0.05152224824355972,
    "accuracy": 0.265625,
    "f1_score": 0.11047219447219447,
    "precision": 0.17266666666666666,
    "recall": 0.085,
    "sigui": 0.24044228347473123,
    "sse": 45.42052473548572,
    "sc": 0.17429822678954243,
    "ch": 9.823568747902181,
    "db": 0.8526119722341996,
    "bic": -666.061866294426,
    "xb": 32.57619109295386
}