{
    "dataset": "blobs-P5-K2-N1024-dt0.40-S3",
    "algorithm": "kmeans",
    "k": 20,
    "n": 1024,
    "d": 5,
    "k_true": 2,
    "rand_score": 0.5276988636363636,
    "adjusted_rand_score": 0.054571460080586595,
    "accuracy": 0.12109375,
    "f1_score": 0.021231546231546234,
    "precision": 0.08790650406504065,
    "recall": 0.012109375,
    "sigui": 0.3871763525327536,
    "sse": 1677.345364587216,
    "sc": 0.1492277910999557,
    "ch": 108.45537387224327,
    "db": 1.4463970529952555,
    "bic": -7854.92679426945,
    "xb": 742.4488375129054
}