{
    "dataset": "blobs-P10-K8-N128-dt0.60-S5",
    "algorithm": "kmeans",
    "k": 4,
    "n": 128,
    "d": 10,
    "k_true": 8,
    "rand_score": 0.733636811023622,
    "adjusted_rand_score": 0.14308732278482986,
    "accuracy": 0.3671875,
    "f1_score": 0.24869740795520084,
    "precision": 0.189838668699187,
    "recall": 0.3671875,
    "sigui": 0.5323592190551673,
    "sse": 962.700989706598,
    "sc": 0.09313391737162555,
    "ch": 13.623155994459927,
    "db": 2.3528422383047825,
    "bic": -1916.3788133857477,
    "xb": 216.4852413890505
}