{
    "dataset": "blobs-P5-K16-N1024-dt0.10-S0",
    "algorithm": "kmeans",
    "k": 32,
    "n": 1024,
    "d": 5,
    "k_true": 16,
    "rand_score": 0.9748785740469208,
    "adjusted_rand_score": 0.7314789978789435,
    "accuracy": 0.6328125,
    "f1_score": 0.37572716041009757,
    "precision": 0.5,
    "recall": 0.31640625,
    "sigui": 0.05752381974863164,
    "sse": 25.888075245997825,
    "sc": 0.3411827859642306,
    "ch": 6297.070243319429,
    "db": 1.534215564870897,
    "bic": 2146.429344173055,
    "xb": 731.9925087102837
}