{
    "dataset": "blobs-P2-K8-N128-dt0.70-S6",
    "algorithm": "kmeans",
    "k": 16,
    "n": 128,
    "d": 2,
    "k_true": 8,
    "rand_score": 0.8986220472440944,
    "adjusted_rand_score": 0.39624992788322855,
    "accuracy": 0.4921875,
    "f1_score": 0.29764438980143626,
    "precision": 0.3859338578088578,
    "recall": 0.24609375,
    "sigui": 0.1576805288596005,
    "sse": 12.106632999460796,
    "sc": 0.34189869727567196,
    "ch": 150.41923495038895,
    "db": 0.791784995561208,
    "bic": -433.8566196644583,
    "xb": 44.817136357169936
}