{
    "dataset": "blobs-P5-K16-N64-dt0.30-S2",
    "algorithm": "kmeans",
    "k": 20,
    "n": 64,
    "d": 5,
    "k_true": 16,
    "rand_score": 0.9791666666666666,
    "adjusted_rand_score": 0.7680168332456602,
    "accuracy": 0.828125,
    "f1_score": 0.6728715728715728,
    "precision": 0.7085714285714285,
    "recall": 0.6625,
    "sigui": 0.19622519882685752,
    "sse": 23.748931590150004,
    "sc": 0.376076633431737,
    "ch": 28.88783030878647,
    "db": 0.6651620079594686,
    "bic": -481.34884466538887,
    "xb": 45.569485586362184
}