{
    "dataset": "blobs-P5-K2-N1024-dt0.60-S5",
    "algorithm": "kmeans",
    "k": 16,
    "n": 1024,
    "d": 5,
    "k_true": 2,
    "rand_score": 0.5168201673998045,
    "adjusted_rand_score": 0.03281546518015975,
    "accuracy": 0.125,
    "f1_score": 0.02713609416369287,
    "precision": 0.10351823962516735,
    "recall": 0.015625,
    "sigui": 0.41141111665570806,
    "sse": 2018.2572104145697,
    "sc": 0.14310704612838723,
    "ch": 103.27579378117322,
    "db": 1.4531331384694388,
    "bic": -8036.319194999259,
    "xb": 701.570029118158
}