{
    "dataset": "blobs-P10-K4-N128-dt0.20-S1",
    "algorithm": "kmeans",
    "k": 32,
    "n": 128,
    "d": 10,
    "k_true": 4,
    "rand_score": 0.7933070866141733,
    "adjusted_rand_score": 0.2200271981516955,
    "accuracy": 0.2890625,
    "f1_score": 0.05549301646862622,
    "precision": 0.125,
    "recall": 0.0361328125,
    "sigui": 0.32634892339124666,
    "sse": 302.30312610478876,
    "sc": 0.06924543428848849,
    "ch": 10.01546522923522,
    "db": 1.4430244595594823,
    "bic": -2183.1093416288218,
    "xb": 188.562768952084
}