{
    "dataset": "blobs-P10-K4-N128-dt0.20-S1",
    "algorithm": "kmeans",
    "k": 20,
    "n": 128,
    "d": 10,
    "k_true": 4,
    "rand_score": 0.8083169291338582,
    "adjusted_rand_score": 0.2983425414364641,
    "accuracy": 0.3671875,
    "f1_score": 0.10685628635861688,
    "precision": 0.2,
    "recall": 0.0734375,
    "sigui": 0.36914133846330666,
    "sse": 378.53641104271605,
    "sc": 0.07451432619390969,
    "ch": 13.536633919380535,
    "db": 1.7432142051068376,
    "bic": -1944.7324802553303,
    "xb": 178.8782577176056
}