{
    "dataset": "blobs-P2-K4-N1024-dt0.80-S7",
    "algorithm": "kmeans",
    "k": 3,
    "n": 1024,
    "d": 2,
    "k_true": 4,
    "rand_score": 0.7261997495112414,
    "adjusted_rand_score": 0.3475400524681075,
    "accuracy": 0.599609375,
    "f1_score": 0.5127295761670762,
    "precision": 0.4517202536502406,
    "recall": 0.599609375,
    "sigui": 0.38438609872124796,
    "sse": 818.1688785424626,
    "sc": 0.36748456444590916,
    "ch": 767.439081749868,
    "db": 0.8963982947902753,
    "bic": -3111.978242359183,
    "xb": 245.3557728271598
}