{
    "dataset": "blobs-P2-K32-N1024-dt0.20-S1",
    "algorithm": "kmeans",
    "k": 50,
    "n": 1024,
    "d": 2,
    "k_true": 32,
    "rand_score": 0.9922447763929618,
    "adjusted_rand_score": 0.8496605063580756,
    "accuracy": 0.7919921875,
    "f1_score": 0.5547391032408143,
    "precision": 0.64,
    "recall": 0.506875,
    "sigui": 0.014780621712660763,
    "sse": 0.7682186070036011,
    "sc": 0.5787609131716971,
    "ch": 53066.56259524055,
    "db": 0.7839930306419903,
    "bic": 739.1184483298529,
    "xb": 238.55888954248454
}