{
    "dataset": "blobs-P5-K16-N1024-dt0.60-S5",
    "algorithm": "kmeans",
    "k": 32,
    "n": 1024,
    "d": 5,
    "k_true": 16,
    "rand_score": 0.9553816898826979,
    "adjusted_rand_score": 0.5142117908506008,
    "accuracy": 0.546875,
    "f1_score": 0.32974836447215067,
    "precision": 0.43289558868459205,
    "recall": 0.2734375,
    "sigui": 0.29760562199978646,
    "sse": 866.1967797184711,
    "sc": 0.18097297825862302,
    "ch": 157.1487059710045,
    "db": 1.5646429008181713,
    "bic": -6864.029077317096,
    "xb": 942.5979838262019
}