{
    "dataset": "blobs-P5-K8-N64-dt0.50-S4",
    "algorithm": "kmeans",
    "k": 25,
    "n": 64,
    "d": 5,
    "k_true": 8,
    "rand_score": 0.8883928571428571,
    "adjusted_rand_score": 0.18967587034813926,
    "accuracy": 0.375,
    "f1_score": 0.15874125874125875,
    "precision": 0.23800000000000002,
    "recall": 0.12,
    "sigui": 0.23018654102471506,
    "sse": 38.28281181591078,
    "sc": 0.19971166540154514,
    "ch": 11.958119299086645,
    "db": 0.8460061237456432,
    "bic": -641.5945921348692,
    "xb": 29.750083235093697
}