{
    "dataset": "blobs-P5-K32-N128-dt0.80-S7",
    "algorithm": "kmeans",
    "k": 4,
    "n": 128,
    "d": 5,
    "k_true": 32,
    "rand_score": 0.749261811023622,
    "adjusted_rand_score": 0.06326319370552938,
    "accuracy": 0.125,
    "f1_score": 0.029054371606838995,
    "precision": 0.016568145600403664,
    "recall": 0.125,
    "sigui": 0.48948760690331444,
    "sse": 395.81128256183916,
    "sc": 0.1626584899072132,
    "ch": 25.499863441951636,
    "db": 1.6312118775479578,
    "bic": -986.9232360416607,
    "xb": 100.31134963845577
}