{
    "dataset": "blobs-P5-K8-N128-dt0.40-S3",
    "algorithm": "kmeans",
    "k": 25,
    "n": 128,
    "d": 5,
    "k_true": 8,
    "rand_score": 0.8984990157480315,
    "adjusted_rand_score": 0.3315490962913814,
    "accuracy": 0.421875,
    "f1_score": 0.18115027680964713,
    "precision": 0.29343101343101347,
    "recall": 0.135,
    "sigui": 0.28438995822626273,
    "sse": 109.2576726034017,
    "sc": 0.17816533812835988,
    "ch": 20.847681456159354,
    "db": 1.1860798245847561,
    "bic": -1106.9411480406202,
    "xb": 107.36846534711191
}