{
    "dataset": "blobs-P2-K8-N128-dt1.00-S9",
    "algorithm": "kmeans",
    "k": 10,
    "n": 128,
    "d": 2,
    "k_true": 8,
    "rand_score": 0.8877952755905512,
    "adjusted_rand_score": 0.44278415487198236,
    "accuracy": 0.6171875,
    "f1_score": 0.5171880838716538,
    "precision": 0.5639856711915535,
    "recall": 0.49375,
    "sigui": 0.20124375895916655,
    "sse": 20.471104166610463,
    "sc": 0.37046418217927113,
    "ch": 150.84899661571077,
    "db": 0.7896657266767642,
    "bic": -396.67715071135456,
    "xb": 52.044143243300724
}