{
    "dataset": "blobs-P10-K2-N128-dt0.70-S6",
    "algorithm": "kmeans",
    "k": 16,
    "n": 128,
    "d": 10,
    "k_true": 2,
    "rand_score": 0.5132874015748031,
    "adjusted_rand_score": 0.019951622971285894,
    "accuracy": 0.1484375,
    "f1_score": 0.030611404087013842,
    "precision": 0.09375,
    "recall": 0.0185546875,
    "sigui": 0.4565909517933948,
    "sse": 632.5509276123734,
    "sc": 0.09435708001026494,
    "ch": 7.642525204110353,
    "db": 1.6089902696907736,
    "bic": -2137.011002683398,
    "xb": 124.41384105599299
}