{
    "dataset": "blobs-P10-K32-N1024-dt0.40-S3",
    "algorithm": "kmeans",
    "k": 3,
    "n": 1024,
    "d": 10,
    "k_true": 32,
    "rand_score": 0.6789791819403714,
    "adjusted_rand_score": 0.06756614372778341,
    "accuracy": 0.09375,
    "f1_score": 0.016134817993775252,
    "precision": 0.00883060720044294,
    "recall": 0.09375,
    "sigui": 0.547996838093383,
    "sse": 8430.11714955192,
    "sc": 0.09959225838078714,
    "ch": 109.6005166669426,
    "db": 2.5636861063591123,
    "bic": -14771.11284091796,
    "xb": 1729.5080043275702
}