{
    "dataset": "blobs-P10-K32-N64-dt0.60-S5",
    "algorithm": "kmeans",
    "k": 10,
    "n": 64,
    "d": 10,
    "k_true": 32,
    "rand_score": 0.8903769841269841,
    "adjusted_rand_score": 0.10858569690761252,
    "accuracy": 0.296875,
    "f1_score": 0.1627823565323565,
    "precision": 0.12349161255411256,
    "recall": 0.296875,
    "sigui": 0.46486141365048195,
    "sse": 335.6027500301783,
    "sc": 0.11227582419165386,
    "ch": 5.44209932622631,
    "db": 1.555817771443489,
    "bic": -1073.9806728726535,
    "xb": 48.622414390036575
}