{
    "dataset": "blobs-P10-K4-N1024-dt0.70-S6",
    "algorithm": "kmeans",
    "k": 8,
    "n": 1024,
    "d": 10,
    "k_true": 4,
    "rand_score": 0.7140915200391007,
    "adjusted_rand_score": 0.08592091690601857,
    "accuracy": 0.28515625,
    "f1_score": 0.19108338726183077,
    "precision": 0.2953357613552071,
    "recall": 0.142578125,
    "sigui": 0.5213781685961886,
    "sse": 7414.512673008949,
    "sc": 0.06779657894287094,
    "ch": 55.31035167736635,
    "db": 2.3876516308324005,
    "bic": -15301.634381431893,
    "xb": 1555.0668688088917
}