{
    "dataset": "blobs-P5-K2-N64-dt1.00-S9",
    "algorithm": "kmeans",
    "k": 20,
    "n": 64,
    "d": 5,
    "k_true": 2,
    "rand_score": 0.5124007936507936,
    "adjusted_rand_score": 0.010703046374542724,
    "accuracy": 0.140625,
    "f1_score": 0.023026315789473683,
    "precision": 0.06458333333333333,
    "recall": 0.0140625,
    "sigui": 0.29267134201828326,
    "sse": 68.73181316666827,
    "sc": 0.15461580513158088,
    "ch": 8.466010066245916,
    "db": 0.9324083940724096,
    "bic": -649.4962457176421,
    "xb": 46.76167586700534
}