{
    "dataset": "blobs-P5-K16-N128-dt0.20-S1",
    "algorithm": "kmeans",
    "k": 20,
    "n": 128,
    "d": 5,
    "k_true": 16,
    "rand_score": 0.9902805118110236,
    "adjusted_rand_score": 0.9002951494131793,
    "accuracy": 0.890625,
    "f1_score": 0.7424679487179487,
    "precision": 0.79375,
    "recall": 0.7125,
    "sigui": 0.1085279300115102,
    "sse": 12.179216916573294,
    "sc": 0.6030598146892683,
    "ch": 293.01272227005416,
    "db": 0.6755937967991132,
    "bic": -312.1683136828288,
    "xb": 71.44675356529521
}