{
    "dataset": "blobs-P5-K8-N64-dt0.50-S4",
    "algorithm": "kmeans",
    "k": 32,
    "n": 64,
    "d": 5,
    "k_true": 8,
    "rand_score": 0.8874007936507936,
    "adjusted_rand_score": 0.13395506570580754,
    "accuracy": 0.3125,
    "f1_score": 0.10861742424242424,
    "precision": 0.18489583333333331,
    "recall": 0.078125,
    "sigui": 0.18132593265875913,
    "sse": 22.9130575944001,
    "sc": 0.19569409869762025,
    "ch": 13.38408856596986,
    "db": 0.675750422200279,
    "bic": -676.187537666491,
    "xb": 32.29789175762538
}