{
    "dataset": "blobs-P10-K2-N64-dt0.30-S2",
    "algorithm": "kmeans",
    "k": 50,
    "n": 64,
    "d": 10,
    "k_true": 2,
    "rand_score": 0.5133928571428571,
    "adjusted_rand_score": 0.011389266576021755,
    "accuracy": 0.09375,
    "f1_score": 0.006857142857142857,
    "precision": 0.04,
    "recall": 0.00375,
    "sigui": 0.0933214590656192,
    "sse": 27.731071865930073,
    "sc": 0.044257851289768904,
    "ch": 6.308229999641596,
    "db": 0.5190411559406433,
    "bic": -1527.8492135127376,
    "xb": 20.327755577743424
}