{
    "dataset": "blobs-P2-K32-N128-dt0.10-S0",
    "algorithm": "kmeans",
    "k": 25,
    "n": 128,
    "d": 2,
    "k_true": 32,
    "rand_score": 0.984251968503937,
    "adjusted_rand_score": 0.742393509127789,
    "accuracy": 0.78125,
    "f1_score": 0.7135416666666666,
    "precision": 0.6822916666666666,
    "recall": 0.78125,
    "sigui": 0.03275130559838655,
    "sse": 0.9003208525665474,
    "sc": 0.7912809574537041,
    "ch": 1216.0140316126678,
    "db": 0.250919878578342,
    "bic": -227.49568889298217,
    "xb": 44.90759558571719
}