{
    "dataset": "blobs-P5-K4-N1024-dt0.10-S0",
    "algorithm": "kmeans",
    "k": 25,
    "n": 1024,
    "d": 5,
    "k_true": 4,
    "rand_score": 0.7930508461632454,
    "adjusted_rand_score": 0.23490382918651845,
    "accuracy": 0.224609375,
    "f1_score": 0.0585101488246747,
    "precision": 0.16,
    "recall": 0.0359375,
    "sigui": 0.1647575574354326,
    "sse": 229.2351024258156,
    "sc": 0.18442160295089804,
    "ch": 888.0755464901227,
    "db": 1.363571628031912,
    "bic": -3088.485132640397,
    "xb": 661.078766420234
}