{
    "dataset": "blobs-P2-K32-N64-dt0.10-S0",
    "algorithm": "kmeans",
    "k": 2,
    "n": 64,
    "d": 2,
    "k_true": 32,
    "rand_score": 0.5218253968253969,
    "adjusted_rand_score": 0.03249856623972472,
    "accuracy": 0.0625,
    "f1_score": 0.007378472222222222,
    "precision": 0.00392156862745098,
    "recall": 0.0625,
    "sigui": 0.38760184002869374,
    "sse": 72.38906644604603,
    "sc": 0.40918195272221136,
    "ch": 47.62981551799624,
    "db": 1.018703961063551,
    "bic": -201.8906367608972,
    "xb": 19.0204104902722
}