{
    "dataset": "blobs-P2-K32-N1024-dt0.30-S2",
    "algorithm": "kmeans",
    "k": 8,
    "n": 1024,
    "d": 2,
    "k_true": 32,
    "rand_score": 0.8794561033724341,
    "adjusted_rand_score": 0.29441274717772414,
    "accuracy": 0.25,
    "f1_score": 0.11941605336468784,
    "precision": 0.0880051654983349,
    "recall": 0.25,
    "sigui": 0.20976741732515186,
    "sse": 201.49826763377604,
    "sc": 0.46542095113119475,
    "ch": 1330.1226008880544,
    "db": 0.6367724430123614,
    "bic": -2626.4796017477356,
    "xb": 298.15914216970435
}