{
    "dataset": "blobs-P10-K32-N128-dt0.60-S5",
    "algorithm": "kmeans",
    "k": 20,
    "n": 128,
    "d": 10,
    "k_true": 32,
    "rand_score": 0.9328248031496063,
    "adjusted_rand_score": 0.156649072024519,
    "accuracy": 0.375,
    "f1_score": 0.2915618133908575,
    "precision": 0.29141292735042734,
    "recall": 0.375,
    "sigui": 0.4360714367027103,
    "sse": 591.9572391799803,
    "sc": 0.06487482650724408,
    "ch": 6.606862193333909,
    "db": 1.614832929071202,
    "bic": -2227.191078830175,
    "xb": 184.2087499622894
}