{
    "dataset": "blobs-P5-K4-N64-dt0.70-S6",
    "algorithm": "kmeans",
    "k": 32,
    "n": 64,
    "d": 5,
    "k_true": 4,
    "rand_score": 0.7549603174603174,
    "adjusted_rand_score": 0.03209554021272625,
    "accuracy": 0.1875,
    "f1_score": 0.03804041353383458,
    "precision": 0.1046875,
    "recall": 0.0234375,
    "sigui": 0.1685025606444711,
    "sse": 22.604463848205825,
    "sc": 0.1937034888701046,
    "ch": 13.580899003191973,
    "db": 0.5967770495343109,
    "bic": -670.2168302813459,
    "xb": 21.07177757447731
}