{
    "dataset": "blobs-P2-K2-N128-dt0.40-S3",
    "algorithm": "kmeans",
    "k": 10,
    "n": 128,
    "d": 2,
    "k_true": 2,
    "rand_score": 0.5762795275590551,
    "adjusted_rand_score": 0.14724553139719873,
    "accuracy": 0.2578125,
    "f1_score": 0.08095238095238096,
    "precision": 0.19285714285714287,
    "recall": 0.0515625,
    "sigui": 0.22118650295390746,
    "sse": 29.99087524190714,
    "sc": 0.34875529362724866,
    "ch": 98.80441043906978,
    "db": 0.8318286679883607,
    "bic": -449.0062557229634,
    "xb": 45.90985954003301
}