{
    "dataset": "blobs-P10-K2-N128-dt0.80-S7",
    "algorithm": "kmeans",
    "k": 3,
    "n": 128,
    "d": 10,
    "k_true": 2,
    "rand_score": 0.515255905511811,
    "adjusted_rand_score": 0.028071293159710353,
    "accuracy": 0.4453125,
    "f1_score": 0.33780332056194123,
    "precision": 0.39335664335664333,
    "recall": 0.296875,
    "sigui": 0.5516662393788438,
    "sse": 1086.5525131397883,
    "sc": 0.07342103133423918,
    "ch": 11.127366402039488,
    "db": 2.7030653341566535,
    "bic": -1929.8015618871757,
    "xb": 236.20274804554913
}