{
    "dataset": "blobs-P10-K32-N128-dt0.90-S8",
    "algorithm": "kmeans",
    "k": 32,
    "n": 128,
    "d": 10,
    "k_true": 32,
    "rand_score": 0.9436515748031497,
    "adjusted_rand_score": 0.05282527275687999,
    "accuracy": 0.3359375,
    "f1_score": 0.3303864538239538,
    "precision": 0.404592803030303,
    "recall": 0.3359375,
    "sigui": 0.37918963985066234,
    "sse": 466.4160392010167,
    "sc": 0.07749888832629169,
    "ch": 5.401799257167745,
    "db": 1.3370738850050221,
    "bic": -2468.022376497008,
    "xb": 114.0849843433013
}