{
    "dataset": "blobs-P5-K16-N128-dt0.50-S4",
    "algorithm": "kmeans",
    "k": 10,
    "n": 128,
    "d": 5,
    "k_true": 16,
    "rand_score": 0.9135088582677166,
    "adjusted_rand_score": 0.4445730140659313,
    "accuracy": 0.578125,
    "f1_score": 0.46748469139876614,
    "precision": 0.42164894284459503,
    "recall": 0.578125,
    "sigui": 0.34370326305256316,
    "sse": 169.77587970144623,
    "sc": 0.28888599497418366,
    "ch": 36.31352521453787,
    "db": 1.0369474858195518,
    "bic": -912.550240594969,
    "xb": 53.33891692303146
}