{
    "dataset": "blobs-P10-K16-N128-dt0.70-S6",
    "algorithm": "kmeans",
    "k": 2,
    "n": 128,
    "d": 10,
    "k_true": 16,
    "rand_score": 0.4720718503937008,
    "adjusted_rand_score": 0.03092052032115516,
    "accuracy": 0.1171875,
    "f1_score": 0.027909550917141052,
    "precision": 0.016056771545827634,
    "recall": 0.1171875,
    "sigui": 0.5592343248277969,
    "sse": 1145.5398889846592,
    "sc": 0.1007179542633341,
    "ch": 14.789510300640275,
    "db": 2.6833766395162097,
    "bic": -1880.365734563377,
    "xb": 220.82530396648022
}