{
    "dataset": "blobs-P5-K8-N128-dt0.20-S1",
    "algorithm": "kmeans",
    "k": 2,
    "n": 128,
    "d": 5,
    "k_true": 8,
    "rand_score": 0.49606299212598426,
    "adjusted_rand_score": 0.1505016722408027,
    "accuracy": 0.25,
    "f1_score": 0.11904761904761904,
    "precision": 0.08333333333333333,
    "recall": 0.25,
    "sigui": 0.5089221588814632,
    "sse": 432.2569254128182,
    "sc": 0.3768782897841134,
    "ch": 60.555715499494674,
    "db": 1.207595732083794,
    "bic": -883.6678459299727,
    "xb": 48.155826090876445
}