{
    "dataset": "blobs-P2-K8-N1024-dt0.90-S8",
    "algorithm": "kmeans",
    "k": 10,
    "n": 1024,
    "d": 2,
    "k_true": 8,
    "rand_score": 0.8799677724828935,
    "adjusted_rand_score": 0.40259799055009665,
    "accuracy": 0.5732421875,
    "f1_score": 0.5035745209749074,
    "precision": 0.5640970019429243,
    "recall": 0.45859375,
    "sigui": 0.22447373910754825,
    "sse": 205.52081984712902,
    "sc": 0.3493718730972025,
    "ch": 1010.0484602239521,
    "db": 0.8724622058611621,
    "bic": -2997.8170733376137,
    "xb": 302.32637492436345
}