{
    "dataset": "blobs-P2-K2-N1024-dt1.00-S9",
    "algorithm": "kmeans",
    "k": 25,
    "n": 1024,
    "d": 2,
    "k_true": 2,
    "rand_score": 0.5071347293499511,
    "adjusted_rand_score": 0.013397348720453691,
    "accuracy": 0.095703125,
    "f1_score": 0.013558916148808027,
    "precision": 0.059391705069124424,
    "recall": 0.00765625,
    "sigui": 0.1645019837303389,
    "sse": 136.00921063317512,
    "sc": 0.32204327265791743,
    "ch": 585.1560805101938,
    "db": 0.8181560332439676,
    "bic": -3562.067581658002,
    "xb": 377.4950602880566
}