{
    "dataset": "blobs-P10-K32-N64-dt0.10-S0",
    "algorithm": "kmeans",
    "k": 10,
    "n": 64,
    "d": 10,
    "k_true": 32,
    "rand_score": 0.9052579365079365,
    "adjusted_rand_score": 0.21736585365853658,
    "accuracy": 0.3125,
    "f1_score": 0.16964285714285712,
    "precision": 0.12604166666666666,
    "recall": 0.3125,
    "sigui": 0.42887093850540114,
    "sse": 273.0555686622035,
    "sc": 0.22514484187258477,
    "ch": 8.063071552847388,
    "db": 1.3036543451085267,
    "bic": -1008.8790031088458,
    "xb": 38.9570059118429
}