{
    "dataset": "blobs-P5-K8-N128-dt0.60-S5",
    "algorithm": "kmeans",
    "k": 32,
    "n": 128,
    "d": 5,
    "k_true": 8,
    "rand_score": 0.8794291338582677,
    "adjusted_rand_score": 0.14739409217953636,
    "accuracy": 0.2890625,
    "f1_score": 0.10522864816343076,
    "precision": 0.20565476190476192,
    "recall": 0.072265625,
    "sigui": 0.2765056953386079,
    "sse": 101.96171613775967,
    "sc": 0.18707925448363577,
    "ch": 16.34126156090273,
    "db": 1.0614150439550813,
    "bic": -1227.8906345109401,
    "xb": 84.31832538199355
}