{
    "dataset": "blobs-P5-K4-N1024-dt0.40-S3",
    "algorithm": "kmeans",
    "k": 4,
    "n": 1024,
    "d": 5,
    "k_true": 4,
    "rand_score": 0.8546344238758553,
    "adjusted_rand_score": 0.6116943632476928,
    "accuracy": 0.7744140625,
    "f1_score": 0.7730487828666901,
    "precision": 0.7719351674057723,
    "recall": 0.7744140625,
    "sigui": 0.43429673680474346,
    "sse": 2389.5346104295504,
    "sc": 0.23920958367268635,
    "ch": 388.538631814308,
    "db": 1.5679850989006818,
    "bic": -6816.4822092528675,
    "xb": 1000.9482842745942
}