{
    "dataset": "blobs-P10-K4-N64-dt0.40-S3",
    "algorithm": "kmeans",
    "k": 8,
    "n": 64,
    "d": 10,
    "k_true": 4,
    "rand_score": 0.7946428571428571,
    "adjusted_rand_score": 0.36586433260393875,
    "accuracy": 0.59375,
    "f1_score": 0.3370168067226891,
    "precision": 0.4097222222222222,
    "recall": 0.296875,
    "sigui": 0.4599826531275032,
    "sse": 328.15201975897475,
    "sc": 0.12914134994257082,
    "ch": 7.602524719368185,
    "db": 1.482426621376852,
    "bic": -998.7882656562083,
    "xb": 53.11046869614471
}