{
    "dataset": "blobs-P5-K8-N128-dt0.30-S2",
    "algorithm": "kmeans",
    "k": 10,
    "n": 128,
    "d": 5,
    "k_true": 8,
    "rand_score": 0.984867125984252,
    "adjusted_rand_score": 0.923090557286974,
    "accuracy": 0.8984375,
    "f1_score": 0.7489230769230769,
    "precision": 0.8,
    "recall": 0.71875,
    "sigui": 0.2468173835821523,
    "sse": 68.54755861211035,
    "sc": 0.4436599860563569,
    "ch": 109.30187165598988,
    "db": 1.0130048011898902,
    "bic": -627.5698068373824,
    "xb": 114.96269594964956
}