{
    "dataset": "blobs-P2-K32-N1024-dt0.10-S0",
    "algorithm": "kmeans",
    "k": 50,
    "n": 1024,
    "d": 2,
    "k_true": 32,
    "rand_score": 0.9925788886852395,
    "adjusted_rand_score": 0.856730231171068,
    "accuracy": 0.796875,
    "f1_score": 0.5568767503500807,
    "precision": 0.64,
    "recall": 0.51,
    "sigui": 0.00758361023562764,
    "sse": 0.2068751540822166,
    "sc": 0.6310751383077147,
    "ch": 197252.4729059366,
    "db": 0.7510718301068385,
    "bic": 2093.866101805233,
    "xb": 226.7116411239689
}