{
    "dataset": "blobs-P5-K2-N1024-dt0.50-S4",
    "algorithm": "kmeans",
    "k": 32,
    "n": 1024,
    "d": 5,
    "k_true": 2,
    "rand_score": 0.5163715023216031,
    "adjusted_rand_score": 0.03185930224859834,
    "accuracy": 0.0830078125,
    "f1_score": 0.009455075034454596,
    "precision": 0.05642361111111111,
    "recall": 0.00518798828125,
    "sigui": 0.3664974018717331,
    "sse": 1526.6402928577604,
    "sc": 0.13178767594991947,
    "ch": 75.3206313016299,
    "db": 1.448350589028325,
    "bic": -8339.056345307308,
    "xb": 792.4055740305198
}