{
    "dataset": "blobs-P10-K2-N1024-dt0.10-S0",
    "algorithm": "kmeans",
    "k": 3,
    "n": 1024,
    "d": 10,
    "k_true": 2,
    "rand_score": 0.8753073833088955,
    "adjusted_rand_score": 0.7505537186636417,
    "accuracy": 0.7646484375,
    "f1_score": 0.5640698169433801,
    "precision": 0.6666666666666666,
    "recall": 0.509765625,
    "sigui": 0.515112862915611,
    "sse": 7091.668717445089,
    "sc": 0.1649591427604023,
    "ch": 226.63539200450901,
    "db": 2.3890375630696608,
    "bic": -13827.126103408535,
    "xb": 2109.9270541604988
}