{
    "dataset": "blobs-P5-K4-N64-dt0.80-S7",
    "algorithm": "kmeans",
    "k": 20,
    "n": 64,
    "d": 5,
    "k_true": 4,
    "rand_score": 0.7326388888888888,
    "adjusted_rand_score": 0.0022917584839136185,
    "accuracy": 0.203125,
    "f1_score": 0.05914737436476567,
    "precision": 0.10976190476190477,
    "recall": 0.040625,
    "sigui": 0.272751695180085,
    "sse": 56.056912372463124,
    "sc": 0.1487185259038638,
    "ch": 10.903858206072316,
    "db": 0.892475856732846,
    "bic": -612.5097567244482,
    "xb": 37.27917199471134
}