{
    "dataset": "blobs-P2-K4-N128-dt0.50-S4",
    "algorithm": "kmeans",
    "k": 3,
    "n": 128,
    "d": 2,
    "k_true": 4,
    "rand_score": 0.6890994094488189,
    "adjusted_rand_score": 0.25456015125788867,
    "accuracy": 0.5546875,
    "f1_score": 0.48032517354767995,
    "precision": 0.42801403687699613,
    "recall": 0.5546875,
    "sigui": 0.38179469842714847,
    "sse": 105.56137311624823,
    "sc": 0.3506461339992707,
    "ch": 89.0705937472051,
    "db": 0.914140449906907,
    "bic": -410.5270112201615,
    "xb": 32.07517623899956
}