{
    "dataset": "blobs-P2-K4-N1024-dt0.20-S1",
    "algorithm": "kmeans",
    "k": 2,
    "n": 1024,
    "d": 2,
    "k_true": 4,
    "rand_score": 0.624633431085044,
    "adjusted_rand_score": 0.328069766949601,
    "accuracy": 0.5,
    "f1_score": 0.3721380981223501,
    "precision": 0.3266347687400319,
    "recall": 0.5,
    "sigui": 0.4180367496149741,
    "sse": 1173.2624869484684,
    "sc": 0.45445333660433973,
    "ch": 761.9622618838004,
    "db": 0.7449145671058304,
    "bic": -2940.7918456779726,
    "xb": 237.2359105878312
}