{
    "dataset": "blobs-P10-K32-N128-dt0.60-S5",
    "algorithm": "kmeans",
    "k": 3,
    "n": 128,
    "d": 10,
    "k_true": 32,
    "rand_score": 0.6669537401574803,
    "adjusted_rand_score": 0.04673319598605823,
    "accuracy": 0.09375,
    "f1_score": 0.01662265713989852,
    "precision": 0.00915147409049848,
    "recall": 0.09375,
    "sigui": 0.548585303023716,
    "sse": 1063.0067918080672,
    "sc": 0.08809394181519009,
    "ch": 12.758220941305625,
    "db": 2.586075708101486,
    "bic": -1915.6064327380095,
    "xb": 226.24690053924576
}