{
    "dataset": "blobs-P5-K16-N64-dt0.30-S2",
    "algorithm": "kmeans",
    "k": 32,
    "n": 64,
    "d": 5,
    "k_true": 16,
    "rand_score": 0.970734126984127,
    "adjusted_rand_score": 0.5795724465558195,
    "accuracy": 0.65625,
    "f1_score": 0.3826636904761904,
    "precision": 0.4921875,
    "recall": 0.328125,
    "sigui": 0.1365908542236226,
    "sse": 12.429808777566688,
    "sc": 0.2510082047775544,
    "ch": 25.542775112287632,
    "db": 0.6044406002624425,
    "bic": -578.1465792400163,
    "xb": 44.61635049981227
}