{
    "dataset": "blobs-P10-K2-N1024-dt0.90-S8",
    "algorithm": "kmeans",
    "k": 32,
    "n": 1024,
    "d": 10,
    "k_true": 2,
    "rand_score": 0.5046279325513197,
    "adjusted_rand_score": 0.008348322274012923,
    "accuracy": 0.0654296875,
    "f1_score": 0.007569570477918935,
    "precision": 0.05092799642218247,
    "recall": 0.00408935546875,
    "sigui": 0.46894684222680527,
    "sse": 5451.318597423984,
    "sc": 0.07553560570783488,
    "ch": 28.110227304425948,
    "db": 1.9071374357216455,
    "bic": -16035.355718583132,
    "xb": 1331.0795404400133
}