{
    "dataset": "blobs-P5-K32-N64-dt0.70-S6",
    "algorithm": "kmeans",
    "k": 8,
    "n": 64,
    "d": 5,
    "k_true": 32,
    "rand_score": 0.873015873015873,
    "adjusted_rand_score": 0.14449395289624442,
    "accuracy": 0.25,
    "f1_score": 0.11622474747474748,
    "precision": 0.08451140873015872,
    "recall": 0.25,
    "sigui": 0.40290603139940895,
    "sse": 127.98546041470976,
    "sc": 0.19560398789716982,
    "ch": 12.002272068286999,
    "db": 1.2424487382473042,
    "bic": -535.1244592572685,
    "xb": 41.9203378248722
}