{
    "dataset": "blobs-P10-K8-N1024-dt0.80-S7",
    "algorithm": "kmeans",
    "k": 20,
    "n": 1024,
    "d": 10,
    "k_true": 8,
    "rand_score": 0.8466615499755621,
    "adjusted_rand_score": 0.051131241582210205,
    "accuracy": 0.171875,
    "f1_score": 0.09719156623597566,
    "precision": 0.16706971638161083,
    "recall": 0.06875,
    "sigui": 0.48246220091271086,
    "sse": 5945.919339899914,
    "sc": 0.07992905415869567,
    "ch": 38.16201486737939,
    "db": 2.016422681707454,
    "bic": -15569.894169831205,
    "xb": 1312.6696595681078
}