{
    "dataset": "blobs-P2-K16-N128-dt0.20-S1",
    "algorithm": "kmeans",
    "k": 3,
    "n": 128,
    "d": 2,
    "k_true": 16,
    "rand_score": 0.7244094488188977,
    "adjusted_rand_score": 0.2111801242236025,
    "accuracy": 0.1875,
    "f1_score": 0.05952380952380952,
    "precision": 0.035416666666666666,
    "recall": 0.1875,
    "sigui": 0.2548879495952461,
    "sse": 69.74735186210607,
    "sc": 0.513483181385637,
    "ch": 166.89939041173608,
    "db": 0.7378428895103406,
    "bic": -358.8118422229803,
    "xb": 26.12743306842196
}