{
    "dataset": "blobs-P10-K4-N64-dt0.40-S3",
    "algorithm": "kmeans",
    "k": 50,
    "n": 64,
    "d": 10,
    "k_true": 4,
    "rand_score": 0.7713293650793651,
    "adjusted_rand_score": 0.06309880963902062,
    "accuracy": 0.203125,
    "f1_score": 0.026599832915622387,
    "precision": 0.08,
    "recall": 0.01625,
    "sigui": 0.08328548533844433,
    "sse": 27.308350034385253,
    "sc": 0.06493522428334082,
    "ch": 6.410301497989187,
    "db": 0.5034539623274384,
    "bic": -1521.4781792670924,
    "xb": 13.076853383040914
}