{
    "dataset": "blobs-P5-K32-N1024-dt0.20-S1",
    "algorithm": "kmeans",
    "k": 20,
    "n": 1024,
    "d": 5,
    "k_true": 32,
    "rand_score": 0.9706763960166178,
    "adjusted_rand_score": 0.6598376526410807,
    "accuracy": 0.625,
    "f1_score": 0.5152672622652937,
    "precision": 0.4679126794258373,
    "recall": 0.625,
    "sigui": 0.20149386880787667,
    "sse": 419.7585151132339,
    "sc": 0.5683374791692825,
    "ch": 591.6989086919361,
    "db": 0.6239067711281058,
    "bic": -4245.621812583491,
    "xb": 183.98410698744857
}