{
    "dataset": "blobs-P2-K2-N128-dt0.20-S1",
    "algorithm": "kmeans",
    "k": 3,
    "n": 128,
    "d": 2,
    "k_true": 2,
    "rand_score": 0.7840797244094488,
    "adjusted_rand_score": 0.5671522371132218,
    "accuracy": 0.7421875,
    "f1_score": 0.5538229637715059,
    "precision": 0.6370091896407686,
    "recall": 0.4947916666666667,
    "sigui": 0.3096641463724224,
    "sse": 83.25001982056617,
    "sc": 0.47920088795310234,
    "ch": 129.69214643414836,
    "db": 0.7193657258925054,
    "bic": -377.30424264831095,
    "xb": 19.672056262885636
}