{
    "dataset": "blobs-P10-K16-N1024-dt0.70-S6",
    "algorithm": "kmeans",
    "k": 50,
    "n": 1024,
    "d": 10,
    "k_true": 16,
    "rand_score": 0.9376202804252199,
    "adjusted_rand_score": 0.2178303344703227,
    "accuracy": 0.302734375,
    "f1_score": 0.13809116903001253,
    "precision": 0.25025369504964984,
    "recall": 0.096875,
    "sigui": 0.4297537029388774,
    "sse": 4157.420874402625,
    "sc": 0.08239615217365456,
    "ch": 29.082159482374905,
    "db": 1.95748581613566,
    "bic": -15790.887901324408,
    "xb": 1258.5077377314208
}