{
    "dataset": "blobs-P10-K16-N128-dt0.10-S0",
    "algorithm": "kmeans",
    "k": 16,
    "n": 128,
    "d": 10,
    "k_true": 16,
    "rand_score": 0.9902805118110236,
    "adjusted_rand_score": 0.9112571534712579,
    "accuracy": 0.9140625,
    "f1_score": 0.9022435897435898,
    "precision": 0.90625,
    "recall": 0.9140625,
    "sigui": 0.17207519469598712,
    "sse": 64.38770751291908,
    "sc": 0.6502958432736452,
    "ch": 140.96746311525945,
    "db": 0.5794574319680202,
    "bic": -684.3703082127677,
    "xb": 117.38867505058876
}