{
    "dataset": "blobs-P2-K2-N64-dt0.60-S5",
    "algorithm": "kmeans",
    "k": 25,
    "n": 64,
    "d": 2,
    "k_true": 2,
    "rand_score": 0.5257936507936508,
    "adjusted_rand_score": 0.037522372794681666,
    "accuracy": 0.15625,
    "f1_score": 0.020836707152496626,
    "precision": 0.06285714285714286,
    "recall": 0.0125,
    "sigui": 0.09784351637591682,
    "sse": 2.9507526566194966,
    "sc": 0.35558872833017235,
    "ch": 68.86548978517004,
    "db": 0.5321750046221333,
    "bic": -298.434044489186,
    "xb": 50.976785746030615
}