{
    "dataset": "blobs-P2-K8-N1024-dt0.30-S2",
    "algorithm": "kmeans",
    "k": 25,
    "n": 1024,
    "d": 2,
    "k_true": 8,
    "rand_score": 0.9125255834555229,
    "adjusted_rand_score": 0.4493421864895807,
    "accuracy": 0.396484375,
    "f1_score": 0.17859931638689155,
    "precision": 0.31274823403971747,
    "recall": 0.126875,
    "sigui": 0.07840687347417191,
    "sse": 22.966032373468256,
    "sc": 0.3529664205596307,
    "ch": 3671.1131165678535,
    "db": 0.9436298546516865,
    "bic": -1764.2350545200165,
    "xb": 301.5157290268801
}