{
    "dataset": "blobs-P10-K32-N64-dt0.90-S8",
    "algorithm": "kmeans",
    "k": 25,
    "n": 64,
    "d": 10,
    "k_true": 32,
    "rand_score": 0.9389880952380952,
    "adjusted_rand_score": 0.02319425185932182,
    "accuracy": 0.40625,
    "f1_score": 0.4038690476190476,
    "precision": 0.5109375,
    "recall": 0.40625,
    "sigui": 0.3241917857996557,
    "sse": 201.65583432800082,
    "sc": 0.03767594019936263,
    "ch": 3.532301813090122,
    "db": 1.0365258123426617,
    "bic": -1332.3577285652996,
    "xb": 47.43081151749838
}