{
    "dataset": "blobs-P2-K32-N1024-dt0.80-S7",
    "algorithm": "kmeans",
    "k": 32,
    "n": 1024,
    "d": 2,
    "k_true": 32,
    "rand_score": 0.9912844422043011,
    "adjusted_rand_score": 0.8575465034141747,
    "accuracy": 0.8828125,
    "f1_score": 0.8688993894168883,
    "precision": 0.8695926848130942,
    "recall": 0.8828125,
    "sigui": 0.056810497673924376,
    "sse": 14.207499808875303,
    "sc": 0.5574796580439505,
    "ch": 4580.775004864702,
    "db": 0.6179852629408267,
    "bic": -1655.587040710464,
    "xb": 352.60716620072617
}