{
    "dataset": "blobs-P5-K32-N64-dt1.00-S9",
    "algorithm": "kmeans",
    "k": 4,
    "n": 64,
    "d": 5,
    "k_true": 32,
    "rand_score": 0.7544642857142857,
    "adjusted_rand_score": 0.03550552067547088,
    "accuracy": 0.125,
    "f1_score": 0.02854227815528125,
    "precision": 0.016176470588235292,
    "recall": 0.125,
    "sigui": 0.4859564827969385,
    "sse": 200.99978859964256,
    "sc": 0.14955922898554236,
    "ch": 11.840829508272332,
    "db": 1.5727199393603843,
    "bic": -517.5399608922856,
    "xb": 46.40072409706959
}