{
    "dataset": "blobs-P2-K4-N1024-dt0.70-S6",
    "algorithm": "kmeans",
    "k": 4,
    "n": 1024,
    "d": 2,
    "k_true": 4,
    "rand_score": 0.8349427999755621,
    "adjusted_rand_score": 0.5592354370577745,
    "accuracy": 0.7998046875,
    "f1_score": 0.8000282745480772,
    "precision": 0.8009340448937496,
    "recall": 0.7998046875,
    "sigui": 0.3129087582055665,
    "sse": 492.322262343469,
    "sc": 0.3941599355500207,
    "ch": 1074.3581415260317,
    "db": 0.873568147761679,
    "bic": -2906.579401798242,
    "xb": 221.83153405508904
}