{
    "dataset": "blobs-P10-K8-N64-dt0.40-S3",
    "algorithm": "kmeans",
    "k": 20,
    "n": 64,
    "d": 10,
    "k_true": 8,
    "rand_score": 0.8933531746031746,
    "adjusted_rand_score": 0.278254382693025,
    "accuracy": 0.421875,
    "f1_score": 0.21355644355644357,
    "precision": 0.31833333333333336,
    "recall": 0.16875,
    "sigui": 0.3507235623718626,
    "sse": 176.6920490558431,
    "sc": 0.11866590847378106,
    "ch": 6.072280454066072,
    "db": 1.1928166688117434,
    "bic": -1157.8250728328285,
    "xb": 47.892488382452115
}