{
    "dataset": "blobs-P2-K8-N1024-dt0.40-S3",
    "algorithm": "kmeans",
    "k": 50,
    "n": 1024,
    "d": 2,
    "k_true": 8,
    "rand_score": 0.8879330095307918,
    "adjusted_rand_score": 0.20331381775899574,
    "accuracy": 0.208984375,
    "f1_score": 0.05480077702545917,
    "precision": 0.15367298173749785,
    "recall": 0.0334375,
    "sigui": 0.07293315257455683,
    "sse": 20.277349515831933,
    "sc": 0.3426988207383154,
    "ch": 1987.7430434764901,
    "db": 0.8404331962624438,
    "bic": -2624.894968598451,
    "xb": 389.6893656097422
}