{
    "dataset": "blobs-P5-K8-N64-dt0.90-S8",
    "algorithm": "kmeans",
    "k": 25,
    "n": 64,
    "d": 5,
    "k_true": 8,
    "rand_score": 0.8695436507936508,
    "adjusted_rand_score": 0.0735812133072407,
    "accuracy": 0.265625,
    "f1_score": 0.11638228438228439,
    "precision": 0.204,
    "recall": 0.085,
    "sigui": 0.23874087868812605,
    "sse": 53.087912987987536,
    "sc": 0.13486112437840297,
    "ch": 8.170073317680863,
    "db": 0.8665101047119167,
    "bic": -690.6283814843865,
    "xb": 42.11358282451868
}