{
    "dataset": "blobs-P5-K8-N64-dt0.60-S5",
    "algorithm": "kmeans",
    "k": 4,
    "n": 64,
    "d": 5,
    "k_true": 8,
    "rand_score": 0.7673611111111112,
    "adjusted_rand_score": 0.22791293213828426,
    "accuracy": 0.40625,
    "f1_score": 0.2705745341614907,
    "precision": 0.2045673076923077,
    "recall": 0.40625,
    "sigui": 0.46652980892300333,
    "sse": 176.9811521580888,
    "sc": 0.1993022571408802,
    "ch": 16.162042804892497,
    "db": 1.3658514755990963,
    "bic": -497.456008032805,
    "xb": 33.99348841334561
}