{
    "dataset": "blobs-P5-K8-N128-dt1.00-S9",
    "algorithm": "kmeans",
    "k": 16,
    "n": 128,
    "d": 5,
    "k_true": 8,
    "rand_score": 0.8452263779527559,
    "adjusted_rand_score": 0.11395676431114611,
    "accuracy": 0.296875,
    "f1_score": 0.18590580447278107,
    "precision": 0.28163922474584235,
    "recall": 0.1484375,
    "sigui": 0.3540322871433932,
    "sse": 195.89333960629517,
    "sc": 0.18428270116371195,
    "ch": 16.927560703548128,
    "db": 1.2185853834203577,
    "bic": -1100.150610798578,
    "xb": 89.50130219476087
}