{
    "dataset": "blobs-P5-K8-N1024-dt0.20-S1",
    "algorithm": "kmeans",
    "k": 25,
    "n": 1024,
    "d": 5,
    "k_true": 8,
    "rand_score": 0.9219570961632454,
    "adjusted_rand_score": 0.5094853384785414,
    "accuracy": 0.4541015625,
    "f1_score": 0.1970071092261295,
    "precision": 0.3194202898550725,
    "recall": 0.1453125,
    "sigui": 0.20003445522217309,
    "sse": 366.7940749239885,
    "sc": 0.18543962104206232,
    "ch": 539.4094674846923,
    "db": 1.6470746987495866,
    "bic": -4238.143599201469,
    "xb": 1139.0126310943274
}