{
    "dataset": "blobs-P10-K8-N128-dt0.10-S0",
    "algorithm": "kmeans",
    "k": 3,
    "n": 128,
    "d": 10,
    "k_true": 8,
    "rand_score": 0.7480314960629921,
    "adjusted_rand_score": 0.3712871287128713,
    "accuracy": 0.375,
    "f1_score": 0.21666666666666667,
    "precision": 0.15625,
    "recall": 0.375,
    "sigui": 0.5027599076203317,
    "sse": 810.5128697729153,
    "sc": 0.31013862081262683,
    "ch": 36.20293610811377,
    "db": 1.5770231321044808,
    "bic": -1737.115849842642,
    "xb": 81.03615293039468
}