{
    "dataset": "blobs-P5-K16-N1024-dt0.50-S4",
    "algorithm": "kmeans",
    "k": 10,
    "n": 1024,
    "d": 5,
    "k_true": 16,
    "rand_score": 0.924927831744868,
    "adjusted_rand_score": 0.5328321346367175,
    "accuracy": 0.59375,
    "f1_score": 0.48025685250247563,
    "precision": 0.422604666321836,
    "recall": 0.59375,
    "sigui": 0.336777992899242,
    "sse": 1294.4007084071031,
    "sc": 0.2887570592870484,
    "ch": 332.98615906703697,
    "db": 1.177479060375386,
    "bic": -6242.835432787767,
    "xb": 575.105588900734
}