{
    "dataset": "blobs-P5-K16-N64-dt0.70-S6",
    "algorithm": "kmeans",
    "k": 50,
    "n": 64,
    "d": 5,
    "k_true": 16,
    "rand_score": 0.9533730158730159,
    "adjusted_rand_score": 0.14913793103448275,
    "accuracy": 0.375,
    "f1_score": 0.16190476190476188,
    "precision": 0.2733333333333333,
    "recall": 0.12,
    "sigui": 0.05792802821444104,
    "sse": 4.180557773572699,
    "sc": 0.16507086717682154,
    "ch": 21.584231396303323,
    "db": 0.3152529355503512,
    "bic": -747.718602599484,
    "xb": 22.300019519755214
}