{
    "dataset": "blobs-P2-K32-N1024-dt0.50-S4",
    "algorithm": "kmeans",
    "k": 2,
    "n": 1024,
    "d": 2,
    "k_true": 32,
    "rand_score": 0.52297165200391,
    "adjusted_rand_score": 0.05890603085553997,
    "accuracy": 0.0625,
    "f1_score": 0.007456140350877193,
    "precision": 0.003968253968253968,
    "recall": 0.0625,
    "sigui": 0.4518870576665408,
    "sse": 1272.2274410848486,
    "sc": 0.3853589173705424,
    "ch": 623.1901070575992,
    "db": 1.1309928838793528,
    "bic": -3141.023516127428,
    "xb": 356.38375168448255
}