{
    "dataset": "blobs-P2-K4-N128-dt0.60-S5",
    "algorithm": "kmeans",
    "k": 2,
    "n": 128,
    "d": 2,
    "k_true": 4,
    "rand_score": 0.5984251968503937,
    "adjusted_rand_score": 0.26633251210602327,
    "accuracy": 0.484375,
    "f1_score": 0.34962049335863377,
    "precision": 0.29528985507246375,
    "recall": 0.484375,
    "sigui": 0.44230053687808124,
    "sse": 131.3765886471662,
    "sc": 0.4451848120971119,
    "ch": 119.52319657674241,
    "db": 0.8211238941080934,
    "bic": -368.478768962452,
    "xb": 25.61768897822632
}