{
    "dataset": "blobs-P10-K16-N64-dt0.90-S8",
    "algorithm": "kmeans",
    "k": 10,
    "n": 64,
    "d": 10,
    "k_true": 16,
    "rand_score": 0.839781746031746,
    "adjusted_rand_score": 0.027526881720430108,
    "accuracy": 0.265625,
    "f1_score": 0.19779595404595407,
    "precision": 0.20318700396825395,
    "recall": 0.265625,
    "sigui": 0.4621269811209228,
    "sse": 368.4046851066651,
    "sc": 0.04409805655184354,
    "ch": 4.423320210730208,
    "db": 1.634627418538543,
    "bic": -1097.5835301671723,
    "xb": 83.25371965906632
}