{
    "dataset": "blobs-P10-K32-N128-dt0.40-S3",
    "algorithm": "kmeans",
    "k": 4,
    "n": 128,
    "d": 10,
    "k_true": 32,
    "rand_score": 0.7546751968503937,
    "adjusted_rand_score": 0.07864538991610091,
    "accuracy": 0.125,
    "f1_score": 0.02859103833709187,
    "precision": 0.016198494067961436,
    "recall": 0.125,
    "sigui": 0.5335663753409222,
    "sse": 956.2050415748428,
    "sc": 0.10624023773619282,
    "ch": 13.996501133478176,
    "db": 2.14597032263518,
    "bic": -1911.553117469323,
    "xb": 144.42184208921626
}