{
    "dataset": "blobs-P5-K16-N64-dt0.70-S6",
    "algorithm": "kmeans",
    "k": 16,
    "n": 64,
    "d": 5,
    "k_true": 16,
    "rand_score": 0.9206349206349206,
    "adjusted_rand_score": 0.2446043165467626,
    "accuracy": 0.5,
    "f1_score": 0.49045364357864357,
    "precision": 0.5941964285714285,
    "recall": 0.5,
    "sigui": 0.29462822412669926,
    "sse": 70.95614376220861,
    "sc": 0.19281750847916193,
    "ch": 11.231449423628126,
    "db": 1.023350772877322,
    "bic": -587.1826470929753,
    "xb": 38.182066790457135
}