{
    "dataset": "blobs-P10-K4-N64-dt0.60-S5",
    "algorithm": "kmeans",
    "k": 32,
    "n": 64,
    "d": 10,
    "k_true": 4,
    "rand_score": 0.7594246031746031,
    "adjusted_rand_score": 0.04482790959392291,
    "accuracy": 0.171875,
    "f1_score": 0.034509569377990434,
    "precision": 0.09375,
    "recall": 0.021484375,
    "sigui": 0.2505561505594724,
    "sse": 105.58060852986745,
    "sc": 0.10766950090802518,
    "ch": 5.225000446202098,
    "db": 0.8447011221175443,
    "bic": -1337.6690099069137,
    "xb": 30.583591772100462
}