{
    "dataset": "blobs-P2-K2-N64-dt0.40-S3",
    "algorithm": "kmeans",
    "k": 2,
    "n": 64,
    "d": 2,
    "k_true": 2,
    "rand_score": 0.8020833333333334,
    "adjusted_rand_score": 0.6041230294344615,
    "accuracy": 0.890625,
    "f1_score": 0.8903841448495229,
    "precision": 0.8940886699507389,
    "recall": 0.890625,
    "sigui": 0.41950444042327595,
    "sse": 68.5557613010585,
    "sc": 0.4136306907964119,
    "ch": 53.75978224717738,
    "db": 0.9399228221221168,
    "bic": -198.25195406857264,
    "xb": 17.019874457025946
}