{
    "dataset": "blobs-P5-K32-N128-dt0.50-S4",
    "algorithm": "kmeans",
    "k": 3,
    "n": 128,
    "d": 5,
    "k_true": 32,
    "rand_score": 0.6492372047244095,
    "adjusted_rand_score": 0.06736710875741504,
    "accuracy": 0.09375,
    "f1_score": 0.0177482403649953,
    "precision": 0.00990323029796714,
    "recall": 0.09375,
    "sigui": 0.49176148004834647,
    "sse": 435.3518541465538,
    "sc": 0.22663764195694194,
    "ch": 29.37970516035675,
    "db": 1.6998109945160043,
    "bic": -961.4043828362348,
    "xb": 92.44903603132427
}