{
    "dataset": "blobs-P10-K4-N1024-dt0.60-S5",
    "algorithm": "kmeans",
    "k": 4,
    "n": 1024,
    "d": 10,
    "k_true": 4,
    "rand_score": 0.7404596621456501,
    "adjusted_rand_score": 0.30770883188588166,
    "accuracy": 0.662109375,
    "f1_score": 0.663170980884507,
    "precision": 0.6660196579270395,
    "recall": 0.662109375,
    "sigui": 0.544070811416015,
    "sse": 8191.652140872891,
    "sc": 0.08278389396947551,
    "ch": 85.01804765711228,
    "db": 2.513365317916767,
    "bic": -14956.702031479797,
    "xb": 1692.227270846984
}