{
    "dataset": "blobs-P2-K4-N128-dt0.60-S5",
    "algorithm": "kmeans",
    "k": 32,
    "n": 128,
    "d": 2,
    "k_true": 4,
    "rand_score": 0.7687007874015748,
    "adjusted_rand_score": 0.11240975769336575,
    "accuracy": 0.2109375,
    "f1_score": 0.04244987468671679,
    "precision": 0.11220238095238096,
    "recall": 0.0263671875,
    "sigui": 0.09493176378766607,
    "sse": 5.123889991236485,
    "sc": 0.3579628858681337,
    "ch": 151.62438393129204,
    "db": 0.7080477522499156,
    "bic": -527.0397924105519,
    "xb": 81.51201081734314
}