{
    "dataset": "blobs-P2-K32-N128-dt0.40-S3",
    "algorithm": "kmeans",
    "k": 3,
    "n": 128,
    "d": 2,
    "k_true": 32,
    "rand_score": 0.6914370078740157,
    "adjusted_rand_score": 0.09025580093454741,
    "accuracy": 0.09375,
    "f1_score": 0.016194855868768912,
    "precision": 0.008869830827067668,
    "recall": 0.09375,
    "sigui": 0.36651881707039674,
    "sse": 98.29995931967225,
    "sc": 0.3866665611562764,
    "ch": 100.26710703376666,
    "db": 0.8769019613343388,
    "bic": -402.6342529265513,
    "xb": 31.07640161371794
}