{
    "dataset": "blobs-P2-K16-N1024-dt0.50-S4",
    "algorithm": "kmeans",
    "k": 20,
    "n": 1024,
    "d": 2,
    "k_true": 16,
    "rand_score": 0.9697809750733137,
    "adjusted_rand_score": 0.7204072456320658,
    "accuracy": 0.767578125,
    "f1_score": 0.6497754289965114,
    "precision": 0.7091540840227519,
    "recall": 0.6140625,
    "sigui": 0.06523713426301818,
    "sse": 16.40774724990999,
    "sc": 0.45797394726971435,
    "ch": 6544.228743318377,
    "db": 0.8410257412861031,
    "bic": -1195.5716605759421,
    "xb": 273.60104056239703
}