{
    "dataset": "blobs-P2-K2-N1024-dt0.40-S3",
    "algorithm": "kmeans",
    "k": 32,
    "n": 1024,
    "d": 2,
    "k_true": 2,
    "rand_score": 0.5241572733382209,
    "adjusted_rand_score": 0.04745403151186536,
    "accuracy": 0.107421875,
    "f1_score": 0.011987423305422285,
    "precision": 0.05588147805393971,
    "recall": 0.0067138671875,
    "sigui": 0.15630084697271734,
    "sse": 90.25146373986843,
    "sc": 0.3229874853866273,
    "ch": 694.1488876113334,
    "db": 0.8376109339397747,
    "bic": -3456.976927924923,
    "xb": 287.66339061298385
}