{
    "dataset": "blobs-P10-K4-N1024-dt0.80-S7",
    "algorithm": "kmeans",
    "k": 25,
    "n": 1024,
    "d": 10,
    "k_true": 4,
    "rand_score": 0.7433807581867058,
    "adjusted_rand_score": 0.047794041650158305,
    "accuracy": 0.12890625,
    "f1_score": 0.03473123456095503,
    "precision": 0.1125820961508293,
    "recall": 0.020625,
    "sigui": 0.47318690600050767,
    "sse": 5630.405403545389,
    "sc": 0.0738966252206191,
    "ch": 34.07825215509391,
    "db": 2.0137367969772755,
    "bic": -15701.699869677495,
    "xb": 1359.6502727520356
}