{
    "dataset": "blobs-P2-K4-N64-dt0.50-S4",
    "algorithm": "kmeans",
    "k": 4,
    "n": 64,
    "d": 2,
    "k_true": 4,
    "rand_score": 0.7366071428571429,
    "adjusted_rand_score": 0.30249577781947834,
    "accuracy": 0.578125,
    "f1_score": 0.5802822580645162,
    "precision": 0.6124999999999999,
    "recall": 0.578125,
    "sigui": 0.3012806105061605,
    "sse": 31.68848736153601,
    "sc": 0.36638737133024357,
    "ch": 60.786437383166735,
    "db": 0.8500388577559558,
    "bic": -202.49701102365776,
    "xb": 19.773833327552108
}