{
    "dataset": "blobs-P5-K32-N1024-dt0.40-S3",
    "algorithm": "kmeans",
    "k": 16,
    "n": 1024,
    "d": 5,
    "k_true": 32,
    "rand_score": 0.9525904203323559,
    "adjusted_rand_score": 0.5155579570404825,
    "accuracy": 0.4990234375,
    "f1_score": 0.3573027506191928,
    "precision": 0.2953879255950539,
    "recall": 0.4990234375,
    "sigui": 0.3029507421604407,
    "sse": 959.5122493281355,
    "sc": 0.3510936057271221,
    "ch": 291.38218614813775,
    "db": 0.9804760855595167,
    "bic": -6067.329887432865,
    "xb": 468.5058062708622
}