{
    "dataset": "blobs-P10-K8-N128-dt0.50-S4",
    "algorithm": "kmeans",
    "k": 50,
    "n": 128,
    "d": 10,
    "k_true": 8,
    "rand_score": 0.8841043307086615,
    "adjusted_rand_score": 0.1320051078155382,
    "accuracy": 0.25,
    "f1_score": 0.060691722719182675,
    "precision": 0.1416666666666667,
    "recall": 0.04,
    "sigui": 0.2942006168012657,
    "sse": 258.5332506929773,
    "sc": 0.10706864828041741,
    "ch": 6.2893584885382365,
    "db": 1.0271610220504912,
    "bic": -2672.3210282668774,
    "xb": 70.32909136709479
}