{
    "dataset": "blobs-P2-K4-N64-dt0.50-S4",
    "algorithm": "kmeans",
    "k": 20,
    "n": 64,
    "d": 2,
    "k_true": 4,
    "rand_score": 0.7733134920634921,
    "adjusted_rand_score": 0.1474638003020343,
    "accuracy": 0.28125,
    "f1_score": 0.08257246376811594,
    "precision": 0.16696428571428573,
    "recall": 0.05625,
    "sigui": 0.10646736749658096,
    "sse": 3.513783200837661,
    "sc": 0.39373626788625493,
    "ch": 82.04372723210295,
    "db": 0.5520169788421149,
    "bic": -261.22542490452696,
    "xb": 39.009319279774516
}