{
    "dataset": "blobs-P10-K16-N128-dt0.20-S1",
    "algorithm": "kmeans",
    "k": 2,
    "n": 128,
    "d": 10,
    "k_true": 16,
    "rand_score": 0.5275590551181102,
    "adjusted_rand_score": 0.09929078014184398,
    "accuracy": 0.125,
    "f1_score": 0.02922077922077922,
    "precision": 0.016666666666666666,
    "recall": 0.125,
    "sigui": 0.5570576303381448,
    "sse": 1084.764390791623,
    "sc": 0.168992081931664,
    "ch": 22.677446797735968,
    "db": 2.264958675907046,
    "bic": -1848.4544481959701,
    "xb": 155.72132359608182
}