{
    "dataset": "blobs-P2-K8-N64-dt0.10-S0",
    "algorithm": "kmeans",
    "k": 8,
    "n": 64,
    "d": 2,
    "k_true": 8,
    "rand_score": 1.0,
    "adjusted_rand_score": 1.0,
    "accuracy": 1.0,
    "f1_score": 1.0,
    "precision": 1.0,
    "recall": 1.0,
    "sigui": 0.030211630910663125,
    "sse": 0.2296762954059151,
    "sc": 0.8766891163991418,
    "ch": 4450.448784147481,
    "db": 0.16646111196384497,
    "bic": 39.518339695811335,
    "xb": 13.651943739298968
}