{
    "dataset": "blobs-P5-K32-N64-dt1.00-S9",
    "algorithm": "kmeans",
    "k": 10,
    "n": 64,
    "d": 5,
    "k_true": 32,
    "rand_score": 0.910218253968254,
    "adjusted_rand_score": 0.14269603789188784,
    "accuracy": 0.296875,
    "f1_score": 0.1452426046176046,
    "precision": 0.09771825396825397,
    "recall": 0.296875,
    "sigui": 0.3748900195183121,
    "sse": 109.92786731929218,
    "sc": 0.18780015883570084,
    "ch": 11.465998811959512,
    "db": 1.206185659497037,
    "bic": -555.4935999736024,
    "xb": 32.91819746272108
}