{
    "dataset": "blobs-P5-K2-N64-dt0.50-S4",
    "algorithm": "kmeans",
    "k": 8,
    "n": 64,
    "d": 5,
    "k_true": 2,
    "rand_score": 0.5575396825396826,
    "adjusted_rand_score": 0.10456037477293731,
    "accuracy": 0.3125,
    "f1_score": 0.11466065747613999,
    "precision": 0.2232142857142857,
    "recall": 0.078125,
    "sigui": 0.3971680811461942,
    "sse": 124.35487885083967,
    "sc": 0.15634976116760652,
    "ch": 12.586244976127162,
    "db": 1.297981233577684,
    "bic": -532.1948732642581,
    "xb": 52.981282976360305
}