{
    "dataset": "blobs-P2-K2-N64-dt0.60-S5",
    "algorithm": "kmeans",
    "k": 10,
    "n": 64,
    "d": 2,
    "k_true": 2,
    "rand_score": 0.5451388888888888,
    "adjusted_rand_score": 0.07903840329034417,
    "accuracy": 0.265625,
    "f1_score": 0.0784506273867976,
    "precision": 0.16666666666666666,
    "recall": 0.053125,
    "sigui": 0.20913459261113124,
    "sse": 14.824168025955016,
    "sc": 0.34876453934046336,
    "ch": 45.807291893571445,
    "db": 0.7362075086513962,
    "bic": -245.48058180883183,
    "xb": 25.071247642344744
}