{
    "dataset": "blobs-P5-K4-N128-dt0.10-S0",
    "algorithm": "kmeans",
    "k": 3,
    "n": 128,
    "d": 5,
    "k_true": 4,
    "rand_score": 0.8740157480314961,
    "adjusted_rand_score": 0.7093821510297483,
    "accuracy": 0.75,
    "f1_score": 0.6666666666666666,
    "precision": 0.625,
    "recall": 0.75,
    "sigui": 0.2892540706833382,
    "sse": 129.18127709724828,
    "sc": 0.6233598646219125,
    "ch": 247.1423947712471,
    "db": 0.5999389973542701,
    "bic": -572.8819977347528,
    "xb": 19.509069608691902
}