{
    "dataset": "blobs-P5-K16-N128-dt0.40-S3",
    "algorithm": "kmeans",
    "k": 2,
    "n": 128,
    "d": 5,
    "k_true": 16,
    "rand_score": 0.5497047244094488,
    "adjusted_rand_score": 0.09385453949984794,
    "accuracy": 0.125,
    "f1_score": 0.027799227799227798,
    "precision": 0.015640273704789834,
    "recall": 0.125,
    "sigui": 0.5190908094266367,
    "sse": 487.84409891723067,
    "sc": 0.23017874529243842,
    "ch": 39.29870952417044,
    "db": 1.7188585717013647,
    "bic": -939.0615128878985,
    "xb": 93.6594271475495
}