{
    "dataset": "blobs-P10-K2-N64-dt0.90-S8",
    "algorithm": "kmeans",
    "k": 8,
    "n": 64,
    "d": 10,
    "k_true": 2,
    "rand_score": 0.5188492063492064,
    "adjusted_rand_score": 0.02731353261388597,
    "accuracy": 0.296875,
    "f1_score": 0.10446859903381642,
    "precision": 0.17651098901098902,
    "recall": 0.07421875,
    "sigui": 0.48725830888141264,
    "sse": 395.3992682271611,
    "sc": 0.08282152376401293,
    "ch": 4.9489364584724145,
    "db": 1.766841661681076,
    "bic": -1057.3397025900474,
    "xb": 112.26713361895754
}