{
    "dataset": "blobs-P2-K32-N64-dt0.10-S0",
    "algorithm": "kmeans",
    "k": 3,
    "n": 64,
    "d": 2,
    "k_true": 32,
    "rand_score": 0.6884920634920635,
    "adjusted_rand_score": 0.06414987226795345,
    "accuracy": 0.09375,
    "f1_score": 0.016266025641025642,
    "precision": 0.00891729797979798,
    "recall": 0.09375,
    "sigui": 0.3793284668350614,
    "sse": 46.359073744868084,
    "sc": 0.4044398150104969,
    "ch": 53.71220884362836,
    "db": 0.8363511303330963,
    "bic": -205.27804952683852,
    "xb": 12.821770437695706
}