{
    "dataset": "blobs-P5-K2-N1024-dt0.50-S4",
    "algorithm": "kmeans",
    "k": 2,
    "n": 1024,
    "d": 5,
    "k_true": 2,
    "rand_score": 0.7401198222140762,
    "adjusted_rand_score": 0.4802395842867347,
    "accuracy": 0.8466796875,
    "f1_score": 0.8466467814691835,
    "precision": 0.8469775006776904,
    "recall": 0.8466796875,
    "sigui": 0.5174951386341022,
    "sse": 4184.225469967798,
    "sc": 0.17566523999605277,
    "ch": 228.5720490256964,
    "db": 2.0000011486435922,
    "bic": -7499.21017458343,
    "xb": 1006.9627104114758
}