{
    "dataset": "blobs-P10-K32-N64-dt0.60-S5",
    "algorithm": "kmeans",
    "k": 3,
    "n": 64,
    "d": 10,
    "k_true": 32,
    "rand_score": 0.6041666666666666,
    "adjusted_rand_score": 0.024714828897338403,
    "accuracy": 0.09375,
    "f1_score": 0.018914473684210526,
    "precision": 0.01066468253968254,
    "recall": 0.09375,
    "sigui": 0.5551272873009647,
    "sse": 524.7886778355313,
    "sc": 0.09288650286610199,
    "ch": 6.695924425255158,
    "db": 2.394364854606882,
    "bic": -976.8622083625089,
    "xb": 99.78193143286742
}