{
    "dataset": "blobs-P5-K8-N128-dt0.10-S0",
    "algorithm": "kmeans",
    "k": 2,
    "n": 128,
    "d": 5,
    "k_true": 8,
    "rand_score": 0.5905511811023622,
    "adjusted_rand_score": 0.21418372203712518,
    "accuracy": 0.25,
    "f1_score": 0.10416666666666666,
    "precision": 0.06666666666666667,
    "recall": 0.25,
    "sigui": 0.4891946225770261,
    "sse": 398.7627023692355,
    "sc": 0.39803462981340143,
    "ch": 76.22553293194196,
    "db": 1.172869557303892,
    "bic": -870.559878015542,
    "xb": 47.6281887201833
}