{
    "dataset": "blobs-P2-K4-N64-dt0.40-S3",
    "algorithm": "kmeans",
    "k": 25,
    "n": 64,
    "d": 2,
    "k_true": 4,
    "rand_score": 0.7723214285714286,
    "adjusted_rand_score": 0.11787315823190263,
    "accuracy": 0.234375,
    "f1_score": 0.05866666666666667,
    "precision": 0.136,
    "recall": 0.0375,
    "sigui": 0.08581782176699168,
    "sse": 2.726900916933277,
    "sc": 0.3728196620201075,
    "ch": 74.65206555393317,
    "db": 0.488997335890258,
    "bic": -293.5972501778839,
    "xb": 42.97169584275957
}