{
    "dataset": "blobs-P2-K4-N128-dt0.90-S8",
    "algorithm": "kmeans",
    "k": 4,
    "n": 128,
    "d": 2,
    "k_true": 4,
    "rand_score": 0.7054625984251969,
    "adjusted_rand_score": 0.23799618043198212,
    "accuracy": 0.5,
    "f1_score": 0.487541010550296,
    "precision": 0.5143091758491738,
    "recall": 0.5,
    "sigui": 0.3110569212425722,
    "sse": 71.17580469622156,
    "sc": 0.39117995419180185,
    "ch": 107.33141838242845,
    "db": 0.8368767192006917,
    "bic": -397.7323699520944,
    "xb": 33.47034811879001
}