{
    "dataset": "blobs-P10-K16-N64-dt0.40-S3",
    "algorithm": "kmeans",
    "k": 50,
    "n": 64,
    "d": 10,
    "k_true": 16,
    "rand_score": 0.9528769841269841,
    "adjusted_rand_score": 0.1470713980333476,
    "accuracy": 0.375,
    "f1_score": 0.16266666666666665,
    "precision": 0.2866666666666666,
    "recall": 0.12,
    "sigui": 0.10457993760749631,
    "sse": 30.72290660195226,
    "sc": 0.0698321971329974,
    "ch": 5.6661035297759765,
    "db": 0.4954738126906538,
    "bic": -1561.6813121088119,
    "xb": 13.536988249954737
}