{
    "dataset": "blobs-P5-K32-N64-dt0.70-S6",
    "algorithm": "kmeans",
    "k": 16,
    "n": 64,
    "d": 5,
    "k_true": 32,
    "rand_score": 0.9434523809523809,
    "adjusted_rand_score": 0.2689332247557003,
    "accuracy": 0.484375,
    "f1_score": 0.35352633477633477,
    "precision": 0.2992063492063492,
    "recall": 0.484375,
    "sigui": 0.3008411542243392,
    "sse": 62.29442635750529,
    "sc": 0.24447318707949492,
    "ch": 13.238067735358923,
    "db": 0.8950974205377111,
    "bic": -567.9931092872289,
    "xb": 22.64630345626949
}