{
    "dataset": "blobs-P2-K4-N128-dt1.00-S9",
    "algorithm": "kmeans",
    "k": 8,
    "n": 128,
    "d": 2,
    "k_true": 4,
    "rand_score": 0.7284694881889764,
    "adjusted_rand_score": 0.14432032921911206,
    "accuracy": 0.359375,
    "f1_score": 0.21400010916831935,
    "precision": 0.2700069138363149,
    "recall": 0.1796875,
    "sigui": 0.2445077096723514,
    "sse": 44.95959518431313,
    "sc": 0.3336084620235844,
    "ch": 80.46859622055405,
    "db": 0.9060857304211984,
    "bic": -452.1577346971753,
    "xb": 55.295988103207755
}