{
    "dataset": "blobs-P5-K2-N128-dt0.30-S2",
    "algorithm": "kmeans",
    "k": 16,
    "n": 128,
    "d": 5,
    "k_true": 2,
    "rand_score": 0.5546259842519685,
    "adjusted_rand_score": 0.10308284787876186,
    "accuracy": 0.1953125,
    "f1_score": 0.04084073820915926,
    "precision": 0.125,
    "recall": 0.0244140625,
    "sigui": 0.34372631657673364,
    "sse": 163.8708566972077,
    "sc": 0.15580987350763403,
    "ch": 21.694507949613296,
    "db": 1.3351776749313395,
    "bic": -1054.0269372765858,
    "xb": 86.46798249018471
}