{
    "dataset": "blobs-P5-K8-N64-dt0.90-S8",
    "algorithm": "kmeans",
    "k": 3,
    "n": 64,
    "d": 5,
    "k_true": 8,
    "rand_score": 0.6810515873015873,
    "adjusted_rand_score": 0.1468376824413976,
    "accuracy": 0.34375,
    "f1_score": 0.18832345191040845,
    "precision": 0.13166666666666665,
    "recall": 0.34375,
    "sigui": 0.4955454048882495,
    "sse": 232.29704624755732,
    "sc": 0.14675166305624554,
    "ch": 11.515170479605827,
    "db": 1.8183741713001869,
    "bic": -509.2256787983515,
    "xb": 59.39402965304455
}