{
    "dataset": "blobs-P5-K32-N1024-dt0.60-S5",
    "algorithm": "kmeans",
    "k": 20,
    "n": 1024,
    "d": 5,
    "k_true": 32,
    "rand_score": 0.9599370723362659,
    "adjusted_rand_score": 0.5188928181862394,
    "accuracy": 0.5810546875,
    "f1_score": 0.4665012106969344,
    "precision": 0.40818798804559797,
    "recall": 0.5810546875,
    "sigui": 0.3199222732986306,
    "sse": 1095.40780501143,
    "sc": 0.26180932142298347,
    "ch": 194.14497818613833,
    "db": 1.1641440529238718,
    "bic": -6731.548270963648,
    "xb": 664.7441531868461
}