{
    "dataset": "blobs-P5-K8-N64-dt0.60-S5",
    "algorithm": "kmeans",
    "k": 2,
    "n": 64,
    "d": 5,
    "k_true": 8,
    "rand_score": 0.5818452380952381,
    "adjusted_rand_score": 0.1591488418486091,
    "accuracy": 0.25,
    "f1_score": 0.1005656819610308,
    "precision": 0.06305418719211822,
    "recall": 0.25,
    "sigui": 0.5048592150082986,
    "sse": 264.0110642748903,
    "sc": 0.1766278317981786,
    "ch": 13.148365673578136,
    "db": 2.028262139537535,
    "bic": -492.4003796263078,
    "xb": 66.38189613794547
}