{
    "dataset": "blobs-P5-K4-N128-dt0.90-S8",
    "algorithm": "kmeans",
    "k": 2,
    "n": 128,
    "d": 5,
    "k_true": 4,
    "rand_score": 0.5693897637795275,
    "adjusted_rand_score": 0.14223632209460293,
    "accuracy": 0.4140625,
    "f1_score": 0.27753496503496505,
    "precision": 0.20982142857142858,
    "recall": 0.4140625,
    "sigui": 0.5339502196054944,
    "sse": 537.7169546725308,
    "sc": 0.14170240154045813,
    "ch": 23.967374655518707,
    "db": 2.1685320110244835,
    "bic": -969.2690600145214,
    "xb": 144.3694608593351
}