{
    "dataset": "blobs-P2-K8-N64-dt0.30-S2",
    "algorithm": "kmeans",
    "k": 8,
    "n": 64,
    "d": 2,
    "k_true": 8,
    "rand_score": 1.0,
    "adjusted_rand_score": 1.0,
    "accuracy": 1.0,
    "f1_score": 1.0,
    "precision": 1.0,
    "recall": 1.0,
    "sigui": 0.07756851122814751,
    "sse": 1.4999112712556486,
    "sc": 0.7285319085308701,
    "ch": 674.7070504929001,
    "db": 0.35171706505914424,
    "bic": -80.57704120232813,
    "xb": 16.139202120671364
}