{
    "dataset": "blobs-P2-K32-N64-dt0.20-S1",
    "algorithm": "kmeans",
    "k": 3,
    "n": 64,
    "d": 2,
    "k_true": 32,
    "rand_score": 0.6924603174603174,
    "adjusted_rand_score": 0.06528189910979229,
    "accuracy": 0.09375,
    "f1_score": 0.016098484848484848,
    "precision": 0.008806818181818183,
    "recall": 0.09375,
    "sigui": 0.28968595731861013,
    "sse": 37.77553622777428,
    "sc": 0.5053389991463375,
    "ch": 72.84730859835162,
    "db": 0.681869435959395,
    "bic": -192.55611219401342,
    "xb": 9.472139192913842
}