{
    "dataset": "blobs-P2-K8-N1024-dt0.60-S5",
    "algorithm": "kmeans",
    "k": 50,
    "n": 1024,
    "d": 2,
    "k_true": 8,
    "rand_score": 0.8900388715786901,
    "adjusted_rand_score": 0.219550494445619,
    "accuracy": 0.2236328125,
    "f1_score": 0.05759509559413804,
    "precision": 0.1503654730668313,
    "recall": 0.03578125,
    "sigui": 0.08407214945823929,
    "sse": 26.580338803965166,
    "sc": 0.341834661988351,
    "ch": 1511.6764592589134,
    "db": 0.8276928485321864,
    "bic": -2896.868941217094,
    "xb": 394.8776657289116
}