{
    "dataset": "blobs-P10-K32-N1024-dt0.90-S8",
    "algorithm": "kmeans",
    "k": 20,
    "n": 1024,
    "d": 10,
    "k_true": 32,
    "rand_score": 0.9261420912756598,
    "adjusted_rand_score": 0.04711556906742941,
    "accuracy": 0.1669921875,
    "f1_score": 0.12824285575414462,
    "precision": 0.10494854108327961,
    "recall": 0.1669921875,
    "sigui": 0.4871927300105997,
    "sse": 6013.054031655536,
    "sc": 0.07385815791866172,
    "ch": 37.14596985576101,
    "db": 2.0215718015422985,
    "bic": -15623.594448961696,
    "xb": 1398.2996054438975
}