{
    "dataset": "blobs-P10-K8-N128-dt0.90-S8",
    "algorithm": "kmeans",
    "k": 10,
    "n": 128,
    "d": 10,
    "k_true": 8,
    "rand_score": 0.8260334645669292,
    "adjusted_rand_score": 0.10430445408748566,
    "accuracy": 0.359375,
    "f1_score": 0.30723111658456487,
    "precision": 0.3332526026604974,
    "recall": 0.2875,
    "sigui": 0.48373383210082,
    "sse": 748.6532938235963,
    "sc": 0.0955916755474058,
    "ch": 9.305436522721365,
    "db": 1.8154443937791753,
    "bic": -2032.184159895389,
    "xb": 136.61372728618517
}