{
    "dataset": "blobs-P2-K4-N128-dt0.30-S2",
    "algorithm": "kmeans",
    "k": 2,
    "n": 128,
    "d": 2,
    "k_true": 4,
    "rand_score": 0.7480314960629921,
    "adjusted_rand_score": 0.4940239043824701,
    "accuracy": 0.5,
    "f1_score": 0.3333333333333333,
    "precision": 0.25,
    "recall": 0.5,
    "sigui": 0.38897304472056193,
    "sse": 125.71892057458912,
    "sc": 0.5655394382404161,
    "ch": 130.57235881899337,
    "db": 0.8562901139076533,
    "bic": -375.518495323234,
    "xb": 28.392506769339445
}