{
    "dataset": "blobs-P10-K8-N64-dt1.00-S9",
    "algorithm": "kmeans",
    "k": 3,
    "n": 64,
    "d": 10,
    "k_true": 8,
    "rand_score": 0.6235119047619048,
    "adjusted_rand_score": 0.015280380567968863,
    "accuracy": 0.21875,
    "f1_score": 0.1179335370511841,
    "precision": 0.08288461538461539,
    "recall": 0.21875,
    "sigui": 0.5457908766809465,
    "sse": 536.5016284274524,
    "sc": 0.05356206819643693,
    "ch": 5.8838597418899825,
    "db": 2.531367700358384,
    "bic": -988.2994070612338,
    "xb": 103.61493186613046
}