{
    "dataset": "blobs-P10-K8-N128-dt0.30-S2",
    "algorithm": "kmeans",
    "k": 32,
    "n": 128,
    "d": 10,
    "k_true": 8,
    "rand_score": 0.8956692913385826,
    "adjusted_rand_score": 0.2641906479735454,
    "accuracy": 0.34375,
    "f1_score": 0.12392304253717297,
    "precision": 0.23147321428571427,
    "recall": 0.0859375,
    "sigui": 0.33358579046730114,
    "sse": 306.98745279498485,
    "sc": 0.09261562840955864,
    "ch": 9.815385347998493,
    "db": 1.4559278759564829,
    "bic": -2208.0802948605087,
    "xb": 152.83863635484798
}