{
    "dataset": "blobs-P2-K4-N64-dt0.60-S5",
    "algorithm": "kmeans",
    "k": 8,
    "n": 64,
    "d": 2,
    "k_true": 4,
    "rand_score": 0.7643849206349206,
    "adjusted_rand_score": 0.2231913402382992,
    "accuracy": 0.421875,
    "f1_score": 0.27208333333333334,
    "precision": 0.3836805555555556,
    "recall": 0.2109375,
    "sigui": 0.24604690469442334,
    "sse": 17.06381542866855,
    "sc": 0.34706419174409403,
    "ch": 52.01002555850434,
    "db": 0.7858853124347401,
    "bic": -232.76209374451145,
    "xb": 20.097516370104792
}