{
    "dataset": "blobs-P5-K8-N128-dt0.70-S6",
    "algorithm": "kmeans",
    "k": 2,
    "n": 128,
    "d": 5,
    "k_true": 8,
    "rand_score": 0.5708661417322834,
    "adjusted_rand_score": 0.1371919627901179,
    "accuracy": 0.25,
    "f1_score": 0.10006253908692933,
    "precision": 0.06256109481915934,
    "recall": 0.25,
    "sigui": 0.5301452189706,
    "sse": 509.12706247622964,
    "sc": 0.19427579148140783,
    "ch": 32.38875193118409,
    "db": 1.884896910643795,
    "bic": -952.7260670004357,
    "xb": 111.72088358490898
}