{
    "dataset": "blobs-P10-K8-N128-dt0.80-S7",
    "algorithm": "kmeans",
    "k": 16,
    "n": 128,
    "d": 10,
    "k_true": 8,
    "rand_score": 0.8399360236220472,
    "adjusted_rand_score": 0.04940885424157869,
    "accuracy": 0.2578125,
    "f1_score": 0.15444651453272143,
    "precision": 0.19487179487179487,
    "recall": 0.12890625,
    "sigui": 0.4545255371407255,
    "sse": 650.1655284580197,
    "sc": 0.08174345170086797,
    "ch": 7.23317962632307,
    "db": 1.6941478311058766,
    "bic": -2157.1793426736785,
    "xb": 134.87482932310752
}