{
    "dataset": "blobs-P5-K32-N1024-dt0.80-S7",
    "algorithm": "kmeans",
    "k": 8,
    "n": 1024,
    "d": 5,
    "k_true": 32,
    "rand_score": 0.8716836968475073,
    "adjusted_rand_score": 0.16584005274482586,
    "accuracy": 0.224609375,
    "f1_score": 0.09333331360059939,
    "precision": 0.05952797025005001,
    "recall": 0.224609375,
    "sigui": 0.4371235883799748,
    "sse": 2479.848785961188,
    "sc": 0.17064781108947297,
    "ch": 154.52518422257282,
    "db": 1.4605620427577017,
    "bic": -7675.636280646953,
    "xb": 671.5721976952219
}