{
    "dataset": "blobs-P2-K16-N64-dt0.60-S5",
    "algorithm": "kmeans",
    "k": 32,
    "n": 64,
    "d": 2,
    "k_true": 16,
    "rand_score": 0.9618055555555556,
    "adjusted_rand_score": 0.44413887933997936,
    "accuracy": 0.546875,
    "f1_score": 0.3279761904761905,
    "precision": 0.4427083333333333,
    "recall": 0.2734375,
    "sigui": 0.03596673266657928,
    "sse": 0.4501661740085819,
    "sc": 0.4244649525446609,
    "ch": 292.47942692393787,
    "db": 0.3981491095243178,
    "bic": -246.69331553610286,
    "xb": 70.85682965034124
}