{
    "dataset": "blobs-P2-K4-N1024-dt0.10-S0",
    "algorithm": "kmeans",
    "k": 20,
    "n": 1024,
    "d": 2,
    "k_true": 4,
    "rand_score": 0.8047104105571847,
    "adjusted_rand_score": 0.2932858994844584,
    "accuracy": 0.2802734375,
    "f1_score": 0.08744824673108949,
    "precision": 0.2,
    "recall": 0.0560546875,
    "sigui": 0.05968114792875461,
    "sse": 14.548314143026813,
    "sc": 0.3220679142093511,
    "ch": 7393.311723089177,
    "db": 0.9355326594654898,
    "bic": -1059.2061409944401,
    "xb": 219.0822406482556
}