{
    "dataset": "blobs-P5-K32-N64-dt0.10-S0",
    "algorithm": "kmeans",
    "k": 32,
    "n": 64,
    "d": 5,
    "k_true": 32,
    "rand_score": 1.0,
    "adjusted_rand_score": 1.0,
    "accuracy": 1.0,
    "f1_score": 1.0,
    "precision": 1.0,
    "recall": 1.0,
    "sigui": 0.05381026358813899,
    "sse": 1.2507080383904297,
    "sc": 0.7965356398589554,
    "ch": 263.07620730543726,
    "db": 0.21340768510197952,
    "bic": -218.88596543623078,
    "xb": 14.728968477072394
}