{
    "dataset": "blobs-P10-K2-N128-dt0.80-S7",
    "algorithm": "kmeans",
    "k": 4,
    "n": 128,
    "d": 10,
    "k_true": 2,
    "rand_score": 0.5082431102362205,
    "adjusted_rand_score": 0.012593052229849463,
    "accuracy": 0.3515625,
    "f1_score": 0.22355912061794414,
    "precision": 0.3073308270676692,
    "recall": 0.17578125,
    "sigui": 0.5438027396412801,
    "sse": 1024.1548362474855,
    "sc": 0.07055433054588017,
    "ch": 10.325522138674476,
    "db": 2.547357200351981,
    "bic": -1956.6223762293134,
    "xb": 218.520277372393
}