{
    "dataset": "blobs-P5-K16-N64-dt0.20-S1",
    "algorithm": "kmeans",
    "k": 10,
    "n": 64,
    "d": 5,
    "k_true": 16,
    "rand_score": 0.9444444444444444,
    "adjusted_rand_score": 0.6058981233243967,
    "accuracy": 0.625,
    "f1_score": 0.5104166666666666,
    "precision": 0.4583333333333333,
    "recall": 0.625,
    "sigui": 0.2682976541731764,
    "sse": 48.09041071883705,
    "sc": 0.48853024698840275,
    "ch": 33.9247993789318,
    "db": 0.7427413521474301,
    "bic": -419.8541780090534,
    "xb": 19.029966693295663
}