{
    "dataset": "blobs-P2-K32-N64-dt0.60-S5",
    "algorithm": "kmeans",
    "k": 4,
    "n": 64,
    "d": 2,
    "k_true": 32,
    "rand_score": 0.7281746031746031,
    "adjusted_rand_score": 0.07679965771740294,
    "accuracy": 0.125,
    "f1_score": 0.03397817460317461,
    "precision": 0.02063301282051282,
    "recall": 0.125,
    "sigui": 0.31582665947341454,
    "sse": 26.994407083904704,
    "sc": 0.45154891242210715,
    "ch": 74.83445930273423,
    "db": 0.7667903254141947,
    "bic": -189.08287140012527,
    "xb": 18.097733813654106
}