{
    "dataset": "blobs-P2-K32-N128-dt0.90-S8",
    "algorithm": "kmeans",
    "k": 10,
    "n": 128,
    "d": 2,
    "k_true": 32,
    "rand_score": 0.9159694881889764,
    "adjusted_rand_score": 0.31104898215292726,
    "accuracy": 0.3125,
    "f1_score": 0.16202153110047846,
    "precision": 0.11778724747474746,
    "recall": 0.3125,
    "sigui": 0.180338492517906,
    "sse": 18.57643129936218,
    "sc": 0.4630440805752908,
    "ch": 167.57184087007423,
    "db": 0.6868692872090173,
    "bic": -387.79348677400844,
    "xb": 32.33535255215745
}