{
    "dataset": "blobs-P2-K16-N64-dt0.50-S4",
    "algorithm": "kmeans",
    "k": 16,
    "n": 64,
    "d": 2,
    "k_true": 16,
    "rand_score": 0.9905753968253969,
    "adjusted_rand_score": 0.9023733790066063,
    "accuracy": 0.921875,
    "f1_score": 0.9077380952380952,
    "precision": 0.90625,
    "recall": 0.921875,
    "sigui": 0.05223734252017516,
    "sse": 0.8418571311044686,
    "sc": 0.6814826172470556,
    "ch": 483.34336331703713,
    "db": 0.36791229326094166,
    "bic": -136.45160609599347,
    "xb": 43.34021120937349
}