{
    "dataset": "blobs-P5-K8-N64-dt0.10-S0",
    "algorithm": "kmeans",
    "k": 2,
    "n": 64,
    "d": 5,
    "k_true": 8,
    "rand_score": 0.5873015873015873,
    "adjusted_rand_score": 0.20408163265306123,
    "accuracy": 0.25,
    "f1_score": 0.10416666666666666,
    "precision": 0.06666666666666667,
    "recall": 0.25,
    "sigui": 0.5200556991513648,
    "sse": 235.01177758547607,
    "sc": 0.31066998905577914,
    "ch": 22.42130094005182,
    "db": 1.5388202728827924,
    "bic": -472.0438096148261,
    "xb": 39.03377956618335
}