{
    "dataset": "blobs-P2-K16-N1024-dt0.80-S7",
    "algorithm": "kmeans",
    "k": 2,
    "n": 1024,
    "d": 2,
    "k_true": 16,
    "rand_score": 0.5543457508553274,
    "adjusted_rand_score": 0.11753462341453534,
    "accuracy": 0.125,
    "f1_score": 0.02805248883653398,
    "precision": 0.015821085768361692,
    "recall": 0.125,
    "sigui": 0.428012213717059,
    "sse": 1121.883264667935,
    "sc": 0.4457377838542351,
    "ch": 843.6809381949663,
    "db": 0.9724598721799153,
    "bic": -3013.9068569659457,
    "xb": 270.26378763073336
}