{
    "dataset": "blobs-P2-K8-N1024-dt0.50-S4",
    "algorithm": "kmeans",
    "k": 10,
    "n": 1024,
    "d": 2,
    "k_true": 8,
    "rand_score": 0.9411981457722385,
    "adjusted_rand_score": 0.7128656407081824,
    "accuracy": 0.794921875,
    "f1_score": 0.6677403670596093,
    "precision": 0.7138603598769124,
    "recall": 0.6359375,
    "sigui": 0.14993631826646675,
    "sse": 102.8390992075794,
    "sc": 0.4336251959726467,
    "ch": 2131.343623789838,
    "db": 0.860572601617613,
    "bic": -2258.58488975902,
    "xb": 335.07646688367254
}