{
    "dataset": "blobs-P2-K4-N64-dt0.70-S6",
    "algorithm": "kmeans",
    "k": 32,
    "n": 64,
    "d": 2,
    "k_true": 4,
    "rand_score": 0.7599206349206349,
    "adjusted_rand_score": 0.05168874790072775,
    "accuracy": 0.203125,
    "f1_score": 0.04039241095162148,
    "precision": 0.11197916666666667,
    "recall": 0.025390625,
    "sigui": 0.054661061818684575,
    "sse": 0.9229416767345856,
    "sc": 0.3307464350314101,
    "ch": 142.12850234836682,
    "db": 0.3723131605475623,
    "bic": -288.29973460846014,
    "xb": 49.31864277800408
}