{
    "dataset": "blobs-P10-K16-N1024-dt0.50-S4",
    "algorithm": "kmeans",
    "k": 4,
    "n": 1024,
    "d": 10,
    "k_true": 16,
    "rand_score": 0.7538279722629521,
    "adjusted_rand_score": 0.1263612021881485,
    "accuracy": 0.2138671875,
    "f1_score": 0.08615963992438695,
    "precision": 0.05403019150262496,
    "recall": 0.2138671875,
    "sigui": 0.5390564416034792,
    "sse": 7986.76238802923,
    "sc": 0.09489105613156049,
    "ch": 95.92131965993065,
    "db": 2.3646568814617783,
    "bic": -14825.808577090886,
    "xb": 1472.8038730673557
}