{
    "dataset": "blobs-P2-K32-N1024-dt0.60-S5",
    "algorithm": "kmeans",
    "k": 4,
    "n": 1024,
    "d": 2,
    "k_true": 32,
    "rand_score": 0.7653519825268817,
    "adjusted_rand_score": 0.15472683464733,
    "accuracy": 0.125,
    "f1_score": 0.029305002458235755,
    "precision": 0.016759628714440544,
    "recall": 0.125,
    "sigui": 0.3082008381117497,
    "sse": 483.18199773765764,
    "sc": 0.46171601265824697,
    "ch": 1101.1132932524217,
    "db": 0.7313545048220802,
    "bic": -2857.6126003002723,
    "xb": 151.9657633117374
}