{
    "dataset": "blobs-P2-K2-N64-dt0.30-S2",
    "algorithm": "kmeans",
    "k": 25,
    "n": 64,
    "d": 2,
    "k_true": 2,
    "rand_score": 0.5282738095238095,
    "adjusted_rand_score": 0.042357303837731564,
    "accuracy": 0.140625,
    "f1_score": 0.019488721804511278,
    "precision": 0.08,
    "recall": 0.01125,
    "sigui": 0.07977727029394675,
    "sse": 2.0250141038825644,
    "sc": 0.35460480787906473,
    "ch": 101.09033398271211,
    "db": 0.5748196144655953,
    "bic": -278.32562541891537,
    "xb": 51.71365350110792
}