{
    "dataset": "blobs-P2-K8-N64-dt0.50-S4",
    "algorithm": "kmeans",
    "k": 3,
    "n": 64,
    "d": 2,
    "k_true": 8,
    "rand_score": 0.7584325396825397,
    "adjusted_rand_score": 0.35382574082264484,
    "accuracy": 0.375,
    "f1_score": 0.20944170771756976,
    "precision": 0.14715608465608465,
    "recall": 0.375,
    "sigui": 0.2839053144233941,
    "sse": 31.07802183143553,
    "sc": 0.46318806364725273,
    "ch": 95.11932098429413,
    "db": 0.768059132730055,
    "bic": -178.7023465208069,
    "xb": 15.090602212175323
}