{
    "dataset": "blobs-P2-K8-N1024-dt0.30-S2",
    "algorithm": "kmeans",
    "k": 20,
    "n": 1024,
    "d": 2,
    "k_true": 8,
    "rand_score": 0.9254662298387096,
    "adjusted_rand_score": 0.5597373334807751,
    "accuracy": 0.5107421875,
    "f1_score": 0.257878567456995,
    "precision": 0.3881006218202374,
    "recall": 0.204296875,
    "sigui": 0.08961219773071458,
    "sse": 29.518765993152478,
    "sc": 0.4030969335873201,
    "ch": 3613.412794805019,
    "db": 0.9084219355147031,
    "bic": -1743.901341827524,
    "xb": 343.1802198343901
}