{
    "dataset": "blobs-P10-K32-N128-dt0.10-S0",
    "algorithm": "kmeans",
    "k": 4,
    "n": 128,
    "d": 10,
    "k_true": 32,
    "rand_score": 0.7578740157480315,
    "adjusted_rand_score": 0.12531496724340668,
    "accuracy": 0.125,
    "f1_score": 0.029361263736263736,
    "precision": 0.016741071428571425,
    "recall": 0.125,
    "sigui": 0.5221281299773151,
    "sse": 865.5708899823335,
    "sc": 0.18309480106047837,
    "ch": 19.79010240021647,
    "db": 1.9145606432207316,
    "bic": -1845.2859452634484,
    "xb": 134.04380327693008
}