{
    "dataset": "blobs-P5-K16-N128-dt0.70-S6",
    "algorithm": "kmeans",
    "k": 10,
    "n": 128,
    "d": 5,
    "k_true": 16,
    "rand_score": 0.9292568897637795,
    "adjusted_rand_score": 0.5437790897447912,
    "accuracy": 0.609375,
    "f1_score": 0.49713093751590365,
    "precision": 0.44700903006129994,
    "recall": 0.609375,
    "sigui": 0.345927283293682,
    "sse": 160.3067179193371,
    "sc": 0.287044905223514,
    "ch": 39.23299037148139,
    "db": 1.060933651604095,
    "bic": -894.7249870363369,
    "xb": 93.22414006893862
}