{
    "dataset": "blobs-P2-K16-N128-dt0.80-S7",
    "algorithm": "kmeans",
    "k": 8,
    "n": 128,
    "d": 2,
    "k_true": 16,
    "rand_score": 0.9035433070866141,
    "adjusted_rand_score": 0.45726495726495725,
    "accuracy": 0.5,
    "f1_score": 0.3616758241758241,
    "precision": 0.30845959595959593,
    "recall": 0.5,
    "sigui": 0.15884057088177314,
    "sse": 16.083705030552643,
    "sc": 0.5207276708032075,
    "ch": 255.71538169172018,
    "db": 0.6309567302365142,
    "bic": -322.7132343695869,
    "xb": 31.63851740839203
}