{
    "dataset": "blobs-P2-K4-N1024-dt0.50-S4",
    "algorithm": "kmeans",
    "k": 16,
    "n": 1024,
    "d": 2,
    "k_true": 4,
    "rand_score": 0.79020420943304,
    "adjusted_rand_score": 0.25864731159207305,
    "accuracy": 0.296875,
    "f1_score": 0.11359014168812763,
    "precision": 0.24259532788602556,
    "recall": 0.07421875,
    "sigui": 0.16910162172377505,
    "sse": 108.14867656761308,
    "sc": 0.3443892310029706,
    "ch": 1205.3592616379196,
    "db": 0.8595374901434308,
    "bic": -2848.2268551159777,
    "xb": 318.2833581289115
}