{
    "dataset": "blobs-P2-K4-N1024-dt0.40-S3",
    "algorithm": "kmeans",
    "k": 3,
    "n": 1024,
    "d": 2,
    "k_true": 4,
    "rand_score": 0.8680752840909091,
    "adjusted_rand_score": 0.6967973856082995,
    "accuracy": 0.744140625,
    "f1_score": 0.6596641933993622,
    "precision": 0.6149509887669369,
    "recall": 0.744140625,
    "sigui": 0.2788592998159416,
    "sse": 471.53491635959176,
    "sc": 0.5713636923031022,
    "ch": 1706.735593223176,
    "db": 0.5832927244832847,
    "bic": -2503.3689147708,
    "xb": 120.78605945785922
}