{
    "dataset": "blobs-P5-K2-N64-dt0.70-S6",
    "algorithm": "kmeans",
    "k": 3,
    "n": 64,
    "d": 5,
    "k_true": 2,
    "rand_score": 0.6026785714285714,
    "adjusted_rand_score": 0.2011429656951986,
    "accuracy": 0.59375,
    "f1_score": 0.4516746411483254,
    "precision": 0.5263768115942029,
    "recall": 0.3958333333333333,
    "sigui": 0.49150035959317906,
    "sse": 214.84125111728952,
    "sc": 0.18215963520364814,
    "ch": 14.928892027219048,
    "db": 1.613397631077509,
    "bic": -497.1431314703321,
    "xb": 41.94591782353791
}