{
    "dataset": "blobs-P5-K2-N1024-dt0.30-S2",
    "algorithm": "kmeans",
    "k": 20,
    "n": 1024,
    "d": 5,
    "k_true": 2,
    "rand_score": 0.5421974279081134,
    "adjusted_rand_score": 0.08359131014963779,
    "accuracy": 0.1259765625,
    "f1_score": 0.022273996467949024,
    "precision": 0.09652777777777778,
    "recall": 0.01259765625,
    "sigui": 0.37612773311814196,
    "sse": 1624.5822132975798,
    "sc": 0.13736908874638812,
    "ch": 113.69399043753441,
    "db": 1.526726713710628,
    "bic": -7784.626007161983,
    "xb": 918.2944663137054
}