{
    "dataset": "blobs-P2-K32-N1024-dt0.40-S3",
    "algorithm": "kmeans",
    "k": 8,
    "n": 1024,
    "d": 2,
    "k_true": 32,
    "rand_score": 0.8866080156402737,
    "adjusted_rand_score": 0.3139784946236559,
    "accuracy": 0.25,
    "f1_score": 0.11577380952380951,
    "precision": 0.084375,
    "recall": 0.25,
    "sigui": 0.1573035149855972,
    "sse": 136.68163903294317,
    "sc": 0.5329307391253091,
    "ch": 2029.637702497106,
    "db": 0.6523647689318092,
    "bic": -2254.8064209696913,
    "xb": 171.53544428869392
}