{
    "dataset": "blobs-P2-K4-N1024-dt0.50-S4",
    "algorithm": "kmeans",
    "k": 4,
    "n": 1024,
    "d": 2,
    "k_true": 4,
    "rand_score": 0.8874003390762464,
    "adjusted_rand_score": 0.6991705887793376,
    "accuracy": 0.8720703125,
    "f1_score": 0.8720007952987695,
    "precision": 0.8720445880570887,
    "recall": 0.8720703125,
    "sigui": 0.28287672945284015,
    "sse": 361.96193626526184,
    "sc": 0.4571397728682374,
    "ch": 1583.738189668941,
    "db": 0.7403352937783096,
    "bic": -2592.3452293936593,
    "xb": 175.04650564452714
}