{
    "dataset": "blobs-P2-K32-N1024-dt0.10-S0",
    "algorithm": "kmeans",
    "k": 4,
    "n": 1024,
    "d": 2,
    "k_true": 32,
    "rand_score": 0.7321603128054741,
    "adjusted_rand_score": 0.1370490551631991,
    "accuracy": 0.125,
    "f1_score": 0.03132440476190476,
    "precision": 0.018154761904761906,
    "recall": 0.125,
    "sigui": 0.2867173724418879,
    "sse": 433.4518969200993,
    "sc": 0.4951141981266197,
    "ch": 1266.452768917877,
    "db": 0.8336936901672077,
    "bic": -2686.680626694024,
    "xb": 390.0294619168164
}