{
    "dataset": "blobs-P5-K16-N128-dt0.50-S4",
    "algorithm": "kmeans",
    "k": 16,
    "n": 128,
    "d": 5,
    "k_true": 16,
    "rand_score": 0.937746062992126,
    "adjusted_rand_score": 0.46223367755108874,
    "accuracy": 0.6015625,
    "f1_score": 0.5685889141052185,
    "precision": 0.5691964285714286,
    "recall": 0.6015625,
    "sigui": 0.3097151048503579,
    "sse": 129.03566920641168,
    "sc": 0.2563605516360652,
    "ch": 29.567020964483447,
    "db": 1.1619982865493208,
    "bic": -973.5875759124012,
    "xb": 87.81198745214209
}