{
    "dataset": "blobs-P5-K2-N128-dt0.40-S3",
    "algorithm": "kmeans",
    "k": 16,
    "n": 128,
    "d": 5,
    "k_true": 2,
    "rand_score": 0.5376476377952756,
    "adjusted_rand_score": 0.06898542808653414,
    "accuracy": 0.203125,
    "f1_score": 0.04206751054852321,
    "precision": 0.125,
    "recall": 0.025390625,
    "sigui": 0.3663643597263583,
    "sse": 190.14622060860933,
    "sc": 0.16906168316606954,
    "ch": 17.66486974447724,
    "db": 1.2031960269672486,
    "bic": -1093.6250147414705,
    "xb": 79.92159914116436
}