{
    "dataset": "blobs-P5-K32-N64-dt0.10-S0",
    "algorithm": "kmeans",
    "k": 4,
    "n": 64,
    "d": 5,
    "k_true": 32,
    "rand_score": 0.7678571428571429,
    "adjusted_rand_score": 0.0932464017714356,
    "accuracy": 0.125,
    "f1_score": 0.02867288961038961,
    "precision": 0.016269841269841268,
    "recall": 0.125,
    "sigui": 0.4575113952251832,
    "sse": 173.87101902097479,
    "sc": 0.22829190308516106,
    "ch": 16.808894524440223,
    "db": 1.4825232532966255,
    "bic": -494.1534301855469,
    "xb": 38.006950806415325
}