{
    "dataset": "blobs-P10-K8-N1024-dt0.10-S0",
    "algorithm": "kmeans",
    "k": 3,
    "n": 1024,
    "d": 10,
    "k_true": 8,
    "rand_score": 0.718475073313783,
    "adjusted_rand_score": 0.34390365566878073,
    "accuracy": 0.375,
    "f1_score": 0.2375,
    "precision": 0.19791666666666666,
    "recall": 0.375,
    "sigui": 0.4766801525272978,
    "sse": 5837.528069877877,
    "sc": 0.34712719857576624,
    "ch": 385.0023320529164,
    "db": 1.2303049648418356,
    "bic": -12764.609944424958,
    "xb": 461.93622565814815
}