{
    "dataset": "blobs-P5-K32-N64-dt0.30-S2",
    "algorithm": "kmeans",
    "k": 25,
    "n": 64,
    "d": 5,
    "k_true": 32,
    "rand_score": 0.9821428571428571,
    "adjusted_rand_score": 0.6320571057754705,
    "accuracy": 0.78125,
    "f1_score": 0.71875,
    "precision": 0.6927083333333333,
    "recall": 0.78125,
    "sigui": 0.1520118685623357,
    "sse": 14.58576126964864,
    "sc": 0.5073279731912033,
    "ch": 34.02620739238087,
    "db": 0.5368620801549707,
    "bic": -488.9099442300693,
    "xb": 19.442430049103788
}