{
    "dataset": "blobs-P10-K4-N64-dt0.30-S2",
    "algorithm": "kmeans",
    "k": 32,
    "n": 64,
    "d": 10,
    "k_true": 4,
    "rand_score": 0.777281746031746,
    "adjusted_rand_score": 0.1175479644361254,
    "accuracy": 0.25,
    "f1_score": 0.04915413533834587,
    "precision": 0.11875,
    "recall": 0.03125,
    "sigui": 0.24477080640817378,
    "sse": 96.22225230172333,
    "sc": 0.08431244107390624,
    "ch": 5.833567100527223,
    "db": 0.8825260688744047,
    "bic": -1306.9670153968418,
    "xb": 32.15289878407812
}