{
    "dataset": "blobs-P10-K4-N64-dt0.60-S5",
    "algorithm": "kmeans",
    "k": 8,
    "n": 64,
    "d": 10,
    "k_true": 4,
    "rand_score": 0.7440476190476191,
    "adjusted_rand_score": 0.1874625074985003,
    "accuracy": 0.4375,
    "f1_score": 0.26486516357206014,
    "precision": 0.34121503496503497,
    "recall": 0.21875,
    "sigui": 0.47213410341673456,
    "sse": 377.544281648819,
    "sc": 0.0860088081252022,
    "ch": 5.561323131792206,
    "db": 1.6711988734851722,
    "bic": -1047.3031105543869,
    "xb": 67.12904165482948
}