{
    "dataset": "blobs-P2-K2-N1024-dt0.10-S0",
    "algorithm": "kmeans",
    "k": 4,
    "n": 1024,
    "d": 2,
    "k_true": 2,
    "rand_score": 0.7498338984604106,
    "adjusted_rand_score": 0.49942249450712617,
    "accuracy": 0.5087890625,
    "f1_score": 0.33721655081808977,
    "precision": 0.5,
    "recall": 0.25439453125,
    "sigui": 0.2655208187650856,
    "sse": 402.19746737207583,
    "sc": 0.504206615467274,
    "ch": 1391.2888729750007,
    "db": 0.6582925138200539,
    "bic": -2700.248015409246,
    "xb": 144.8120561549553
}