{
    "dataset": "blobs-P5-K4-N128-dt0.30-S2",
    "algorithm": "kmeans",
    "k": 25,
    "n": 128,
    "d": 5,
    "k_true": 4,
    "rand_score": 0.7901082677165354,
    "adjusted_rand_score": 0.2075796033911447,
    "accuracy": 0.2421875,
    "f1_score": 0.062192554557124524,
    "precision": 0.16,
    "recall": 0.03875,
    "sigui": 0.23287311783994546,
    "sse": 74.95132712833905,
    "sc": 0.20096186841250419,
    "ch": 32.35433777250162,
    "db": 1.1496079275115854,
    "bic": -990.8787400074406,
    "xb": 96.70345063971226
}