{
    "dataset": "blobs-P2-K32-N1024-dt0.20-S1",
    "algorithm": "kmeans",
    "k": 4,
    "n": 1024,
    "d": 2,
    "k_true": 32,
    "rand_score": 0.6695992179863147,
    "adjusted_rand_score": 0.10495907558979298,
    "accuracy": 0.125,
    "f1_score": 0.03628472222222222,
    "precision": 0.02192752100840336,
    "recall": 0.125,
    "sigui": 0.3186946773363587,
    "sse": 464.0935590343466,
    "sc": 0.515242677247518,
    "ch": 1160.3871233396428,
    "db": 0.7185202304339393,
    "bic": -2644.2914491560155,
    "xb": 141.9691565607965
}