{
    "dataset": "blobs-P2-K32-N128-dt0.40-S3",
    "algorithm": "kmeans",
    "k": 25,
    "n": 128,
    "d": 2,
    "k_true": 32,
    "rand_score": 0.9858513779527559,
    "adjusted_rand_score": 0.7598059370117589,
    "accuracy": 0.78125,
    "f1_score": 0.7067550505050505,
    "precision": 0.6678571428571429,
    "recall": 0.78125,
    "sigui": 0.05698319200511117,
    "sse": 1.6953554358490328,
    "sc": 0.6788576906020706,
    "ch": 643.7533647378866,
    "db": 0.38232644885366585,
    "bic": -311.1115815976344,
    "xb": 41.446337965538085
}