{
    "dataset": "blobs-P2-K8-N128-dt0.70-S6",
    "algorithm": "kmeans",
    "k": 25,
    "n": 128,
    "d": 2,
    "k_true": 8,
    "rand_score": 0.8882874015748031,
    "adjusted_rand_score": 0.2574055947658544,
    "accuracy": 0.359375,
    "f1_score": 0.15457817544774066,
    "precision": 0.2457142857142857,
    "recall": 0.115,
    "sigui": 0.110290738744211,
    "sse": 6.339388677725205,
    "sc": 0.36948964101393744,
    "ch": 169.01631656633276,
    "db": 0.6910134616006693,
    "bic": -470.2748538156042,
    "xb": 48.07614105691231
}