{
    "dataset": "blobs-P10-K2-N128-dt0.20-S1",
    "algorithm": "kmeans",
    "k": 10,
    "n": 128,
    "d": 10,
    "k_true": 2,
    "rand_score": 0.5947342519685039,
    "adjusted_rand_score": 0.18434505913594834,
    "accuracy": 0.2421875,
    "f1_score": 0.0779746835443038,
    "precision": 0.2,
    "recall": 0.0484375,
    "sigui": 0.4596953693203702,
    "sse": 634.1771177520202,
    "sc": 0.10583317099228153,
    "ch": 13.35187809561158,
    "db": 1.9270019808408818,
    "bic": -1924.163049749181,
    "xb": 191.0524752441434
}