{
    "dataset": "blobs-P2-K32-N64-dt0.30-S2",
    "algorithm": "kmeans",
    "k": 4,
    "n": 64,
    "d": 2,
    "k_true": 32,
    "rand_score": 0.7638888888888888,
    "adjusted_rand_score": 0.09138286268331111,
    "accuracy": 0.125,
    "f1_score": 0.028893849206349204,
    "precision": 0.016419778138528136,
    "recall": 0.125,
    "sigui": 0.3280918894310564,
    "sse": 30.075158249020344,
    "sc": 0.4081498362092313,
    "ch": 65.1200841173758,
    "db": 0.7745461374631163,
    "bic": -201.05321011975667,
    "xb": 14.483862191945747
}