{
    "dataset": "blobs-P5-K2-N128-dt0.60-S5",
    "algorithm": "kmeans",
    "k": 20,
    "n": 128,
    "d": 5,
    "k_true": 2,
    "rand_score": 0.5246062992125984,
    "adjusted_rand_score": 0.0424856878607303,
    "accuracy": 0.1640625,
    "f1_score": 0.02777777777777778,
    "precision": 0.09642857142857143,
    "recall": 0.01640625,
    "sigui": 0.34402205030059535,
    "sse": 185.69862900557902,
    "sc": 0.14909152672112647,
    "ch": 13.906105009793041,
    "db": 1.263981652349139,
    "bic": -1176.5896187190863,
    "xb": 94.76176238603709
}