{
    "dataset": "blobs-P10-K16-N1024-dt0.30-S2",
    "algorithm": "kmeans",
    "k": 20,
    "n": 1024,
    "d": 10,
    "k_true": 16,
    "rand_score": 0.9740041544477028,
    "adjusted_rand_score": 0.7681498340216515,
    "accuracy": 0.7685546875,
    "f1_score": 0.6370821979703463,
    "precision": 0.6935266818488635,
    "recall": 0.61484375,
    "sigui": 0.392179473935451,
    "sse": 3323.995620424898,
    "sc": 0.18621160861493583,
    "ch": 109.94485948788743,
    "db": 2.0571782673747463,
    "bic": -12518.389287026746,
    "xb": 2784.442184341381
}