{
    "dataset": "blobs-P5-K2-N128-dt0.70-S6",
    "algorithm": "kmeans",
    "k": 20,
    "n": 128,
    "d": 5,
    "k_true": 2,
    "rand_score": 0.5187007874015748,
    "adjusted_rand_score": 0.030814248371113104,
    "accuracy": 0.171875,
    "f1_score": 0.027390180878552974,
    "precision": 0.08181818181818182,
    "recall": 0.0171875,
    "sigui": 0.34694939957699283,
    "sse": 183.5606461818536,
    "sc": 0.15471068214123673,
    "ch": 14.134278962101256,
    "db": 1.2112268993899442,
    "bic": -1158.1008600709247,
    "xb": 125.94314163473736
}