{
    "dataset": "blobs-P5-K4-N1024-dt0.20-S1",
    "algorithm": "kmeans",
    "k": 10,
    "n": 1024,
    "d": 5,
    "k_true": 4,
    "rand_score": 0.8531185086754643,
    "adjusted_rand_score": 0.5124811004832215,
    "accuracy": 0.4453125,
    "f1_score": 0.2455077823294068,
    "precision": 0.4,
    "recall": 0.178125,
    "sigui": 0.27396244283974125,
    "sse": 752.6370707285946,
    "sc": 0.16304519614361995,
    "ch": 653.7762256225838,
    "db": 1.8531824161843762,
    "bic": -4898.933363670151,
    "xb": 1039.9614998798722
}