{
    "dataset": "blobs-P5-K4-N1024-dt0.10-S0",
    "algorithm": "kmeans",
    "k": 16,
    "n": 1024,
    "d": 5,
    "k_true": 4,
    "rand_score": 0.8156979319403714,
    "adjusted_rand_score": 0.3460860229318176,
    "accuracy": 0.298828125,
    "f1_score": 0.11431126794822966,
    "precision": 0.25,
    "recall": 0.07470703125,
    "sigui": 0.18267829051795054,
    "sse": 289.2510298346539,
    "sc": 0.18548773311011693,
    "ch": 1122.2996543199147,
    "db": 1.42010783735383,
    "bic": -3053.768781836059,
    "xb": 692.6600576890537
}