{
    "dataset": "blobs-P2-K2-N64-dt0.90-S8",
    "algorithm": "kmeans",
    "k": 3,
    "n": 64,
    "d": 2,
    "k_true": 2,
    "rand_score": 0.7008928571428571,
    "adjusted_rand_score": 0.40134264147375387,
    "accuracy": 0.8125,
    "f1_score": 0.5459656084656085,
    "precision": 0.5504032258064516,
    "recall": 0.5416666666666666,
    "sigui": 0.42246880560123135,
    "sse": 75.71506119898939,
    "sc": 0.30169604877076617,
    "ch": 21.061736042710983,
    "db": 0.9127157363053815,
    "bic": -215.61965874888557,
    "xb": 27.618316854440266
}