{
    "dataset": "blobs-P5-K16-N64-dt0.40-S3",
    "algorithm": "kmeans",
    "k": 16,
    "n": 64,
    "d": 5,
    "k_true": 16,
    "rand_score": 0.9722222222222222,
    "adjusted_rand_score": 0.7135898684851437,
    "accuracy": 0.8125,
    "f1_score": 0.7788194444444445,
    "precision": 0.7677083333333333,
    "recall": 0.8125,
    "sigui": 0.25448911601810253,
    "sse": 39.05043832630307,
    "sc": 0.36136812361722837,
    "ch": 23.022496952365003,
    "db": 0.7756993910865372,
    "bic": -496.5529737866114,
    "xb": 21.781161892608512
}