{
    "dataset": "blobs-P5-K2-N64-dt0.90-S8",
    "algorithm": "kmeans",
    "k": 4,
    "n": 64,
    "d": 5,
    "k_true": 2,
    "rand_score": 0.5213293650793651,
    "adjusted_rand_score": 0.03547460773270296,
    "accuracy": 0.421875,
    "f1_score": 0.26206636500754144,
    "precision": 0.3460526315789474,
    "recall": 0.2109375,
    "sigui": 0.4775163425745717,
    "sse": 198.70157273278758,
    "sc": 0.145666406047158,
    "ch": 12.209105906809667,
    "db": 1.6008364609617916,
    "bic": -512.711850597256,
    "xb": 52.35097221329093
}