{
    "dataset": "blobs-P2-K4-N64-dt0.20-S1",
    "algorithm": "kmeans",
    "k": 20,
    "n": 64,
    "d": 2,
    "k_true": 4,
    "rand_score": 0.8184523809523809,
    "adjusted_rand_score": 0.32186341979883537,
    "accuracy": 0.375,
    "f1_score": 0.10708225108225107,
    "precision": 0.2,
    "recall": 0.075,
    "sigui": 0.042821327438645015,
    "sse": 0.5581814840942365,
    "sc": 0.4212768140840236,
    "ch": 528.732016801335,
    "db": 0.504221964145085,
    "bic": -141.23306333955819,
    "xb": 58.55580736035529
}