{
    "dataset": "blobs-P5-K16-N64-dt0.80-S7",
    "algorithm": "kmeans",
    "k": 10,
    "n": 64,
    "d": 5,
    "k_true": 16,
    "rand_score": 0.9255952380952381,
    "adjusted_rand_score": 0.503780718336484,
    "accuracy": 0.609375,
    "f1_score": 0.5050551057130004,
    "precision": 0.45694444444444443,
    "recall": 0.609375,
    "sigui": 0.3018442952308422,
    "sse": 62.86837748904246,
    "sc": 0.3695662029441126,
    "ch": 24.53999604705312,
    "db": 0.8233331578658184,
    "bic": -460.75780190456527,
    "xb": 32.740567347237736
}