{
    "dataset": "blobs-P10-K2-N1024-dt0.70-S6",
    "algorithm": "kmeans",
    "k": 16,
    "n": 1024,
    "d": 10,
    "k_true": 2,
    "rand_score": 0.5117722079667644,
    "adjusted_rand_score": 0.02270784720785765,
    "accuracy": 0.1083984375,
    "f1_score": 0.023922856488871845,
    "precision": 0.1020576465498594,
    "recall": 0.0135498046875,
    "sigui": 0.5002988676587706,
    "sse": 6489.346655459278,
    "sc": 0.07067842102119437,
    "ch": 38.839642591924125,
    "db": 2.163018342846578,
    "bic": -15639.636578679623,
    "xb": 1459.1340971305513
}