{
    "dataset": "blobs-P2-K16-N1024-dt0.60-S5",
    "algorithm": "kmeans",
    "k": 25,
    "n": 1024,
    "d": 2,
    "k_true": 16,
    "rand_score": 0.9564260294477028,
    "adjusted_rand_score": 0.5575869138859106,
    "accuracy": 0.609375,
    "f1_score": 0.4505375244909381,
    "precision": 0.5452071388863345,
    "recall": 0.39,
    "sigui": 0.11915105072567098,
    "sse": 58.19494884017315,
    "sc": 0.3752012410572738,
    "ch": 1423.3846946544531,
    "db": 0.8975107094865592,
    "bic": -2776.0037737833445,
    "xb": 379.1498013868726
}