{
    "dataset": "blobs-P10-K8-N64-dt0.80-S7",
    "algorithm": "kmeans",
    "k": 8,
    "n": 64,
    "d": 10,
    "k_true": 8,
    "rand_score": 0.8005952380952381,
    "adjusted_rand_score": 0.10267857142857142,
    "accuracy": 0.359375,
    "f1_score": 0.341940827714485,
    "precision": 0.3610119047619047,
    "recall": 0.359375,
    "sigui": 0.47780239557616455,
    "sse": 370.3181105691842,
    "sc": 0.09442336449375203,
    "ch": 5.825950861896777,
    "db": 1.6647270970386383,
    "bic": -1043.6881619791154,
    "xb": 58.87244412713632
}