{
    "dataset": "blobs-P10-K4-N128-dt0.60-S5",
    "algorithm": "kmeans",
    "k": 2,
    "n": 128,
    "d": 10,
    "k_true": 4,
    "rand_score": 0.59251968503937,
    "adjusted_rand_score": 0.19195924295165864,
    "accuracy": 0.4375,
    "f1_score": 0.2926722246599386,
    "precision": 0.22172172172172172,
    "recall": 0.4375,
    "sigui": 0.5556789549908302,
    "sse": 1141.4671703731537,
    "sc": 0.10123103596584532,
    "ch": 15.291842801993539,
    "db": 2.7656102495761226,
    "bic": -1883.5373053174153,
    "xb": 232.0825184855514
}