{
    "dataset": "blobs-P10-K32-N1024-dt0.40-S3",
    "algorithm": "kmeans",
    "k": 2,
    "n": 1024,
    "d": 10,
    "k_true": 32,
    "rand_score": 0.5109607923998045,
    "adjusted_rand_score": 0.03477696080586411,
    "accuracy": 0.0625,
    "f1_score": 0.007452897073984389,
    "precision": 0.003966301926987509,
    "recall": 0.0625,
    "sigui": 0.560829853332385,
    "sse": 9111.869022699486,
    "sc": 0.10922269188196179,
    "ch": 126.53275150563451,
    "db": 2.7605238277744273,
    "bic": -14710.571936364837,
    "xb": 1832.6120701831771
}