{
    "dataset": "blobs-P5-K32-N64-dt0.50-S4",
    "algorithm": "kmeans",
    "k": 8,
    "n": 64,
    "d": 5,
    "k_true": 32,
    "rand_score": 0.8745039682539683,
    "adjusted_rand_score": 0.15724633849732988,
    "accuracy": 0.25,
    "f1_score": 0.11577380952380951,
    "precision": 0.08032852564102563,
    "recall": 0.25,
    "sigui": 0.370508521463096,
    "sse": 101.1633008490171,
    "sc": 0.29120798161055333,
    "ch": 17.305619513352138,
    "db": 1.0599844600338924,
    "bic": -497.19371213778214,
    "xb": 38.272362668821025
}