{
    "dataset": "blobs-P5-K32-N1024-dt0.70-S6",
    "algorithm": "kmeans",
    "k": 25,
    "n": 1024,
    "d": 5,
    "k_true": 32,
    "rand_score": 0.9714591733870968,
    "adjusted_rand_score": 0.5913865293900827,
    "accuracy": 0.685546875,
    "f1_score": 0.6146331782081624,
    "precision": 0.5726264406775635,
    "recall": 0.685546875,
    "sigui": 0.2894930772156632,
    "sse": 845.3426943770395,
    "sc": 0.26328745992289965,
    "ch": 210.48577284704632,
    "db": 1.2199942253220437,
    "bic": -6433.811326348297,
    "xb": 762.4758506348306
}