{
    "dataset": "blobs-P5-K8-N128-dt0.40-S3",
    "algorithm": "kmeans",
    "k": 2,
    "n": 128,
    "d": 5,
    "k_true": 8,
    "rand_score": 0.53248031496063,
    "adjusted_rand_score": 0.1381711942739994,
    "accuracy": 0.25,
    "f1_score": 0.10818120351588911,
    "precision": 0.07087486157253599,
    "recall": 0.25,
    "sigui": 0.5256029658358614,
    "sse": 494.5518986249609,
    "sc": 0.21077712328535406,
    "ch": 37.05669885043278,
    "db": 1.6100887373465917,
    "bic": -935.7750540949868,
    "xb": 88.37620656241528
}