{
    "dataset": "blobs-P2-K32-N128-dt0.70-S6",
    "algorithm": "kmeans",
    "k": 25,
    "n": 128,
    "d": 2,
    "k_true": 32,
    "rand_score": 0.984867125984252,
    "adjusted_rand_score": 0.7430967848038813,
    "accuracy": 0.78125,
    "f1_score": 0.7065413752913752,
    "precision": 0.6671626984126984,
    "recall": 0.78125,
    "sigui": 0.06649876355566041,
    "sse": 2.1448224413507226,
    "sc": 0.633491950715096,
    "ch": 507.9496478053932,
    "db": 0.4547698481326592,
    "bic": -341.25473850563367,
    "xb": 42.428104150595004
}