{
    "dataset": "blobs-P5-K8-N1024-dt0.90-S8",
    "algorithm": "kmeans",
    "k": 25,
    "n": 1024,
    "d": 5,
    "k_true": 8,
    "rand_score": 0.8564787237292277,
    "adjusted_rand_score": 0.07374465006449474,
    "accuracy": 0.173828125,
    "f1_score": 0.08398995665787798,
    "precision": 0.17887155740420582,
    "recall": 0.055625,
    "sigui": 0.3735894814957241,
    "sse": 1653.629818220751,
    "sc": 0.14042355385123423,
    "ch": 87.25511431077717,
    "db": 1.4233695731467726,
    "bic": -8163.0249727081355,
    "xb": 775.348231028832
}