{
    "dataset": "blobs-P2-K32-N1024-dt0.90-S8",
    "algorithm": "kmeans",
    "k": 25,
    "n": 1024,
    "d": 2,
    "k_true": 32,
    "rand_score": 0.9712968902737048,
    "adjusted_rand_score": 0.5965326606193978,
    "accuracy": 0.6484375,
    "f1_score": 0.5731017756863493,
    "precision": 0.5349071364977933,
    "recall": 0.6484375,
    "sigui": 0.1054083678849792,
    "sse": 40.58993770282894,
    "sc": 0.42145877586682584,
    "ch": 2058.5999528966045,
    "db": 0.779464468863338,
    "bic": -2390.1359563422247,
    "xb": 360.2096051586207
}