{
    "dataset": "blobs-P2-K4-N128-dt0.60-S5",
    "algorithm": "kmeans",
    "k": 3,
    "n": 128,
    "d": 2,
    "k_true": 4,
    "rand_score": 0.8069635826771654,
    "adjusted_rand_score": 0.5453968876832838,
    "accuracy": 0.71875,
    "f1_score": 0.6270905711204219,
    "precision": 0.5706772539524284,
    "recall": 0.71875,
    "sigui": 0.33975079876751907,
    "sse": 78.01687277300604,
    "sc": 0.4448943291327632,
    "ch": 142.5838418831885,
    "db": 0.812121924357489,
    "bic": -369.1735432789277,
    "xb": 29.427354442129122
}