{
    "dataset": "blobs-P5-K4-N64-dt0.60-S5",
    "algorithm": "kmeans",
    "k": 16,
    "n": 64,
    "d": 5,
    "k_true": 4,
    "rand_score": 0.7767857142857143,
    "adjusted_rand_score": 0.17740250696378831,
    "accuracy": 0.34375,
    "f1_score": 0.12080039525691699,
    "precision": 0.20386904761904762,
    "recall": 0.0859375,
    "sigui": 0.3146534721707099,
    "sse": 73.75234716086868,
    "sc": 0.1776854596117874,
    "ch": 10.684303882104945,
    "db": 1.0493331832146706,
    "bic": -593.8610236677633,
    "xb": 34.91093898547047
}