{
    "dataset": "blobs-P5-K32-N128-dt0.90-S8",
    "algorithm": "kmeans",
    "k": 2,
    "n": 128,
    "d": 5,
    "k_true": 32,
    "rand_score": 0.5094734251968503,
    "adjusted_rand_score": 0.022841263255401062,
    "accuracy": 0.0625,
    "f1_score": 0.007431693989071038,
    "precision": 0.003953545836422041,
    "recall": 0.0625,
    "sigui": 0.5327309081827719,
    "sse": 537.7673755402561,
    "sc": 0.15133486914938518,
    "ch": 23.953313770637035,
    "db": 2.1920039037758947,
    "bic": -969.5345262151229,
    "xb": 144.9063710771409
}