{
    "dataset": "blobs-P2-K16-N128-dt0.50-S4",
    "algorithm": "kmeans",
    "k": 16,
    "n": 128,
    "d": 2,
    "k_true": 16,
    "rand_score": 0.9825295275590551,
    "adjusted_rand_score": 0.8406468145268181,
    "accuracy": 0.890625,
    "f1_score": 0.8787754524886877,
    "precision": 0.8836805555555556,
    "recall": 0.890625,
    "sigui": 0.0671517096285628,
    "sse": 2.4404931516377752,
    "sc": 0.5936973800483003,
    "ch": 775.7630118857654,
    "db": 0.5400126464174972,
    "bic": -234.1760927544044,
    "xb": 69.33544150218452
}