{
    "dataset": "blobs-P5-K4-N128-dt0.80-S7",
    "algorithm": "kmeans",
    "k": 25,
    "n": 128,
    "d": 5,
    "k_true": 4,
    "rand_score": 0.7517224409448819,
    "adjusted_rand_score": 0.06929635978036663,
    "accuracy": 0.1796875,
    "f1_score": 0.046723256089109745,
    "precision": 0.1295238095238095,
    "recall": 0.02875,
    "sigui": 0.3110407245347601,
    "sse": 140.6700146764003,
    "sc": 0.15938561407783913,
    "ch": 15.233934954866863,
    "db": 1.1424895398478947,
    "bic": -1185.8169212224543,
    "xb": 90.87015006413921
}