{
    "dataset": "blobs-P2-K4-N128-dt1.00-S9",
    "algorithm": "kmeans",
    "k": 16,
    "n": 128,
    "d": 2,
    "k_true": 4,
    "rand_score": 0.7518454724409449,
    "adjusted_rand_score": 0.12762189535917284,
    "accuracy": 0.28125,
    "f1_score": 0.09869040184339736,
    "precision": 0.19635416666666666,
    "recall": 0.0703125,
    "sigui": 0.17619304034000238,
    "sse": 19.400143114734426,
    "sc": 0.3595541665096614,
    "ch": 91.0618161059633,
    "db": 0.7786171702523561,
    "bic": -481.4727438626047,
    "xb": 42.75111772412241
}