{
    "dataset": "blobs-P10-K32-N64-dt1.00-S9",
    "algorithm": "kmeans",
    "k": 20,
    "n": 64,
    "d": 10,
    "k_true": 32,
    "rand_score": 0.9330357142857143,
    "adjusted_rand_score": 0.03209286445885968,
    "accuracy": 0.375,
    "f1_score": 0.3105654761904762,
    "precision": 0.3354166666666667,
    "recall": 0.375,
    "sigui": 0.37214710756952635,
    "sse": 239.1265027225831,
    "sc": 0.055467305378749124,
    "ch": 3.8822071778091782,
    "db": 1.2299559919795309,
    "bic": -1249.473781300589,
    "xb": 55.97603690367201
}