{
    "dataset": "blobs-P10-K16-N1024-dt0.90-S8",
    "algorithm": "kmeans",
    "k": 2,
    "n": 1024,
    "d": 10,
    "k_true": 16,
    "rand_score": 0.519552251344086,
    "adjusted_rand_score": 0.03969931531221496,
    "accuracy": 0.1162109375,
    "f1_score": 0.02586694734935941,
    "precision": 0.014555861033308751,
    "recall": 0.1162109375,
    "sigui": 0.5664542305611799,
    "sse": 9318.449073493335,
    "sc": 0.08641094298016071,
    "ch": 101.07100864765845,
    "db": 3.0996300043242444,
    "bic": -14832.263975837213,
    "xb": 2270.4189252225283
}