{
    "dataset": "blobs-P5-K2-N1024-dt0.50-S4",
    "algorithm": "kmeans",
    "k": 4,
    "n": 1024,
    "d": 5,
    "k_true": 2,
    "rand_score": 0.6077273490957967,
    "adjusted_rand_score": 0.21507018687786916,
    "accuracy": 0.421875,
    "f1_score": 0.282164481183915,
    "precision": 0.4260270774976657,
    "recall": 0.2109375,
    "sigui": 0.4830958161566321,
    "sse": 3385.79765689305,
    "sc": 0.14877745050659477,
    "ch": 174.15804776631532,
    "db": 1.8292705037267603,
    "bic": -7708.664522917087,
    "xb": 907.1695868359162
}