{
    "dataset": "blobs-P10-K8-N64-dt0.50-S4",
    "algorithm": "kmeans",
    "k": 4,
    "n": 64,
    "d": 10,
    "k_true": 8,
    "rand_score": 0.7624007936507936,
    "adjusted_rand_score": 0.20534562211981566,
    "accuracy": 0.40625,
    "f1_score": 0.27310897435897435,
    "precision": 0.20686038838612367,
    "recall": 0.40625,
    "sigui": 0.5232343420022165,
    "sse": 462.54312375225373,
    "sc": 0.0950832684155728,
    "ch": 7.67309542116533,
    "db": 2.0957485323591047,
    "bic": -984.6267708652368,
    "xb": 75.28650032509816
}