{
    "dataset": "blobs-P5-K32-N1024-dt0.20-S1",
    "algorithm": "kmeans",
    "k": 32,
    "n": 1024,
    "d": 5,
    "k_true": 32,
    "rand_score": 0.996989170943304,
    "adjusted_rand_score": 0.9496885564934255,
    "accuracy": 0.953125,
    "f1_score": 0.9461873222432646,
    "precision": 0.947540945896209,
    "recall": 0.953125,
    "sigui": 0.12628913353651874,
    "sse": 129.77035274363587,
    "sc": 0.6086832103708166,
    "ch": 1230.5379875761719,
    "db": 0.6276435368307258,
    "bic": -2053.45521166732,
    "xb": 987.5509722193625
}