{
    "dataset": "blobs-P10-K32-N128-dt0.30-S2",
    "algorithm": "kmeans",
    "k": 3,
    "n": 128,
    "d": 10,
    "k_true": 32,
    "rand_score": 0.6703986220472441,
    "adjusted_rand_score": 0.0715457182542823,
    "accuracy": 0.09375,
    "f1_score": 0.016988143219670314,
    "precision": 0.0094029374201788,
    "recall": 0.09375,
    "sigui": 0.5316879832741309,
    "sse": 963.3521868325895,
    "sc": 0.15746087884991622,
    "ch": 20.543357448569672,
    "db": 1.9793634883930726,
    "bic": -1851.2961151711052,
    "xb": 131.0281862045168
}