{
    "dataset": "blobs-P2-K8-N1024-dt0.30-S2",
    "algorithm": "kmeans",
    "k": 32,
    "n": 1024,
    "d": 2,
    "k_true": 8,
    "rand_score": 0.903584738514174,
    "adjusted_rand_score": 0.3567180173245277,
    "accuracy": 0.337890625,
    "f1_score": 0.12521293734272076,
    "precision": 0.24782560214094557,
    "recall": 0.08447265625,
    "sigui": 0.06709172545655,
    "sse": 17.253772033848975,
    "sc": 0.3415654640569705,
    "ch": 3766.6373288215586,
    "db": 0.9125450478273694,
    "bic": -1828.929324594021,
    "xb": 271.9772122240923
}