{
    "dataset": "blobs-P2-K16-N128-dt0.40-S3",
    "algorithm": "kmeans",
    "k": 4,
    "n": 128,
    "d": 2,
    "k_true": 16,
    "rand_score": 0.781619094488189,
    "adjusted_rand_score": 0.26454995383556323,
    "accuracy": 0.25,
    "f1_score": 0.10818181818181818,
    "precision": 0.07130006257822277,
    "recall": 0.25,
    "sigui": 0.26575229320002536,
    "sse": 40.60191904870801,
    "sc": 0.5554165837802402,
    "ch": 219.2783220083628,
    "db": 0.6181563725139567,
    "bic": -326.86114103361984,
    "xb": 19.56557185833009
}