{
    "dataset": "blobs-P5-K32-N1024-dt1.00-S9",
    "algorithm": "kmeans",
    "k": 50,
    "n": 1024,
    "d": 5,
    "k_true": 32,
    "rand_score": 0.9638375946969697,
    "adjusted_rand_score": 0.27692307692307694,
    "accuracy": 0.4130859375,
    "f1_score": 0.3057733724681812,
    "precision": 0.37431380315590845,
    "recall": 0.264375,
    "sigui": 0.3050650171170792,
    "sse": 915.4013039475262,
    "sc": 0.16743508242622962,
    "ch": 91.30107717862236,
    "db": 1.3903292169035664,
    "bic": -7854.464815029949,
    "xb": 796.3673289506747
}