{
    "dataset": "blobs-P2-K16-N1024-dt0.80-S7",
    "algorithm": "kmeans",
    "k": 10,
    "n": 1024,
    "d": 2,
    "k_true": 16,
    "rand_score": 0.9169549578445748,
    "adjusted_rand_score": 0.5167838110059959,
    "accuracy": 0.58203125,
    "f1_score": 0.480170957512954,
    "precision": 0.4339071528694319,
    "recall": 0.58203125,
    "sigui": 0.13789890408922345,
    "sse": 107.42540898225747,
    "sc": 0.46101264053281366,
    "ch": 2035.7382771570485,
    "db": 0.7688140355296099,
    "bic": -2234.71780998458,
    "xb": 522.5415621343216
}