{
    "dataset": "blobs-P5-K8-N128-dt0.50-S4",
    "algorithm": "kmeans",
    "k": 16,
    "n": 128,
    "d": 5,
    "k_true": 8,
    "rand_score": 0.8729084645669292,
    "adjusted_rand_score": 0.24013761866424174,
    "accuracy": 0.3984375,
    "f1_score": 0.2591335978835979,
    "precision": 0.40698502886002885,
    "recall": 0.19921875,
    "sigui": 0.3521263520886627,
    "sse": 171.32856532237216,
    "sc": 0.17750277077441995,
    "ch": 20.425160114670817,
    "db": 1.2951598399342075,
    "bic": -1067.3237738287223,
    "xb": 100.33158840714727
}