{
    "dataset": "blobs-P10-K32-N128-dt0.60-S5",
    "algorithm": "kmeans",
    "k": 4,
    "n": 128,
    "d": 10,
    "k_true": 32,
    "rand_score": 0.7464320866141733,
    "adjusted_rand_score": 0.06213788433080487,
    "accuracy": 0.125,
    "f1_score": 0.0292080378250591,
    "precision": 0.016671857696566997,
    "recall": 0.125,
    "sigui": 0.5366136625505313,
    "sse": 991.8101579757155,
    "sc": 0.09327396049616815,
    "ch": 12.010208514079439,
    "db": 2.3286112997405253,
    "bic": -1933.6378248562303,
    "xb": 200.6381070799993
}