{
    "dataset": "blobs-P10-K32-N1024-dt0.50-S4",
    "algorithm": "kmeans",
    "k": 3,
    "n": 1024,
    "d": 10,
    "k_true": 32,
    "rand_score": 0.6708153867302052,
    "adjusted_rand_score": 0.0671220364443382,
    "accuracy": 0.0927734375,
    "f1_score": 0.01629862025480036,
    "precision": 0.008958678631187857,
    "recall": 0.0927734375,
    "sigui": 0.5494022546336892,
    "sse": 8495.313085047712,
    "sc": 0.09620370812933907,
    "ch": 104.84165341131062,
    "db": 2.557816083616642,
    "bic": -14796.606890095345,
    "xb": 1725.8907606168068
}