{
    "dataset": "blobs-P10-K32-N64-dt0.90-S8",
    "algorithm": "kmeans",
    "k": 8,
    "n": 64,
    "d": 10,
    "k_true": 32,
    "rand_score": 0.8596230158730159,
    "adjusted_rand_score": 0.0573150742875271,
    "accuracy": 0.21875,
    "f1_score": 0.0979307151182151,
    "precision": 0.07988660644910645,
    "recall": 0.21875,
    "sigui": 0.48923849412197795,
    "sse": 404.62957074294457,
    "sc": 0.03948736604637901,
    "ch": 4.6535487522553405,
    "db": 1.804100631543652,
    "bic": -1071.98496860161,
    "xb": 75.07336801017662
}