{
    "dataset": "blobs-P5-K2-N1024-dt0.70-S6",
    "algorithm": "kmeans",
    "k": 8,
    "n": 1024,
    "d": 5,
    "k_true": 2,
    "rand_score": 0.5285350989736071,
    "adjusted_rand_score": 0.05637918983721337,
    "accuracy": 0.2197265625,
    "f1_score": 0.08795702137664832,
    "precision": 0.22083022851465475,
    "recall": 0.054931640625,
    "sigui": 0.44753050487495205,
    "sse": 2667.075048854418,
    "sc": 0.14599609506546424,
    "ch": 133.48875800071528,
    "db": 1.5021417005761903,
    "bic": -7885.816913575234,
    "xb": 670.5588278637052
}