{
    "dataset": "blobs-P10-K2-N128-dt0.90-S8",
    "algorithm": "kmeans",
    "k": 3,
    "n": 128,
    "d": 10,
    "k_true": 2,
    "rand_score": 0.5296505905511811,
    "adjusted_rand_score": 0.057125434761922333,
    "accuracy": 0.4921875,
    "f1_score": 0.374520378867155,
    "precision": 0.4499923652466025,
    "recall": 0.328125,
    "sigui": 0.550394245835277,
    "sse": 1064.918158762076,
    "sc": 0.09005726129839363,
    "ch": 12.623143822617081,
    "db": 2.534740040815358,
    "bic": -1914.7202899339013,
    "xb": 217.42669230668366
}