{
    "dataset": "blobs-P10-K8-N128-dt0.40-S3",
    "algorithm": "kmeans",
    "k": 10,
    "n": 128,
    "d": 10,
    "k_true": 8,
    "rand_score": 0.8986220472440944,
    "adjusted_rand_score": 0.5093720404699617,
    "accuracy": 0.6171875,
    "f1_score": 0.5031131313811359,
    "precision": 0.5349957912457912,
    "recall": 0.49375,
    "sigui": 0.4580052709063843,
    "sse": 619.7499462334574,
    "sc": 0.1341429235474187,
    "ch": 13.967910555960435,
    "db": 1.7723355007486785,
    "bic": -1901.549162248868,
    "xb": 149.3565148450841
}