{
    "dataset": "blobs-P5-K4-N64-dt0.80-S7",
    "algorithm": "kmeans",
    "k": 10,
    "n": 64,
    "d": 5,
    "k_true": 4,
    "rand_score": 0.7103174603174603,
    "adjusted_rand_score": 0.008408796895213453,
    "accuracy": 0.234375,
    "f1_score": 0.12703030303030302,
    "precision": 0.21333333333333332,
    "recall": 0.09375,
    "sigui": 0.3678666721542791,
    "sse": 103.2243657595224,
    "sc": 0.2006875712371167,
    "ch": 12.600259598329194,
    "db": 1.2328880292464655,
    "bic": -541.7748464906833,
    "xb": 39.05439585634351
}