{
    "dataset": "blobs-P10-K32-N1024-dt0.60-S5",
    "algorithm": "kmeans",
    "k": 20,
    "n": 1024,
    "d": 10,
    "k_true": 32,
    "rand_score": 0.9329465267595308,
    "adjusted_rand_score": 0.1382137941649509,
    "accuracy": 0.2939453125,
    "f1_score": 0.22737640706448584,
    "precision": 0.18744604572758677,
    "recall": 0.2939453125,
    "sigui": 0.48274747227190495,
    "sse": 5788.649002842561,
    "sc": 0.08108915059449501,
    "ch": 40.63448273328545,
    "db": 2.0110357983163074,
    "bic": -15425.261958995587,
    "xb": 1353.0543314609758
}