{
    "dataset": "blobs-P10-K8-N64-dt0.60-S5",
    "algorithm": "kmeans",
    "k": 16,
    "n": 64,
    "d": 10,
    "k_true": 8,
    "rand_score": 0.8521825396825397,
    "adjusted_rand_score": 0.1292207792207792,
    "accuracy": 0.359375,
    "f1_score": 0.20819536822826296,
    "precision": 0.28210227272727273,
    "recall": 0.1796875,
    "sigui": 0.3995619371957094,
    "sse": 257.3580964122473,
    "sc": 0.10588884358560474,
    "ch": 4.757783448628816,
    "db": 1.2916471762523232,
    "bic": -1159.1363871810095,
    "xb": 44.560098582496266
}