{
    "dataset": "blobs-P5-K32-N128-dt1.00-S9",
    "algorithm": "kmeans",
    "k": 8,
    "n": 128,
    "d": 5,
    "k_true": 32,
    "rand_score": 0.8874261811023622,
    "adjusted_rand_score": 0.22707772124114536,
    "accuracy": 0.25,
    "f1_score": 0.1053483503211764,
    "precision": 0.0680124791144528,
    "recall": 0.25,
    "sigui": 0.3982384873722028,
    "sse": 240.96197589849766,
    "sc": 0.22008679845484702,
    "ch": 28.388926577451304,
    "db": 1.240402252445833,
    "bic": -973.7150942155869,
    "xb": 82.50198702116471
}