{
    "dataset": "blobs-P10-K16-N64-dt0.80-S7",
    "algorithm": "kmeans",
    "k": 16,
    "n": 64,
    "d": 10,
    "k_true": 16,
    "rand_score": 0.8988095238095238,
    "adjusted_rand_score": 0.07632600258732213,
    "accuracy": 0.359375,
    "f1_score": 0.34572059884559886,
    "precision": 0.4276785714285714,
    "recall": 0.359375,
    "sigui": 0.40502048539992175,
    "sse": 252.1752837045985,
    "sc": 0.10137148898412578,
    "ch": 4.921335167799609,
    "db": 1.308823855413018,
    "bic": -1154.7745518771403,
    "xb": 48.99317219693678
}