{
    "dataset": "blobs-P5-K4-N128-dt0.70-S6",
    "algorithm": "kmeans",
    "k": 10,
    "n": 128,
    "d": 5,
    "k_true": 4,
    "rand_score": 0.7640255905511811,
    "adjusted_rand_score": 0.22515650447882737,
    "accuracy": 0.4296875,
    "f1_score": 0.21076623376623377,
    "precision": 0.28520531400966187,
    "recall": 0.171875,
    "sigui": 0.40398514345330133,
    "sse": 242.12080330652822,
    "sc": 0.17675839127338594,
    "ch": 21.545601556770837,
    "db": 1.3949445628212047,
    "bic": -1022.923549653563,
    "xb": 80.89526719558046
}