{
    "dataset": "blobs-P2-K16-N1024-dt1.00-S9",
    "algorithm": "kmeans",
    "k": 32,
    "n": 1024,
    "d": 2,
    "k_true": 16,
    "rand_score": 0.9401977181085044,
    "adjusted_rand_score": 0.33652308587360963,
    "accuracy": 0.419921875,
    "f1_score": 0.26643962925940684,
    "precision": 0.3744485546988967,
    "recall": 0.2099609375,
    "sigui": 0.11330046678633572,
    "sse": 45.117935350972985,
    "sc": 0.33018160483134185,
    "ch": 1420.5487367760647,
    "db": 0.8867288693985963,
    "bic": -2842.3980279955276,
    "xb": 407.62720164299526
}