{
    "dataset": "blobs-P5-K2-N128-dt0.60-S5",
    "algorithm": "kmeans",
    "k": 4,
    "n": 128,
    "d": 5,
    "k_true": 2,
    "rand_score": 0.5613927165354331,
    "adjusted_rand_score": 0.11924794039548298,
    "accuracy": 0.4296875,
    "f1_score": 0.2819798022301704,
    "precision": 0.410204991087344,
    "recall": 0.21484375,
    "sigui": 0.48440243749172096,
    "sse": 387.1071509768552,
    "sc": 0.17485349798257133,
    "ch": 27.00261258391207,
    "db": 1.5999779893535764,
    "bic": -982.8430196997612,
    "xb": 91.33701732457806
}