{
    "dataset": "blobs-P2-K2-N64-dt0.20-S1",
    "algorithm": "kmeans",
    "k": 2,
    "n": 64,
    "d": 2,
    "k_true": 2,
    "rand_score": 1.0,
    "adjusted_rand_score": 1.0,
    "accuracy": 1.0,
    "f1_score": 1.0,
    "precision": 1.0,
    "recall": 1.0,
    "sigui": 0.4227618260607611,
    "sse": 72.31879456663064,
    "sc": 0.42723680753795323,
    "ch": 47.7363423651676,
    "db": 0.9914119349949239,
    "bic": -201.9535599226776,
    "xb": 19.044581682242363
}