{
    "dataset": "blobs-P5-K8-N1024-dt0.40-S3",
    "algorithm": "kmeans",
    "k": 50,
    "n": 1024,
    "d": 5,
    "k_true": 8,
    "rand_score": 0.8947699016373412,
    "adjusted_rand_score": 0.24835139301706152,
    "accuracy": 0.2314453125,
    "f1_score": 0.059845127493698025,
    "precision": 0.15862068965517243,
    "recall": 0.03703125,
    "sigui": 0.1987143994364496,
    "sse": 373.17621004210105,
    "sc": 0.16012515140987194,
    "ch": 252.8436420401247,
    "db": 1.5096847068391017,
    "bic": -5557.773796953273,
    "xb": 1041.4576905365516
}