{
    "dataset": "blobs-P2-K4-N1024-dt0.70-S6",
    "algorithm": "kmeans",
    "k": 20,
    "n": 1024,
    "d": 2,
    "k_true": 4,
    "rand_score": 0.7706290475317693,
    "adjusted_rand_score": 0.1695926044820482,
    "accuracy": 0.2177734375,
    "f1_score": 0.0699794465234435,
    "precision": 0.17866678764822447,
    "recall": 0.0435546875,
    "sigui": 0.16001337964486761,
    "sse": 117.23354899062842,
    "sc": 0.33087073325978944,
    "ch": 870.2778762670314,
    "db": 0.868966079881251,
    "bic": -3202.3005635793093,
    "xb": 476.46072482393527
}