{
    "dataset": "blobs-P2-K16-N1024-dt0.60-S5",
    "algorithm": "kmeans",
    "k": 8,
    "n": 1024,
    "d": 2,
    "k_true": 16,
    "rand_score": 0.8986666055718475,
    "adjusted_rand_score": 0.4649431008292046,
    "accuracy": 0.498046875,
    "f1_score": 0.3576529296521568,
    "precision": 0.2971545247494627,
    "recall": 0.498046875,
    "sigui": 0.2355361168593281,
    "sse": 224.94411292725005,
    "sc": 0.4649589579570262,
    "ch": 1176.363411031279,
    "db": 0.708739904546336,
    "bic": -2769.517210667962,
    "xb": 257.70392115031444
}