{
    "dataset": "blobs-P10-K32-N128-dt0.70-S6",
    "algorithm": "kmeans",
    "k": 16,
    "n": 128,
    "d": 10,
    "k_true": 32,
    "rand_score": 0.9104330708661418,
    "adjusted_rand_score": 0.06075013206550449,
    "accuracy": 0.25,
    "f1_score": 0.17318225075578017,
    "precision": 0.17046707632645133,
    "recall": 0.25,
    "sigui": 0.44987944504006316,
    "sse": 645.921287154981,
    "sc": 0.09746533618069611,
    "ch": 7.329769870406568,
    "db": 1.7134911996410582,
    "bic": -2144.7557227182842,
    "xb": 201.41065604529447
}