{
    "dataset": "blobs-P2-K8-N64-dt0.50-S4",
    "algorithm": "kmeans",
    "k": 2,
    "n": 64,
    "d": 2,
    "k_true": 8,
    "rand_score": 0.595734126984127,
    "adjusted_rand_score": 0.18707746869112268,
    "accuracy": 0.25,
    "f1_score": 0.1005656819610308,
    "precision": 0.06305418719211822,
    "recall": 0.25,
    "sigui": 0.4193363267848279,
    "sse": 54.10427284146563,
    "sc": 0.45235069242615245,
    "ch": 84.67972755596912,
    "db": 0.8195543227831134,
    "bic": -183.10095985754955,
    "xb": 11.389562560028546
}