{
    "dataset": "blobs-P2-K8-N64-dt0.10-S0",
    "algorithm": "kmeans",
    "k": 50,
    "n": 64,
    "d": 2,
    "k_true": 8,
    "rand_score": 0.8963293650793651,
    "adjusted_rand_score": 0.11315417256011315,
    "accuracy": 0.25,
    "f1_score": 0.06335353535353536,
    "precision": 0.16,
    "recall": 0.04,
    "sigui": 0.002222783184749076,
    "sse": 0.0022211907472775862,
    "sc": 0.2628002412045367,
    "ch": 16464.499498894435,
    "db": 0.15836573715762314,
    "bic": -85.4948643147425,
    "xb": 169.90030145432522
}