{
    "dataset": "blobs-P2-K32-N64-dt0.80-S7",
    "algorithm": "kmeans",
    "k": 3,
    "n": 64,
    "d": 2,
    "k_true": 32,
    "rand_score": 0.6746031746031746,
    "adjusted_rand_score": 0.06038559476173154,
    "accuracy": 0.09375,
    "f1_score": 0.01679292929292929,
    "precision": 0.009263392857142857,
    "recall": 0.09375,
    "sigui": 0.36643887159861355,
    "sse": 42.70181515250684,
    "sc": 0.4446172646278584,
    "ch": 60.92468501765344,
    "db": 0.7544534282676448,
    "bic": -198.7439367260631,
    "xb": 12.233839221332229
}