{
    "dataset": "blobs-P5-K16-N1024-dt0.40-S3",
    "algorithm": "kmeans",
    "k": 4,
    "n": 1024,
    "d": 5,
    "k_true": 16,
    "rand_score": 0.7924532624633431,
    "adjusted_rand_score": 0.2954471001660467,
    "accuracy": 0.25,
    "f1_score": 0.10446731944269574,
    "precision": 0.06700211349806165,
    "recall": 0.25,
    "sigui": 0.4362204660881139,
    "sse": 2299.6263245664377,
    "sc": 0.33638604500735175,
    "ch": 416.9925519652429,
    "db": 1.2356330940025142,
    "bic": -6684.423435803302,
    "xb": 502.2712481903021
}