{
    "dataset": "blobs-P10-K4-N128-dt0.40-S3",
    "algorithm": "kmeans",
    "k": 2,
    "n": 128,
    "d": 10,
    "k_true": 4,
    "rand_score": 0.6280757874015748,
    "adjusted_rand_score": 0.2999673615555592,
    "accuracy": 0.5,
    "f1_score": 0.3536318637043858,
    "precision": 0.28707597420801795,
    "recall": 0.5,
    "sigui": 0.535620611395826,
    "sse": 1014.8752117706304,
    "sc": 0.19380148674679423,
    "ch": 32.916089514708254,
    "db": 1.7559533306804387,
    "bic": -1801.4215896674004,
    "xb": 102.2970261680015
}