{
    "dataset": "blobs-P2-K2-N128-dt0.10-S0",
    "algorithm": "kmeans",
    "k": 4,
    "n": 128,
    "d": 2,
    "k_true": 2,
    "rand_score": 0.7844488188976378,
    "adjusted_rand_score": 0.5674965400345219,
    "accuracy": 0.71875,
    "f1_score": 0.41741145316120487,
    "precision": 0.5,
    "recall": 0.359375,
    "sigui": 0.26143678031549955,
    "sse": 57.48212349143709,
    "sc": 0.5330113894637242,
    "ch": 142.74708490155658,
    "db": 0.6830328741975247,
    "bic": -365.65345530194026,
    "xb": 22.170581886123436
}