{
    "dataset": "blobs-P5-K32-N1024-dt0.90-S8",
    "algorithm": "kmeans",
    "k": 8,
    "n": 1024,
    "d": 5,
    "k_true": 32,
    "rand_score": 0.872172455400782,
    "adjusted_rand_score": 0.15939296841382788,
    "accuracy": 0.212890625,
    "f1_score": 0.08802718055416395,
    "precision": 0.056280807122114675,
    "recall": 0.212890625,
    "sigui": 0.431000426874518,
    "sse": 2395.9047286378354,
    "sc": 0.16740015616662635,
    "ch": 165.02449621176802,
    "db": 1.4939348842586329,
    "bic": -7592.496572088236,
    "xb": 750.5201843136831
}