{
    "dataset": "blobs-P2-K32-N64-dt0.40-S3",
    "algorithm": "kmeans",
    "k": 8,
    "n": 64,
    "d": 2,
    "k_true": 32,
    "rand_score": 0.8814484126984127,
    "adjusted_rand_score": 0.18279511533242876,
    "accuracy": 0.25,
    "f1_score": 0.11178526334776334,
    "precision": 0.07502480158730158,
    "recall": 0.25,
    "sigui": 0.1984623588403496,
    "sse": 10.112768542895628,
    "sc": 0.4996164884695048,
    "ch": 93.25812685779063,
    "db": 0.6648347306003827,
    "bic": -197.15992573799068,
    "xb": 19.026996642813423
}