{
    "dataset": "blobs-P2-K8-N128-dt0.50-S4",
    "algorithm": "kmeans",
    "k": 8,
    "n": 128,
    "d": 2,
    "k_true": 8,
    "rand_score": 0.9408218503937008,
    "adjusted_rand_score": 0.7175833676219713,
    "accuracy": 0.8359375,
    "f1_score": 0.8342373312961548,
    "precision": 0.8373630153815912,
    "recall": 0.8359375,
    "sigui": 0.16600691999254125,
    "sse": 14.89505317808648,
    "sc": 0.4854127019649412,
    "ch": 277.48995659075683,
    "db": 0.6585508068546432,
    "bic": -323.0435452241751,
    "xb": 36.6106604693648
}