{
    "dataset": "blobs-P2-K2-N128-dt0.60-S5",
    "algorithm": "kmeans",
    "k": 25,
    "n": 128,
    "d": 2,
    "k_true": 2,
    "rand_score": 0.5265748031496063,
    "adjusted_rand_score": 0.04628306909283936,
    "accuracy": 0.1328125,
    "f1_score": 0.018263063063063065,
    "precision": 0.0650909090909091,
    "recall": 0.010625,
    "sigui": 0.13985372672334992,
    "sse": 11.088180125999422,
    "sc": 0.33607430611710626,
    "ch": 94.79282277903843,
    "db": 0.6722359787537087,
    "bic": -540.3189443366496,
    "xb": 46.468709925913075
}