{
    "dataset": "blobs-P2-K32-N128-dt0.80-S7",
    "algorithm": "kmeans",
    "k": 10,
    "n": 128,
    "d": 2,
    "k_true": 32,
    "rand_score": 0.9265501968503937,
    "adjusted_rand_score": 0.35701383176301976,
    "accuracy": 0.3125,
    "f1_score": 0.15061858076563958,
    "precision": 0.09969925907425907,
    "recall": 0.3125,
    "sigui": 0.17022881062743395,
    "sse": 13.360990137406956,
    "sc": 0.5335086158383175,
    "ch": 238.10114261605534,
    "db": 0.6364780586355456,
    "bic": -351.84534721658304,
    "xb": 29.222545812163975
}