{
    "dataset": "blobs-P2-K2-N128-dt0.10-S0",
    "algorithm": "kmeans",
    "k": 32,
    "n": 128,
    "d": 2,
    "k_true": 2,
    "rand_score": 0.5436761811023622,
    "adjusted_rand_score": 0.08068901045498812,
    "accuracy": 0.1875,
    "f1_score": 0.019736842105263157,
    "precision": 0.0625,
    "recall": 0.01171875,
    "sigui": 0.06635436086847274,
    "sse": 2.3765689363998956,
    "sc": 0.40493300817725775,
    "ch": 330.48252216353825,
    "db": 0.5422920013732617,
    "bic": -415.58219518651015,
    "xb": 107.9829999038308
}