{
    "dataset": "blobs-P2-K8-N128-dt0.50-S4",
    "algorithm": "kmeans",
    "k": 2,
    "n": 128,
    "d": 2,
    "k_true": 8,
    "rand_score": 0.51685531496063,
    "adjusted_rand_score": 0.14562722595963593,
    "accuracy": 0.25,
    "f1_score": 0.11285487568330099,
    "precision": 0.07603207603207604,
    "recall": 0.25,
    "sigui": 0.3790600614778578,
    "sse": 131.3500155199656,
    "sc": 0.43857599463571256,
    "ch": 119.5728678242675,
    "db": 0.8022490555850372,
    "bic": -369.37192920051007,
    "xb": 25.97758065362394
}