{
    "dataset": "blobs-P10-K16-N1024-dt0.80-S7",
    "algorithm": "kmeans",
    "k": 25,
    "n": 1024,
    "d": 10,
    "k_true": 16,
    "rand_score": 0.9104063569159335,
    "adjusted_rand_score": 0.0836448769122028,
    "accuracy": 0.2353515625,
    "f1_score": 0.17427240059077825,
    "precision": 0.2112081628836848,
    "recall": 0.150625,
    "sigui": 0.473114580917382,
    "sse": 5613.427169885871,
    "sc": 0.07844374897102384,
    "ch": 34.30722234834236,
    "db": 1.9485811748768154,
    "bic": -15674.647826298871,
    "xb": 1218.9162741014281
}