{
    "dataset": "blobs-P2-K32-N1024-dt1.00-S9",
    "algorithm": "kmeans",
    "k": 4,
    "n": 1024,
    "d": 2,
    "k_true": 32,
    "rand_score": 0.778563737170088,
    "adjusted_rand_score": 0.1669482002203079,
    "accuracy": 0.125,
    "f1_score": 0.027899071080160903,
    "precision": 0.0157110199324798,
    "recall": 0.125,
    "sigui": 0.27224007057847077,
    "sse": 375.44949283818073,
    "sc": 0.524349364398009,
    "ch": 1514.6302852514823,
    "db": 0.6629947007598465,
    "bic": -2627.0416948216193,
    "xb": 135.83615135531457
}