{
    "dataset": "blobs-P5-K32-N1024-dt0.80-S7",
    "algorithm": "kmeans",
    "k": 25,
    "n": 1024,
    "d": 5,
    "k_true": 32,
    "rand_score": 0.9483576948924731,
    "adjusted_rand_score": 0.25904900094713085,
    "accuracy": 0.4169921875,
    "f1_score": 0.36678905674124895,
    "precision": 0.34212979965908846,
    "recall": 0.4169921875,
    "sigui": 0.3584294766033602,
    "sse": 1460.6367572538265,
    "sc": 0.16534487858733748,
    "ch": 104.28396671715377,
    "db": 1.374197189246329,
    "bic": -7831.469111237801,
    "xb": 911.1481979062902
}