{
    "dataset": "blobs-P2-K32-N128-dt0.10-S0",
    "algorithm": "kmeans",
    "k": 32,
    "n": 128,
    "d": 2,
    "k_true": 32,
    "rand_score": 1.0,
    "adjusted_rand_score": 1.0,
    "accuracy": 1.0,
    "f1_score": 1.0,
    "precision": 1.0,
    "recall": 1.0,
    "sigui": 0.009712135937787018,
    "sse": 0.0487469823574203,
    "sc": 0.8992393725573151,
    "ch": 16259.944653389512,
    "db": 0.12053113430225568,
    "bic": 51.90182882094717,
    "xb": 80.05026853634344
}