{
    "dataset": "blobs-P5-K8-N64-dt0.40-S3",
    "algorithm": "kmeans",
    "k": 4,
    "n": 64,
    "d": 5,
    "k_true": 8,
    "rand_score": 0.8020833333333334,
    "adjusted_rand_score": 0.37667071688942894,
    "accuracy": 0.484375,
    "f1_score": 0.33707226247987115,
    "precision": 0.27412779106858054,
    "recall": 0.484375,
    "sigui": 0.4165003036514897,
    "sse": 158.44860465567683,
    "sc": 0.2412089968001389,
    "ch": 20.391646325367013,
    "db": 1.322814312335311,
    "bic": -476.79553386957366,
    "xb": 35.85075349182888
}