{
    "dataset": "blobs-P2-K2-N64-dt0.70-S6",
    "algorithm": "kmeans",
    "k": 3,
    "n": 64,
    "d": 2,
    "k_true": 2,
    "rand_score": 0.6413690476190477,
    "adjusted_rand_score": 0.27907123977145026,
    "accuracy": 0.609375,
    "f1_score": 0.46274509803921565,
    "precision": 0.5488721804511277,
    "recall": 0.40625,
    "sigui": 0.39014842698282404,
    "sse": 56.48680355963134,
    "sc": 0.35066940773061994,
    "ch": 38.61348764634324,
    "db": 0.9481183516877955,
    "bic": -216.81603377493605,
    "xb": 16.565210232264103
}