{
    "dataset": "blobs-P5-K16-N64-dt0.20-S1",
    "algorithm": "kmeans",
    "k": 4,
    "n": 64,
    "d": 5,
    "k_true": 16,
    "rand_score": 0.7931547619047619,
    "adjusted_rand_score": 0.24083224967490247,
    "accuracy": 0.25,
    "f1_score": 0.10256578947368422,
    "precision": 0.0650297619047619,
    "recall": 0.25,
    "sigui": 0.45967500049932936,
    "sse": 164.89134817842802,
    "sc": 0.22179308417722482,
    "ch": 18.8134372767369,
    "db": 1.3825420734567642,
    "bic": -485.6401072312003,
    "xb": 41.69041499645669
}