{
    "dataset": "blobs-P2-K32-N128-dt0.30-S2",
    "algorithm": "kmeans",
    "k": 2,
    "n": 128,
    "d": 2,
    "k_true": 32,
    "rand_score": 0.49606299212598426,
    "adjusted_rand_score": 0.04241281809613572,
    "accuracy": 0.0625,
    "f1_score": 0.007783882783882784,
    "precision": 0.004166666666666667,
    "recall": 0.0625,
    "sigui": 0.43568924030973855,
    "sse": 141.45563225198714,
    "sc": 0.4342929050327904,
    "ch": 102.02909637800494,
    "db": 0.9802461189832928,
    "bic": -386.5717492854151,
    "xb": 33.64263079183139
}