{
    "dataset": "blobs-P10-K4-N64-dt0.60-S5",
    "algorithm": "kmeans",
    "k": 20,
    "n": 64,
    "d": 10,
    "k_true": 4,
    "rand_score": 0.7594246031746031,
    "adjusted_rand_score": 0.091679300811558,
    "accuracy": 0.28125,
    "f1_score": 0.0815734989648033,
    "precision": 0.1514285714285714,
    "recall": 0.05625,
    "sigui": 0.3623298222342332,
    "sse": 207.97293268434288,
    "sc": 0.10929925596007861,
    "ch": 4.810643971418976,
    "db": 1.2019852909102817,
    "bic": -1207.4699184775218,
    "xb": 42.33310999279085
}