{
    "dataset": "blobs-P10-K4-N1024-dt0.80-S7",
    "algorithm": "kmeans",
    "k": 8,
    "n": 1024,
    "d": 10,
    "k_true": 4,
    "rand_score": 0.7308620478983382,
    "adjusted_rand_score": 0.13740463960250415,
    "accuracy": 0.35546875,
    "f1_score": 0.23230362190276338,
    "precision": 0.33548638145835474,
    "recall": 0.177734375,
    "sigui": 0.5172390206688996,
    "sse": 7244.8237403628,
    "sc": 0.07092287189652564,
    "ch": 60.005385299881624,
    "db": 2.423134245514267,
    "bic": -15188.698825951546,
    "xb": 1712.6052290367822
}