{
    "dataset": "blobs-P2-K16-N1024-dt0.90-S8",
    "algorithm": "kmeans",
    "k": 20,
    "n": 1024,
    "d": 2,
    "k_true": 16,
    "rand_score": 0.9556585257820137,
    "adjusted_rand_score": 0.5907638920718034,
    "accuracy": 0.6689453125,
    "f1_score": 0.5688907847233672,
    "precision": 0.630510961739357,
    "recall": 0.53515625,
    "sigui": 0.09892717989579604,
    "sse": 40.822387178904584,
    "sc": 0.39815681827525085,
    "ch": 2598.1697305873317,
    "db": 0.8774170212839509,
    "bic": -2127.7630285098667,
    "xb": 326.6952910739418
}