{
    "dataset": "blobs-P2-K2-N1024-dt0.20-S1",
    "algorithm": "kmeans",
    "k": 32,
    "n": 1024,
    "d": 2,
    "k_true": 2,
    "rand_score": 0.5403989491691105,
    "adjusted_rand_score": 0.07997153578073675,
    "accuracy": 0.138671875,
    "f1_score": 0.015222661582638988,
    "precision": 0.0625,
    "recall": 0.0086669921875,
    "sigui": 0.1362933746648325,
    "sse": 75.97162497580034,
    "sc": 0.3260716645557268,
    "ch": 830.6378601336424,
    "db": 0.8550719715828661,
    "bic": -3220.0863337110864,
    "xb": 426.9274292460084
}