{
    "dataset": "blobs-P10-K8-N128-dt0.10-S0",
    "algorithm": "kmeans",
    "k": 4,
    "n": 128,
    "d": 10,
    "k_true": 8,
    "rand_score": 0.84251968503937,
    "adjusted_rand_score": 0.5207547169811321,
    "accuracy": 0.5,
    "f1_score": 0.35416666666666663,
    "precision": 0.29166666666666663,
    "recall": 0.5,
    "sigui": 0.4468085488894321,
    "sse": 661.3780038082525,
    "sc": 0.3736471080662168,
    "ch": 38.66126334515769,
    "db": 1.3566030928840678,
    "bic": -1669.793382232938,
    "xb": 69.79876276955946
}