{
    "dataset": "blobs-P2-K8-N128-dt0.80-S7",
    "algorithm": "kmeans",
    "k": 8,
    "n": 128,
    "d": 2,
    "k_true": 8,
    "rand_score": 0.8772145669291339,
    "adjusted_rand_score": 0.48290155440414506,
    "accuracy": 0.6171875,
    "f1_score": 0.5945390624897267,
    "precision": 0.6529325765393877,
    "recall": 0.6171875,
    "sigui": 0.1973970066336221,
    "sse": 21.94270334701102,
    "sc": 0.4128705299937164,
    "ch": 182.85854465202374,
    "db": 0.7863741838078677,
    "bic": -354.0837444885979,
    "xb": 41.61921935884762
}