{
    "dataset": "blobs-P5-K4-N128-dt0.10-S0",
    "algorithm": "kmeans",
    "k": 20,
    "n": 128,
    "d": 5,
    "k_true": 4,
    "rand_score": 0.8059793307086615,
    "adjusted_rand_score": 0.28066646792829614,
    "accuracy": 0.3125,
    "f1_score": 0.09497231450719823,
    "precision": 0.2,
    "recall": 0.0625,
    "sigui": 0.11303912328116728,
    "sse": 12.966836181837657,
    "sc": 0.22137626174120312,
    "ch": 274.8695564702641,
    "db": 1.1824736681482582,
    "bic": -329.6128979000243,
    "xb": 107.95895222304632
}