{
    "dataset": "blobs-P5-K32-N64-dt0.70-S6",
    "algorithm": "kmeans",
    "k": 4,
    "n": 64,
    "d": 5,
    "k_true": 32,
    "rand_score": 0.7584325396825397,
    "adjusted_rand_score": 0.07889759524452851,
    "accuracy": 0.125,
    "f1_score": 0.02931235431235431,
    "precision": 0.01673951048951049,
    "recall": 0.125,
    "sigui": 0.47772261421615153,
    "sse": 187.1211425103774,
    "sc": 0.19328806311346436,
    "ch": 14.202441873424693,
    "db": 1.498352190738018,
    "bic": -505.060764909146,
    "xb": 37.73983681681666
}