{
    "dataset": "blobs-P5-K2-N1024-dt1.00-S9",
    "algorithm": "kmeans",
    "k": 20,
    "n": 1024,
    "d": 5,
    "k_true": 2,
    "rand_score": 0.5064225928641252,
    "adjusted_rand_score": 0.011977835880640789,
    "accuracy": 0.091796875,
    "f1_score": 0.0163115169964485,
    "precision": 0.0742929292929293,
    "recall": 0.0091796875,
    "sigui": 0.402694609305353,
    "sse": 1904.4356008891225,
    "sc": 0.13875898627703656,
    "ch": 89.22181058732103,
    "db": 1.4545524415657236,
    "bic": -8197.526845902057,
    "xb": 760.4336242474099
}