{
    "dataset": "blobs-P10-K8-N64-dt0.40-S3",
    "algorithm": "kmeans",
    "k": 32,
    "n": 64,
    "d": 10,
    "k_true": 8,
    "rand_score": 0.8928571428571429,
    "adjusted_rand_score": 0.17836010143702452,
    "accuracy": 0.34375,
    "f1_score": 0.1243371212121212,
    "precision": 0.2421875,
    "recall": 0.0859375,
    "sigui": 0.2489321585831521,
    "sse": 100.88546322920311,
    "sc": 0.10668012913243162,
    "ch": 5.5162092779928065,
    "db": 0.8636338778165811,
    "bic": -1324.0027175024074,
    "xb": 38.75195966323819
}