{
    "dataset": "blobs-P10-K8-N64-dt0.70-S6",
    "algorithm": "kmeans",
    "k": 8,
    "n": 64,
    "d": 10,
    "k_true": 8,
    "rand_score": 0.8025793650793651,
    "adjusted_rand_score": 0.09909456740442656,
    "accuracy": 0.390625,
    "f1_score": 0.3690359477124183,
    "precision": 0.41832264957264964,
    "recall": 0.390625,
    "sigui": 0.4883566178969087,
    "sse": 395.61476016880806,
    "sc": 0.06769021701493666,
    "ch": 4.941883153741042,
    "db": 2.000012961377549,
    "bic": -1064.9095518175675,
    "xb": 91.17115377677166
}