{
    "dataset": "blobs-P10-K16-N128-dt0.30-S2",
    "algorithm": "kmeans",
    "k": 20,
    "n": 128,
    "d": 10,
    "k_true": 16,
    "rand_score": 0.9800688976377953,
    "adjusted_rand_score": 0.7998131823223773,
    "accuracy": 0.8203125,
    "f1_score": 0.6792156244168629,
    "precision": 0.733939393939394,
    "recall": 0.65625,
    "sigui": 0.34803756871627334,
    "sse": 314.30355844008136,
    "sc": 0.22046592928195596,
    "ch": 17.464714384985403,
    "db": 1.363847189556704,
    "bic": -1833.3119116098812,
    "xb": 142.03150158409025
}