{
    "dataset": "blobs-P10-K32-N64-dt0.40-S3",
    "algorithm": "kmeans",
    "k": 10,
    "n": 64,
    "d": 10,
    "k_true": 32,
    "rand_score": 0.8918650793650794,
    "adjusted_rand_score": 0.10317356667101998,
    "accuracy": 0.296875,
    "f1_score": 0.15817689255189255,
    "precision": 0.11981872294372294,
    "recall": 0.296875,
    "sigui": 0.4586330180469546,
    "sse": 336.7609892502812,
    "sc": 0.0868458582109682,
    "ch": 5.402745931317199,
    "db": 1.6741915862035222,
    "bic": -1075.5071244965054,
    "xb": 77.47498138334032
}