{
    "dataset": "blobs-P10-K32-N64-dt0.80-S7",
    "algorithm": "kmeans",
    "k": 20,
    "n": 64,
    "d": 10,
    "k_true": 32,
    "rand_score": 0.9449404761904762,
    "adjusted_rand_score": 0.07585568917668825,
    "accuracy": 0.40625,
    "f1_score": 0.33236607142857144,
    "precision": 0.31875,
    "recall": 0.40625,
    "sigui": 0.3824682164992447,
    "sse": 226.26016964938668,
    "sc": 0.07868223573939262,
    "ch": 4.234657586682484,
    "db": 1.3272516590405492,
    "bic": -1237.7296801438063,
    "xb": 47.83335342960507
}