{
    "dataset": "blobs-P10-K8-N128-dt0.20-S1",
    "algorithm": "kmeans",
    "k": 25,
    "n": 128,
    "d": 10,
    "k_true": 8,
    "rand_score": 0.9274114173228346,
    "adjusted_rand_score": 0.52577149945571,
    "accuracy": 0.5078125,
    "f1_score": 0.2113469602860907,
    "precision": 0.32,
    "recall": 0.1625,
    "sigui": 0.3052948652336627,
    "sse": 243.56029232611948,
    "sc": 0.12065612071996143,
    "ch": 18.262639213283318,
    "db": 1.5243468731714327,
    "bic": -1826.7621728717907,
    "xb": 163.63301647616152
}