{
    "dataset": "blobs-P10-K8-N1024-dt0.70-S6",
    "algorithm": "kmeans",
    "k": 20,
    "n": 1024,
    "d": 10,
    "k_true": 8,
    "rand_score": 0.8542468536168133,
    "adjusted_rand_score": 0.10064945017778493,
    "accuracy": 0.248046875,
    "f1_score": 0.13684941409849782,
    "precision": 0.22305274240378087,
    "recall": 0.09921875,
    "sigui": 0.48217399060337784,
    "sse": 5960.536452884322,
    "sc": 0.07279804155348878,
    "ch": 37.9388440980184,
    "db": 2.126335833697485,
    "bic": -15575.664701448844,
    "xb": 1355.5896836963154
}