{
    "dataset": "blobs-P5-K16-N128-dt0.80-S7",
    "algorithm": "kmeans",
    "k": 32,
    "n": 128,
    "d": 5,
    "k_true": 16,
    "rand_score": 0.9698572834645669,
    "adjusted_rand_score": 0.6369777508137812,
    "accuracy": 0.671875,
    "f1_score": 0.39203296703296703,
    "precision": 0.48407738095238095,
    "recall": 0.3359375,
    "sigui": 0.1925743485482261,
    "sse": 46.41559023255642,
    "sc": 0.2454462342252401,
    "ch": 39.6030056420814,
    "db": 0.9336556343357554,
    "bic": -972.7941704054629,
    "xb": 98.55693863338965
}