{
    "dataset": "blobs-P5-K2-N128-dt0.70-S6",
    "algorithm": "kmeans",
    "k": 50,
    "n": 128,
    "d": 5,
    "k_true": 2,
    "rand_score": 0.5095964566929134,
    "adjusted_rand_score": 0.011744540623694455,
    "accuracy": 0.0859375,
    "f1_score": 0.006237424547283702,
    "precision": 0.03380952380952381,
    "recall": 0.0034375,
    "sigui": 0.21261158614695022,
    "sse": 67.7842367921078,
    "sc": 0.1590419211459706,
    "ch": 13.437845067708583,
    "db": 0.8129088635401364,
    "bic": -1425.6977030347257,
    "xb": 98.46806278115395
}