{
    "dataset": "blobs-P5-K8-N1024-dt0.40-S3",
    "algorithm": "kmeans",
    "k": 4,
    "n": 1024,
    "d": 5,
    "k_true": 8,
    "rand_score": 0.8245127688172043,
    "adjusted_rand_score": 0.46664409439704096,
    "accuracy": 0.498046875,
    "f1_score": 0.3495160259623095,
    "precision": 0.2852739146115336,
    "recall": 0.498046875,
    "sigui": 0.417755259036318,
    "sse": 2232.663883430819,
    "sc": 0.34063022600698684,
    "ch": 439.7037378293286,
    "db": 1.1729570242260547,
    "bic": -6589.851409669964,
    "xb": 486.7736728361922
}