{
    "dataset": "blobs-P5-K4-N1024-dt0.40-S3",
    "algorithm": "kmeans",
    "k": 32,
    "n": 1024,
    "d": 5,
    "k_true": 4,
    "rand_score": 0.7717325727028348,
    "adjusted_rand_score": 0.14060652664158066,
    "accuracy": 0.162109375,
    "f1_score": 0.0346149668529091,
    "precision": 0.11978996981269363,
    "recall": 0.020263671875,
    "sigui": 0.31886805261891693,
    "sse": 1038.020740670262,
    "sc": 0.1448917293597612,
    "ch": 125.83885001585479,
    "db": 1.549958272324504,
    "bic": -7358.818754678228,
    "xb": 992.6413175072771
}