{
    "dataset": "blobs-P5-K32-N64-dt0.60-S5",
    "algorithm": "kmeans",
    "k": 3,
    "n": 64,
    "d": 5,
    "k_true": 32,
    "rand_score": 0.6775793650793651,
    "adjusted_rand_score": 0.042418856982508656,
    "accuracy": 0.09375,
    "f1_score": 0.016396103896103895,
    "precision": 0.009001068376068375,
    "recall": 0.09375,
    "sigui": 0.4917759366996127,
    "sse": 213.4804821579839,
    "sc": 0.18530088204468076,
    "ch": 15.218465226142879,
    "db": 1.616778678843219,
    "bic": -496.42432995595306,
    "xb": 47.475427810323055
}