{
    "dataset": "blobs-P10-K32-N128-dt0.20-S1",
    "algorithm": "kmeans",
    "k": 10,
    "n": 128,
    "d": 10,
    "k_true": 32,
    "rand_score": 0.9151082677165354,
    "adjusted_rand_score": 0.312576484985409,
    "accuracy": 0.3125,
    "f1_score": 0.15805060271972038,
    "precision": 0.10834610739502043,
    "recall": 0.3125,
    "sigui": 0.4467075551896821,
    "sse": 578.6502677215184,
    "sc": 0.21150751467431603,
    "ch": 15.891246890559847,
    "db": 1.486115096307811,
    "bic": -1864.6984265169203,
    "xb": 86.48650583006899
}