{
    "dataset": "blobs-P5-K2-N64-dt0.20-S1",
    "algorithm": "kmeans",
    "k": 50,
    "n": 64,
    "d": 5,
    "k_true": 2,
    "rand_score": 0.5168650793650794,
    "adjusted_rand_score": 0.018427872156636913,
    "accuracy": 0.109375,
    "f1_score": 0.007873015873015872,
    "precision": 0.04,
    "recall": 0.004375,
    "sigui": 0.060719381021099854,
    "sse": 4.484230717482342,
    "sc": 0.10804697525701237,
    "ch": 20.10319457932816,
    "db": 0.36486972094560954,
    "bic": -758.0751213573851,
    "xb": 26.759130930679774
}