{
    "dataset": "blobs-P2-K16-N1024-dt0.30-S2",
    "algorithm": "kmeans",
    "k": 16,
    "n": 1024,
    "d": 2,
    "k_true": 16,
    "rand_score": 0.9992764082355816,
    "adjusted_rand_score": 0.9937400386092063,
    "accuracy": 0.9970703125,
    "f1_score": 0.9970697759381151,
    "precision": 0.9971445221445221,
    "recall": 0.9970703125,
    "sigui": 0.054448527491563696,
    "sse": 9.774860126372044,
    "sc": 0.7580613779436941,
    "ch": 14012.34673731787,
    "db": 0.3320869891643054,
    "bic": -438.4399583681097,
    "xb": 107.80420816370466
}