{
    "dataset": "blobs-P10-K2-N1024-dt0.80-S7",
    "algorithm": "kmeans",
    "k": 16,
    "n": 1024,
    "d": 10,
    "k_true": 2,
    "rand_score": 0.5102601111925709,
    "adjusted_rand_score": 0.019681275121865804,
    "accuracy": 0.111328125,
    "f1_score": 0.024739583333333336,
    "precision": 0.111328125,
    "recall": 0.013916015625,
    "sigui": 0.4998225111252918,
    "sse": 6434.410826383952,
    "sc": 0.07007821383058818,
    "ch": 39.74498976943911,
    "db": 2.1065874725482354,
    "bic": -15595.006372721697,
    "xb": 1418.2077307215197
}