{
    "dataset": "blobs-P2-K8-N64-dt0.70-S6",
    "algorithm": "kmeans",
    "k": 4,
    "n": 64,
    "d": 2,
    "k_true": 8,
    "rand_score": 0.8323412698412699,
    "adjusted_rand_score": 0.44285714285714284,
    "accuracy": 0.5,
    "f1_score": 0.3365800865800866,
    "precision": 0.25535714285714284,
    "recall": 0.5,
    "sigui": 0.2776289915655109,
    "sse": 22.423383403747877,
    "sc": 0.503296010935963,
    "ch": 94.16653561621385,
    "db": 0.6270190125030808,
    "bic": -183.22348253612626,
    "xb": 11.22579560532843
}