{
    "dataset": "blobs-P10-K2-N1024-dt0.70-S6",
    "algorithm": "kmeans",
    "k": 20,
    "n": 1024,
    "d": 10,
    "k_true": 2,
    "rand_score": 0.5093455981182796,
    "adjusted_rand_score": 0.017828649002910955,
    "accuracy": 0.099609375,
    "f1_score": 0.017752546334947404,
    "precision": 0.08307201700770661,
    "recall": 0.0099609375,
    "sigui": 0.49326202181922807,
    "sse": 6157.240581794136,
    "sc": 0.07093349800507737,
    "ch": 35.038683331441206,
    "db": 2.0395332235642942,
    "bic": -15739.504340786596,
    "xb": 1466.5417755646192
}