{
    "dataset": "blobs-P5-K2-N64-dt0.80-S7",
    "algorithm": "kmeans",
    "k": 4,
    "n": 64,
    "d": 5,
    "k_true": 2,
    "rand_score": 0.5094246031746031,
    "adjusted_rand_score": 0.013208533282653109,
    "accuracy": 0.46875,
    "f1_score": 0.26535087719298245,
    "precision": 0.30583333333333335,
    "recall": 0.234375,
    "sigui": 0.4722278560189767,
    "sse": 207.05622583353627,
    "sc": 0.15380221453323384,
    "ch": 10.909478689838135,
    "db": 1.559011862070036,
    "bic": -510.9488054050295,
    "xb": 55.79493959193041
}