{
    "dataset": "blobs-P2-K16-N1024-dt1.00-S9",
    "algorithm": "kmeans",
    "k": 10,
    "n": 1024,
    "d": 2,
    "k_true": 16,
    "rand_score": 0.9167926747311828,
    "adjusted_rand_score": 0.4560208685884493,
    "accuracy": 0.533203125,
    "f1_score": 0.4166877571925979,
    "precision": 0.3503912326192564,
    "recall": 0.533203125,
    "sigui": 0.18560225824338886,
    "sse": 130.38354551905178,
    "sc": 0.3937126446800102,
    "ch": 1657.3075871052881,
    "db": 0.8683176067768186,
    "bic": -2521.18356758829,
    "xb": 280.35329235550955
}