{
    "dataset": "blobs-P2-K2-N1024-dt0.40-S3",
    "algorithm": "kmeans",
    "k": 4,
    "n": 1024,
    "d": 2,
    "k_true": 2,
    "rand_score": 0.6432883522727273,
    "adjusted_rand_score": 0.2862307023815042,
    "accuracy": 0.451171875,
    "f1_score": 0.29641171507297204,
    "precision": 0.4353231369444759,
    "recall": 0.2255859375,
    "sigui": 0.33501430699712836,
    "sse": 630.4451075359743,
    "sc": 0.3106459813244041,
    "ch": 764.5333380972818,
    "db": 1.1182430715310598,
    "bic": -3155.046041701904,
    "xb": 354.2596237016477
}