{
    "dataset": "blobs-P5-K16-N1024-dt0.40-S3",
    "algorithm": "kmeans",
    "k": 20,
    "n": 1024,
    "d": 5,
    "k_true": 16,
    "rand_score": 0.9875843872189638,
    "adjusted_rand_score": 0.8849553031994234,
    "accuracy": 0.8720703125,
    "f1_score": 0.7365184713909871,
    "precision": 0.7957688241990567,
    "recall": 0.69765625,
    "sigui": 0.1864901886399031,
    "sse": 301.5301227332092,
    "sc": 0.4343506190189226,
    "ch": 844.4200869681293,
    "db": 1.2032973433415823,
    "bic": -3456.7106471167554,
    "xb": 1208.2838532916487
}