{
    "dataset": "blobs-P10-K2-N64-dt1.00-S9",
    "algorithm": "kmeans",
    "k": 20,
    "n": 64,
    "d": 10,
    "k_true": 2,
    "rand_score": 0.5143849206349206,
    "adjusted_rand_score": 0.014508268754493889,
    "accuracy": 0.15625,
    "f1_score": 0.026900584795321637,
    "precision": 0.1,
    "recall": 0.015625,
    "sigui": 0.3775540147671984,
    "sse": 223.71435389976713,
    "sc": 0.10375781757796948,
    "ch": 4.309200104865303,
    "db": 1.2442741279199843,
    "bic": -1234.8333240589743,
    "xb": 47.466339760279645
}