{
    "dataset": "blobs-P10-K4-N1024-dt0.70-S6",
    "algorithm": "kmeans",
    "k": 2,
    "n": 1024,
    "d": 10,
    "k_true": 4,
    "rand_score": 0.5810804618768328,
    "adjusted_rand_score": 0.16382608420443934,
    "accuracy": 0.416015625,
    "f1_score": 0.2775874724736971,
    "precision": 0.20862724651904557,
    "recall": 0.416015625,
    "sigui": 0.5590340912028596,
    "sse": 9251.671386319773,
    "sc": 0.09058319367253777,
    "ch": 109.18518602499319,
    "db": 2.9716255393910083,
    "bic": -14793.769264046203,
    "xb": 2112.822473282644
}