{
    "dataset": "blobs-P2-K32-N1024-dt0.60-S5",
    "algorithm": "kmeans",
    "k": 10,
    "n": 1024,
    "d": 2,
    "k_true": 32,
    "rand_score": 0.9216859879032258,
    "adjusted_rand_score": 0.4067605856018722,
    "accuracy": 0.3125,
    "f1_score": 0.15697835219155418,
    "precision": 0.1073817774898358,
    "recall": 0.3125,
    "sigui": 0.18705159661064139,
    "sse": 135.77472903447983,
    "sc": 0.5503959888147516,
    "ch": 1586.7757477957246,
    "db": 0.6436145863067868,
    "bic": -2542.280884249656,
    "xb": 213.4766618885881
}