{
    "dataset": "blobs-P5-K32-N1024-dt1.00-S9",
    "algorithm": "kmeans",
    "k": 25,
    "n": 1024,
    "d": 5,
    "k_true": 32,
    "rand_score": 0.952095934139785,
    "adjusted_rand_score": 0.31522178711579574,
    "accuracy": 0.4677734375,
    "f1_score": 0.4141699716147116,
    "precision": 0.38264984668395113,
    "recall": 0.4677734375,
    "sigui": 0.34158562996905906,
    "sse": 1249.7655739791633,
    "sc": 0.1755753607759804,
    "ch": 128.9029809568136,
    "db": 1.4136353378014161,
    "bic": -7432.512318402584,
    "xb": 739.4981806539902
}