{
    "dataset": "blobs-P5-K8-N1024-dt0.80-S7",
    "algorithm": "kmeans",
    "k": 4,
    "n": 1024,
    "d": 5,
    "k_true": 8,
    "rand_score": 0.7623506995356794,
    "adjusted_rand_score": 0.24202515654379053,
    "accuracy": 0.4091796875,
    "f1_score": 0.27549593218607304,
    "precision": 0.20827735600923103,
    "recall": 0.4091796875,
    "sigui": 0.48439981627931167,
    "sse": 3121.3844927348555,
    "sc": 0.17452108190794538,
    "ch": 217.70123932241577,
    "db": 1.610667506387324,
    "bic": -7495.469529133363,
    "xb": 702.1516233768505
}