{
    "dataset": "blobs-P2-K32-N64-dt0.90-S8",
    "algorithm": "kmeans",
    "k": 3,
    "n": 64,
    "d": 2,
    "k_true": 32,
    "rand_score": 0.6746031746031746,
    "adjusted_rand_score": 0.0551440329218107,
    "accuracy": 0.09375,
    "f1_score": 0.01666666666666667,
    "precision": 0.0091765873015873,
    "recall": 0.09375,
    "sigui": 0.33500962732890555,
    "sse": 46.017270144986114,
    "sc": 0.4085499178588867,
    "ch": 54.33771392131065,
    "db": 0.7986109407576402,
    "bic": -203.75223992196047,
    "xb": 14.760613173683822
}