{
    "dataset": "blobs-P2-K4-N64-dt0.90-S8",
    "algorithm": "kmeans",
    "k": 8,
    "n": 64,
    "d": 2,
    "k_true": 4,
    "rand_score": 0.7554563492063492,
    "adjusted_rand_score": 0.22813688212927757,
    "accuracy": 0.46875,
    "f1_score": 0.2689732142857143,
    "precision": 0.32135416666666666,
    "recall": 0.234375,
    "sigui": 0.23458871034447668,
    "sse": 17.103493763786535,
    "sc": 0.3950354176306695,
    "ch": 51.87080851095636,
    "db": 0.7576910718765639,
    "bic": -226.17156308344653,
    "xb": 20.59873642077313
}