{
    "dataset": "blobs-P10-K4-N1024-dt1.00-S9",
    "algorithm": "kmeans",
    "k": 16,
    "n": 1024,
    "d": 10,
    "k_true": 4,
    "rand_score": 0.7290960257820137,
    "adjusted_rand_score": 0.03461352179169521,
    "accuracy": 0.1552734375,
    "f1_score": 0.061425274054762266,
    "precision": 0.14956110716645188,
    "recall": 0.038818359375,
    "sigui": 0.4976387707198126,
    "sse": 6358.072646803343,
    "sc": 0.07691790101577706,
    "ch": 41.02902445853162,
    "db": 1.9977894152206375,
    "bic": -15531.98208636184,
    "xb": 1172.7887655617028
}