{
    "dataset": "blobs-P5-K16-N128-dt1.00-S9",
    "algorithm": "kmeans",
    "k": 32,
    "n": 128,
    "d": 5,
    "k_true": 16,
    "rand_score": 0.9240895669291339,
    "adjusted_rand_score": 0.13374310445847198,
    "accuracy": 0.34375,
    "f1_score": 0.19760265775890773,
    "precision": 0.25612694597069596,
    "recall": 0.171875,
    "sigui": 0.2787713011251064,
    "sse": 109.5054093880928,
    "sc": 0.17484988019922987,
    "ch": 15.002199135220117,
    "db": 1.0150977101943912,
    "bic": -1240.7278372904632,
    "xb": 70.36896985070433
}