{
    "dataset": "blobs-P2-K32-N128-dt1.00-S9",
    "algorithm": "kmeans",
    "k": 32,
    "n": 128,
    "d": 2,
    "k_true": 32,
    "rand_score": 0.9752706692913385,
    "adjusted_rand_score": 0.5609617666787059,
    "accuracy": 0.6875,
    "f1_score": 0.6548791486291485,
    "precision": 0.672077922077922,
    "recall": 0.6875,
    "sigui": 0.06737975854901103,
    "sse": 2.2085770557305517,
    "sc": 0.47751613196093057,
    "ch": 355.85569771201256,
    "db": 0.5434129987397812,
    "bic": -416.58798653712876,
    "xb": 75.04547696862058
}