{
    "dataset": "blobs-P5-K4-N64-dt1.00-S9",
    "algorithm": "kmeans",
    "k": 10,
    "n": 64,
    "d": 5,
    "k_true": 4,
    "rand_score": 0.7306547619047619,
    "adjusted_rand_score": 0.08210577155276504,
    "accuracy": 0.328125,
    "f1_score": 0.17067080745341615,
    "precision": 0.2511904761904762,
    "recall": 0.13125,
    "sigui": 0.3781592013222516,
    "sse": 122.69238931652835,
    "sc": 0.16941414664711446,
    "ch": 9.648892410487514,
    "db": 1.2273652958691428,
    "bic": -567.9343899089552,
    "xb": 47.5689940778362
}