{
    "dataset": "blobs-P5-K32-N64-dt0.80-S7",
    "algorithm": "kmeans",
    "k": 8,
    "n": 64,
    "d": 5,
    "k_true": 32,
    "rand_score": 0.8799603174603174,
    "adjusted_rand_score": 0.13532214156079855,
    "accuracy": 0.25,
    "f1_score": 0.10873466810966811,
    "precision": 0.07172237484737484,
    "recall": 0.25,
    "sigui": 0.3951239858289993,
    "sse": 113.29343545297472,
    "sc": 0.21728392235309446,
    "ch": 14.596190059596099,
    "db": 1.2435201093569566,
    "bic": -518.1373421802525,
    "xb": 36.29011151296488
}