{
    "dataset": "blobs-P10-K8-N1024-dt0.90-S8",
    "algorithm": "kmeans",
    "k": 10,
    "n": 1024,
    "d": 10,
    "k_true": 8,
    "rand_score": 0.8140922837243402,
    "adjusted_rand_score": 0.06841328790953216,
    "accuracy": 0.251953125,
    "f1_score": 0.22004126883454847,
    "precision": 0.2426777911474322,
    "recall": 0.2015625,
    "sigui": 0.5160864051713794,
    "sse": 7043.215826213568,
    "sc": 0.07214051543130419,
    "ch": 51.137296627029436,
    "db": 2.257003954305005,
    "bic": -15346.692797825648,
    "xb": 1424.5853853538017
}