{
    "dataset": "blobs-P2-K32-N128-dt0.40-S3",
    "algorithm": "kmeans",
    "k": 2,
    "n": 128,
    "d": 2,
    "k_true": 32,
    "rand_score": 0.5098425196850394,
    "adjusted_rand_score": 0.04476665156320798,
    "accuracy": 0.0625,
    "f1_score": 0.007589285714285714,
    "precision": 0.004048582995951417,
    "recall": 0.0625,
    "sigui": 0.41911019144637784,
    "sse": 145.3273876528973,
    "sc": 0.41669577478298503,
    "ch": 95.95403441119333,
    "db": 0.9808526780446453,
    "bic": -391.80749617386243,
    "xb": 36.4574705434868
}