{
    "dataset": "blobs-P10-K32-N128-dt0.50-S4",
    "algorithm": "kmeans",
    "k": 25,
    "n": 128,
    "d": 10,
    "k_true": 32,
    "rand_score": 0.9570620078740157,
    "adjusted_rand_score": 0.32728762881903867,
    "accuracy": 0.53125,
    "f1_score": 0.4442011113886114,
    "precision": 0.41783234126984126,
    "recall": 0.53125,
    "sigui": 0.3997907024877625,
    "sse": 462.9912764126709,
    "sc": 0.11429619469494062,
    "ch": 7.573207712601431,
    "db": 1.3954314902474263,
    "bic": -2241.559698092544,
    "xb": 96.92277191482047
}