{
    "dataset": "blobs-P5-K2-N1024-dt0.20-S1",
    "algorithm": "kmeans",
    "k": 3,
    "n": 1024,
    "d": 5,
    "k_true": 2,
    "rand_score": 0.8589797928885631,
    "adjusted_rand_score": 0.7178875527675228,
    "accuracy": 0.7470703125,
    "f1_score": 0.5542035175373209,
    "precision": 0.6568627450980392,
    "recall": 0.498046875,
    "sigui": 0.4780242082112525,
    "sse": 3189.636079421909,
    "sc": 0.22267697359405822,
    "ch": 308.953986259686,
    "db": 1.6586868098172343,
    "bic": -7187.486283879217,
    "xb": 971.5224176494579
}