{
    "dataset": "blobs-P5-K32-N128-dt0.60-S5",
    "algorithm": "kmeans",
    "k": 32,
    "n": 128,
    "d": 5,
    "k_true": 32,
    "rand_score": 0.9853592519685039,
    "adjusted_rand_score": 0.7177514240358577,
    "accuracy": 0.8203125,
    "f1_score": 0.803589466089466,
    "precision": 0.8575892857142857,
    "recall": 0.8203125,
    "sigui": 0.19895159419959724,
    "sse": 50.79531127926368,
    "sc": 0.3303438246032198,
    "ch": 35.92130511252448,
    "db": 0.7868439911239469,
    "bic": -1005.8626318845954,
    "xb": 56.036560642722485
}