{
    "dataset": "blobs-P5-K16-N1024-dt0.10-S0",
    "algorithm": "kmeans",
    "k": 10,
    "n": 1024,
    "d": 5,
    "k_true": 16,
    "rand_score": 0.9217986314760508,
    "adjusted_rand_score": 0.5753424657534246,
    "accuracy": 0.625,
    "f1_score": 0.5354166666666667,
    "precision": 0.5052083333333334,
    "recall": 0.625,
    "sigui": 0.20932482419647386,
    "sse": 707.8055825176052,
    "sc": 0.6483457476506458,
    "ch": 702.3217250347868,
    "db": 0.5748984762342899,
    "bic": -4592.040338360167,
    "xb": 191.1309436856037
}