{
    "dataset": "blobs-P2-K4-N64-dt0.10-S0",
    "algorithm": "kmeans",
    "k": 50,
    "n": 64,
    "d": 2,
    "k_true": 4,
    "rand_score": 0.7703373015873016,
    "adjusted_rand_score": 0.05298529268530242,
    "accuracy": 0.15625,
    "f1_score": 0.021333333333333333,
    "precision": 0.08,
    "recall": 0.0125,
    "sigui": 0.003741229720682485,
    "sse": 0.005711114458444508,
    "sc": 0.20105592689582952,
    "ch": 6403.268064496238,
    "db": 0.19176102240857928,
    "bic": -145.07154651328034,
    "xb": 189.99606450048867
}