{
    "dataset": "blobs-P2-K32-N1024-dt0.80-S7",
    "algorithm": "kmeans",
    "k": 20,
    "n": 1024,
    "d": 2,
    "k_true": 32,
    "rand_score": 0.969624419599218,
    "adjusted_rand_score": 0.6360569964564374,
    "accuracy": 0.6240234375,
    "f1_score": 0.5059947812222063,
    "precision": 0.44843591939449823,
    "recall": 0.6240234375,
    "sigui": 0.09056437704627245,
    "sse": 36.34232445973695,
    "sc": 0.5835686487226821,
    "ch": 2924.9704916950604,
    "db": 0.5094642643425842,
    "bic": -1979.2749796210164,
    "xb": 182.42902404869966
}