{
    "dataset": "blobs-P10-K32-N64-dt0.60-S5",
    "algorithm": "kmeans",
    "k": 2,
    "n": 64,
    "d": 10,
    "k_true": 32,
    "rand_score": 0.42063492063492064,
    "adjusted_rand_score": 0.01208313194780087,
    "accuracy": 0.0625,
    "f1_score": 0.008854166666666666,
    "precision": 0.004830917874396135,
    "recall": 0.0625,
    "sigui": 0.5677525566673458,
    "sse": 568.392922422126,
    "sc": 0.10793368335954476,
    "ch": 7.810862230495936,
    "db": 2.4830459303325934,
    "bic": -954.0826058545608,
    "xb": 95.10229659760095
}