{
    "dataset": "blobs-P5-K16-N64-dt0.50-S4",
    "algorithm": "kmeans",
    "k": 16,
    "n": 64,
    "d": 5,
    "k_true": 16,
    "rand_score": 0.9871031746031746,
    "adjusted_rand_score": 0.8670238675109596,
    "accuracy": 0.90625,
    "f1_score": 0.8918650793650794,
    "precision": 0.89375,
    "recall": 0.90625,
    "sigui": 0.13350097558098034,
    "sse": 9.996677309570323,
    "sc": 0.6183764616970152,
    "ch": 99.23403565899571,
    "db": 0.47513747091297576,
    "bic": -279.04210370816503,
    "xb": 27.68835134294652
}