{
    "dataset": "blobs-P5-K32-N1024-dt0.30-S2",
    "algorithm": "kmeans",
    "k": 16,
    "n": 1024,
    "d": 5,
    "k_true": 32,
    "rand_score": 0.9628543499511242,
    "adjusted_rand_score": 0.603415559772296,
    "accuracy": 0.5,
    "f1_score": 0.34895833333333326,
    "precision": 0.28125,
    "recall": 0.5,
    "sigui": 0.23681262701826786,
    "sse": 516.1389177890787,
    "sc": 0.5049683042778503,
    "ch": 599.4112322508541,
    "db": 0.7692094843840109,
    "bic": -4512.884313531787,
    "xb": 302.60060170230815
}