{
    "dataset": "blobs-P5-K8-N1024-dt1.00-S9",
    "algorithm": "kmeans",
    "k": 32,
    "n": 1024,
    "d": 5,
    "k_true": 8,
    "rand_score": 0.8606923570381232,
    "adjusted_rand_score": 0.06189890742282324,
    "accuracy": 0.1513671875,
    "f1_score": 0.05930610632235327,
    "precision": 0.140310980728992,
    "recall": 0.037841796875,
    "sigui": 0.35634533636203863,
    "sse": 1484.2494368959296,
    "sc": 0.14376710208105242,
    "ch": 78.38575857077308,
    "db": 1.4235147829951136,
    "bic": -8275.193350929658,
    "xb": 877.8197100078121
}