{
    "dataset": "blobs-P2-K2-N64-dt0.50-S4",
    "algorithm": "kmeans",
    "k": 2,
    "n": 64,
    "d": 2,
    "k_true": 2,
    "rand_score": 0.7108134920634921,
    "adjusted_rand_score": 0.42149033690875587,
    "accuracy": 0.828125,
    "f1_score": 0.828083028083028,
    "precision": 0.8284457478005866,
    "recall": 0.828125,
    "sigui": 0.42613219990160445,
    "sse": 83.05035724655393,
    "sc": 0.31474303041403656,
    "ch": 33.55648239344925,
    "db": 1.2213818059821058,
    "bic": -210.7775425777218,
    "xb": 25.923880800796365
}