{
    "dataset": "blobs-P10-K2-N128-dt0.50-S4",
    "algorithm": "kmeans",
    "k": 20,
    "n": 128,
    "d": 10,
    "k_true": 2,
    "rand_score": 0.5189468503937008,
    "adjusted_rand_score": 0.031147201941724843,
    "accuracy": 0.140625,
    "f1_score": 0.02357876712328767,
    "precision": 0.078125,
    "recall": 0.0140625,
    "sigui": 0.43779564838738966,
    "sse": 567.317654176048,
    "sc": 0.09128974703929277,
    "ch": 7.14068469795025,
    "db": 1.580433445658787,
    "bic": -2201.272606131516,
    "xb": 158.13597157189793
}