{
    "dataset": "blobs-P2-K16-N64-dt0.40-S3",
    "algorithm": "kmeans",
    "k": 3,
    "n": 64,
    "d": 2,
    "k_true": 16,
    "rand_score": 0.7063492063492064,
    "adjusted_rand_score": 0.176033934252386,
    "accuracy": 0.1875,
    "f1_score": 0.06145833333333334,
    "precision": 0.03705357142857143,
    "recall": 0.1875,
    "sigui": 0.33690026193806455,
    "sse": 35.88616419028286,
    "sc": 0.538005611366762,
    "ch": 78.28844502018727,
    "db": 0.6627323416649996,
    "bic": -187.6150019326087,
    "xb": 10.944000800853848
}