{
    "dataset": "blobs-P5-K4-N128-dt0.50-S4",
    "algorithm": "kmeans",
    "k": 32,
    "n": 128,
    "d": 5,
    "k_true": 4,
    "rand_score": 0.7706692913385826,
    "adjusted_rand_score": 0.12503788466798246,
    "accuracy": 0.21875,
    "f1_score": 0.04383187683091406,
    "precision": 0.11284722222222222,
    "recall": 0.02734375,
    "sigui": 0.24444587053690328,
    "sse": 83.15498498818357,
    "sc": 0.1604813996753345,
    "ch": 20.73746117012347,
    "db": 1.0509772330149891,
    "bic": -1152.4535518909333,
    "xb": 95.72464682289667
}