{
    "dataset": "blobs-P10-K32-N1024-dt0.60-S5",
    "algorithm": "kmeans",
    "k": 25,
    "n": 1024,
    "d": 10,
    "k_true": 32,
    "rand_score": 0.9409728586265884,
    "adjusted_rand_score": 0.13615461924747835,
    "accuracy": 0.302734375,
    "f1_score": 0.2626844326747135,
    "precision": 0.23564248412222338,
    "recall": 0.302734375,
    "sigui": 0.47201798910435844,
    "sse": 5532.307333476696,
    "sc": 0.07710745157007626,
    "ch": 35.4206112263987,
    "db": 2.064641978964037,
    "bic": -15610.560668267632,
    "xb": 1425.4706306139133
}