{
    "dataset": "blobs-P10-K32-N64-dt0.30-S2",
    "algorithm": "kmeans",
    "k": 50,
    "n": 64,
    "d": 10,
    "k_true": 32,
    "rand_score": 0.9885912698412699,
    "adjusted_rand_score": 0.5056294779938587,
    "accuracy": 0.6875,
    "f1_score": 0.4993333333333333,
    "precision": 0.6233333333333333,
    "recall": 0.44,
    "sigui": 0.09455727244985529,
    "sse": 21.46454271542363,
    "sc": 0.14196830148019182,
    "ch": 8.233318487611394,
    "db": 0.38417139452662086,
    "bic": -1447.9738493455918,
    "xb": 11.159718423634768
}