{
    "dataset": "blobs-P5-K32-N1024-dt0.80-S7",
    "algorithm": "kmeans",
    "k": 32,
    "n": 1024,
    "d": 5,
    "k_true": 32,
    "rand_score": 0.9533731977028348,
    "adjusted_rand_score": 0.2399692187561888,
    "accuracy": 0.384765625,
    "f1_score": 0.3823261369813818,
    "precision": 0.3988675021952194,
    "recall": 0.384765625,
    "sigui": 0.3479402825884442,
    "sse": 1337.2890458032223,
    "sc": 0.15797708016542245,
    "ch": 90.51651990583078,
    "db": 1.3955544154774948,
    "bic": -7999.287644008371,
    "xb": 781.8445508671999
}