{
    "dataset": "blobs-P5-K8-N128-dt0.30-S2",
    "algorithm": "kmeans",
    "k": 25,
    "n": 128,
    "d": 5,
    "k_true": 8,
    "rand_score": 0.921875,
    "adjusted_rand_score": 0.47443709472449414,
    "accuracy": 0.4296875,
    "f1_score": 0.1892347909739214,
    "precision": 0.32,
    "recall": 0.1375,
    "sigui": 0.1895176518603486,
    "sse": 40.14493669119654,
    "sc": 0.1965249242780398,
    "ch": 64.12709029375937,
    "db": 1.2903173897388864,
    "bic": -792.7876363715093,
    "xb": 106.6339480188481
}