{
    "dataset": "blobs-P2-K16-N64-dt0.20-S1",
    "algorithm": "kmeans",
    "k": 16,
    "n": 64,
    "d": 2,
    "k_true": 16,
    "rand_score": 0.9905753968253969,
    "adjusted_rand_score": 0.9023733790066063,
    "accuracy": 0.921875,
    "f1_score": 0.9077380952380952,
    "precision": 0.90625,
    "recall": 0.921875,
    "sigui": 0.02832037694465487,
    "sse": 0.2034186873662126,
    "sc": 0.7308117077992349,
    "ch": 2010.380980702138,
    "db": 0.29876922122297206,
    "bic": -45.54959217783829,
    "xb": 55.104869915987216
}