{
    "dataset": "blobs-P10-K16-N128-dt1.00-S9",
    "algorithm": "kmeans",
    "k": 3,
    "n": 128,
    "d": 10,
    "k_true": 16,
    "rand_score": 0.6701525590551181,
    "adjusted_rand_score": 0.0532112795900151,
    "accuracy": 0.1640625,
    "f1_score": 0.052113753302739534,
    "precision": 0.030998029607736382,
    "recall": 0.1640625,
    "sigui": 0.5482691825882442,
    "sse": 1058.2754911023458,
    "sc": 0.09126075108166999,
    "ch": 13.094682738677545,
    "db": 2.4887823645636593,
    "bic": -1915.0698497730107,
    "xb": 200.59911916680932
}