{
    "dataset": "blobs-P2-K16-N1024-dt0.40-S3",
    "algorithm": "kmeans",
    "k": 32,
    "n": 1024,
    "d": 2,
    "k_true": 16,
    "rand_score": 0.9708539528347996,
    "adjusted_rand_score": 0.6855113556385997,
    "accuracy": 0.6337890625,
    "f1_score": 0.3798353010592717,
    "precision": 0.49415636446886446,
    "recall": 0.31689453125,
    "sigui": 0.052295702673871805,
    "sse": 11.485176554802031,
    "sc": 0.43695892116230917,
    "ch": 5674.137793118991,
    "db": 0.9096797633023026,
    "bic": -1398.8810810583036,
    "xb": 260.7774849950285
}