{
    "dataset": "blobs-P5-K8-N1024-dt0.60-S5",
    "algorithm": "kmeans",
    "k": 8,
    "n": 1024,
    "d": 5,
    "k_true": 8,
    "rand_score": 0.9366332172531769,
    "adjusted_rand_score": 0.7088544114880151,
    "accuracy": 0.8486328125,
    "f1_score": 0.8492336914971934,
    "precision": 0.8505847202814243,
    "recall": 0.8486328125,
    "sigui": 0.3444875275175243,
    "sse": 1359.8962412972091,
    "sc": 0.2797099022429539,
    "ch": 401.3190022285265,
    "db": 1.248303318880631,
    "bic": -6165.86514287387,
    "xb": 730.6737362274948
}