{
    "dataset": "blobs-P10-K16-N64-dt0.10-S0",
    "algorithm": "kmeans",
    "k": 20,
    "n": 64,
    "d": 10,
    "k_true": 16,
    "rand_score": 0.9945436507936508,
    "adjusted_rand_score": 0.936381162214266,
    "accuracy": 0.9375,
    "f1_score": 0.7690476190476191,
    "precision": 0.8,
    "recall": 0.75,
    "sigui": 0.11603010005189618,
    "sse": 13.945706523463585,
    "sc": 0.6275302410693624,
    "ch": 103.96102487518075,
    "db": 0.3748539336652471,
    "bic": -347.18806940788556,
    "xb": 55.73644140515216
}