{
    "dataset": "blobs-P10-K8-N64-dt0.20-S1",
    "algorithm": "kmeans",
    "k": 20,
    "n": 64,
    "d": 10,
    "k_true": 8,
    "rand_score": 0.9275793650793651,
    "adjusted_rand_score": 0.5330490405117271,
    "accuracy": 0.5625,
    "f1_score": 0.2704824832030714,
    "precision": 0.38819444444444445,
    "recall": 0.225,
    "sigui": 0.2944760252852996,
    "sse": 121.73747964457577,
    "sc": 0.1378196880145453,
    "ch": 9.85881170489319,
    "db": 1.1684492103095783,
    "bic": -1034.1823455035897,
    "xb": 79.6564640257658
}