{
    "dataset": "blobs-P5-K2-N1024-dt0.80-S7",
    "algorithm": "kmeans",
    "k": 16,
    "n": 1024,
    "d": 5,
    "k_true": 2,
    "rand_score": 0.5157471896383187,
    "adjusted_rand_score": 0.030665961452984256,
    "accuracy": 0.1123046875,
    "f1_score": 0.024765333800242158,
    "precision": 0.10524839743589744,
    "recall": 0.0140380859375,
    "sigui": 0.4112434842910475,
    "sse": 2095.7805236737386,
    "sc": 0.13031173053686318,
    "ch": 96.9698623083313,
    "db": 1.4566176675746365,
    "bic": -8139.457610377146,
    "xb": 722.4778010595672
}