{
    "dataset": "blobs-P5-K32-N64-dt0.20-S1",
    "algorithm": "kmeans",
    "k": 20,
    "n": 64,
    "d": 5,
    "k_true": 32,
    "rand_score": 0.9742063492063492,
    "adjusted_rand_score": 0.5411764705882353,
    "accuracy": 0.625,
    "f1_score": 0.5052083333333333,
    "precision": 0.44791666666666663,
    "recall": 0.625,
    "sigui": 0.1980146417076278,
    "sse": 23.80696191283767,
    "sc": 0.5125909122732989,
    "ch": 28.81177036751258,
    "db": 0.6237040944023501,
    "bic": -485.2989338752644,
    "xb": 19.38719568375899
}