{
    "dataset": "blobs-P10-K4-N1024-dt0.60-S5",
    "algorithm": "kmeans",
    "k": 25,
    "n": 1024,
    "d": 10,
    "k_true": 4,
    "rand_score": 0.7450875946969697,
    "adjusted_rand_score": 0.053992964532832054,
    "accuracy": 0.1376953125,
    "f1_score": 0.037078495785287165,
    "precision": 0.11858117606016766,
    "recall": 0.02203125,
    "sigui": 0.4806313538709051,
    "sse": 5674.803480304323,
    "sc": 0.07297698969910443,
    "ch": 33.485971063467034,
    "db": 2.0247324705083742,
    "bic": -15742.327005297975,
    "xb": 1264.870047677774
}