{
    "dataset": "blobs-P10-K32-N128-dt0.50-S4",
    "algorithm": "kmeans",
    "k": 16,
    "n": 128,
    "d": 10,
    "k_true": 32,
    "rand_score": 0.9276574803149606,
    "adjusted_rand_score": 0.1632003585835948,
    "accuracy": 0.328125,
    "f1_score": 0.21858089826839827,
    "precision": 0.19110186688311687,
    "recall": 0.328125,
    "sigui": 0.4492658768104849,
    "sse": 613.8625140002932,
    "sc": 0.08176747687114988,
    "ch": 8.102509028803096,
    "db": 1.7144850074883946,
    "bic": -2120.2634580019426,
    "xb": 138.69417545090312
}