{
    "dataset": "blobs-P2-K32-N64-dt1.00-S9",
    "algorithm": "kmeans",
    "k": 25,
    "n": 64,
    "d": 2,
    "k_true": 32,
    "rand_score": 0.9806547619047619,
    "adjusted_rand_score": 0.5806451612903226,
    "accuracy": 0.75,
    "f1_score": 0.6770833333333333,
    "precision": 0.6458333333333333,
    "recall": 0.75,
    "sigui": 0.07214545374725229,
    "sse": 1.4155781086355288,
    "sc": 0.5116137634516993,
    "ch": 145.31143447233762,
    "db": 0.4810099628480949,
    "bic": -257.5041437273141,
    "xb": 42.71892952929232
}