{
    "dataset": "blobs-P10-K4-N64-dt0.80-S7",
    "algorithm": "kmeans",
    "k": 50,
    "n": 64,
    "d": 10,
    "k_true": 4,
    "rand_score": 0.7554563492063492,
    "adjusted_rand_score": -0.0062202352026436,
    "accuracy": 0.09375,
    "f1_score": 0.013007911936704506,
    "precision": 0.05833333333333333,
    "recall": 0.0075,
    "sigui": 0.10555210499501783,
    "sse": 35.27112593783751,
    "sc": 0.059434650307782805,
    "ch": 4.898615332212111,
    "db": 0.5374463251695857,
    "bic": -1604.9962330505496,
    "xb": 13.839011225591658
}