{
    "dataset": "blobs-P10-K8-N64-dt0.70-S6",
    "algorithm": "kmeans",
    "k": 20,
    "n": 64,
    "d": 10,
    "k_true": 8,
    "rand_score": 0.8546626984126984,
    "adjusted_rand_score": 0.03653635367190355,
    "accuracy": 0.265625,
    "f1_score": 0.13924825174825176,
    "precision": 0.21166666666666661,
    "recall": 0.10625,
    "sigui": 0.38283785445810964,
    "sse": 220.43955304307642,
    "sc": 0.08405027690194997,
    "ch": 4.407619473113437,
    "db": 1.3253144345830412,
    "bic": -1226.7024731537342,
    "xb": 62.03428192432957
}