{
    "dataset": "blobs-P5-K8-N128-dt0.40-S3",
    "algorithm": "kmeans",
    "k": 10,
    "n": 128,
    "d": 5,
    "k_true": 8,
    "rand_score": 0.9110482283464567,
    "adjusted_rand_score": 0.5543080977968051,
    "accuracy": 0.7109375,
    "f1_score": 0.5950415494239774,
    "precision": 0.6514594474153299,
    "recall": 0.56875,
    "sigui": 0.36129827384825675,
    "sse": 188.49412267648924,
    "sc": 0.23472236806679136,
    "ch": 31.40545519855945,
    "db": 1.2365809508834396,
    "bic": -949.5521560090981,
    "xb": 77.09607332580048
}