{
    "dataset": "blobs-P5-K4-N64-dt0.10-S0",
    "algorithm": "kmeans",
    "k": 10,
    "n": 64,
    "d": 5,
    "k_true": 4,
    "rand_score": 0.8665674603174603,
    "adjusted_rand_score": 0.5444722199822595,
    "accuracy": 0.578125,
    "f1_score": 0.2925128205128205,
    "precision": 0.4,
    "recall": 0.23125,
    "sigui": 0.17812444819571457,
    "sse": 22.823946394267555,
    "sc": 0.44797155772513375,
    "ch": 78.12217444053522,
    "db": 0.7019979282777944,
    "bic": -299.1637653420387,
    "xb": 26.595039048227843
}