{
    "dataset": "blobs-P5-K2-N1024-dt0.30-S2",
    "algorithm": "kmeans",
    "k": 8,
    "n": 1024,
    "d": 5,
    "k_true": 2,
    "rand_score": 0.5978777187194526,
    "adjusted_rand_score": 0.19516484159779152,
    "accuracy": 0.2529296875,
    "f1_score": 0.09971860752279635,
    "precision": 0.23655554366438356,
    "recall": 0.063232421875,
    "sigui": 0.4317948048088672,
    "sse": 2305.5898654403472,
    "sc": 0.16185903325271384,
    "ch": 177.17441173076213,
    "db": 1.4616923541036098,
    "bic": -7516.2870562115295,
    "xb": 628.5090501085326
}