{
    "dataset": "blobs-P10-K16-N1024-dt0.40-S3",
    "algorithm": "kmeans",
    "k": 10,
    "n": 1024,
    "d": 10,
    "k_true": 16,
    "rand_score": 0.9153053977272727,
    "adjusted_rand_score": 0.43393815766081023,
    "accuracy": 0.5478515625,
    "f1_score": 0.42418234044547765,
    "precision": 0.34839161357119725,
    "recall": 0.5478515625,
    "sigui": 0.49155336072135164,
    "sse": 6005.874182324638,
    "sc": 0.11853106060737179,
    "ch": 79.42970958810729,
    "db": 1.982728752467659,
    "bic": -14530.529799352187,
    "xb": 1223.6630126357654
}