{
    "dataset": "blobs-P10-K16-N64-dt0.30-S2",
    "algorithm": "kmeans",
    "k": 20,
    "n": 64,
    "d": 10,
    "k_true": 16,
    "rand_score": 0.9662698412698413,
    "adjusted_rand_score": 0.6244082062072593,
    "accuracy": 0.734375,
    "f1_score": 0.6047366522366522,
    "precision": 0.6944047619047619,
    "recall": 0.5875,
    "sigui": 0.3111877594604518,
    "sse": 139.92268466195242,
    "sc": 0.19096314526471797,
    "ch": 8.27652632370491,
    "db": 1.0215269938753007,
    "bic": -1083.0920729740296,
    "xb": 35.10325943288498
}