{
    "dataset": "blobs-P2-K8-N64-dt0.50-S4",
    "algorithm": "kmeans",
    "k": 8,
    "n": 64,
    "d": 2,
    "k_true": 8,
    "rand_score": 0.9191468253968254,
    "adjusted_rand_score": 0.6223938223938223,
    "accuracy": 0.71875,
    "f1_score": 0.6900343875008197,
    "precision": 0.6919146825396825,
    "recall": 0.71875,
    "sigui": 0.16240533530302792,
    "sse": 9.311197231689253,
    "sc": 0.4029367230393973,
    "ch": 101.97511646676007,
    "db": 0.83623413204669,
    "bic": -192.10699275311467,
    "xb": 26.88022426984472
}