{
    "dataset": "blobs-P2-K8-N64-dt0.60-S5",
    "algorithm": "kmeans",
    "k": 25,
    "n": 64,
    "d": 2,
    "k_true": 8,
    "rand_score": 0.8963293650793651,
    "adjusted_rand_score": 0.27570273392375816,
    "accuracy": 0.421875,
    "f1_score": 0.17355844155844152,
    "precision": 0.2642857142857143,
    "recall": 0.135,
    "sigui": 0.04542296268533287,
    "sse": 0.5603259301712935,
    "sc": 0.42233886657106134,
    "ch": 369.5875190001713,
    "db": 0.44714431391615944,
    "bic": -191.31721673008724,
    "xb": 49.82036262595951
}