{
    "dataset": "blobs-P10-K32-N128-dt0.20-S1",
    "algorithm": "kmeans",
    "k": 16,
    "n": 128,
    "d": 10,
    "k_true": 32,
    "rand_score": 0.9489419291338582,
    "adjusted_rand_score": 0.4346958694882713,
    "accuracy": 0.5,
    "f1_score": 0.3654679674900263,
    "precision": 0.30952784960137897,
    "recall": 0.5,
    "sigui": 0.3834165626606144,
    "sse": 424.15729872334475,
    "sc": 0.25511014737257875,
    "ch": 15.065854551521952,
    "db": 1.2367678809600973,
    "bic": -1882.5183104851699,
    "xb": 71.346004989591
}