{
    "dataset": "blobs-P5-K8-N64-dt0.40-S3",
    "algorithm": "kmeans",
    "k": 3,
    "n": 64,
    "d": 5,
    "k_true": 8,
    "rand_score": 0.7445436507936508,
    "adjusted_rand_score": 0.30374042361424064,
    "accuracy": 0.375,
    "f1_score": 0.20649465477051684,
    "precision": 0.14317460317460318,
    "recall": 0.375,
    "sigui": 0.47357615127576186,
    "sse": 184.5179092965313,
    "sc": 0.2564189458798645,
    "ch": 22.394594552960697,
    "db": 1.3476577809764108,
    "bic": -473.3147974979455,
    "xb": 29.969755903733617
}