{
    "dataset": "blobs-P2-K2-N64-dt0.90-S8",
    "algorithm": "kmeans",
    "k": 4,
    "n": 64,
    "d": 2,
    "k_true": 2,
    "rand_score": 0.6681547619047619,
    "adjusted_rand_score": 0.33278981779037187,
    "accuracy": 0.640625,
    "f1_score": 0.3621794871794872,
    "precision": 0.42321428571428577,
    "recall": 0.3203125,
    "sigui": 0.35824969351522584,
    "sse": 47.31199941399534,
    "sc": 0.3595145245644666,
    "ch": 34.10889481966657,
    "db": 0.7016509307731533,
    "bic": -215.34224462115168,
    "xb": 14.841909999376774
}