{
    "dataset": "blobs-P10-K4-N64-dt0.90-S8",
    "algorithm": "kmeans",
    "k": 8,
    "n": 64,
    "d": 10,
    "k_true": 4,
    "rand_score": 0.6934523809523809,
    "adjusted_rand_score": 0.03322407628128725,
    "accuracy": 0.328125,
    "f1_score": 0.188218031968032,
    "precision": 0.23167892156862746,
    "recall": 0.1640625,
    "sigui": 0.48681026529055166,
    "sse": 394.88518191747073,
    "sc": 0.07702086373595367,
    "ch": 4.96579419652687,
    "db": 1.9013375384973887,
    "bic": -1062.9103941817762,
    "xb": 98.37376152165965
}