{
    "dataset": "blobs-P2-K32-N128-dt0.40-S3",
    "algorithm": "kmeans",
    "k": 16,
    "n": 128,
    "d": 2,
    "k_true": 32,
    "rand_score": 0.9601377952755905,
    "adjusted_rand_score": 0.5207100591715976,
    "accuracy": 0.5,
    "f1_score": 0.353422619047619,
    "precision": 0.290625,
    "recall": 0.5,
    "sigui": 0.11692039267650116,
    "sse": 7.208467156876898,
    "sc": 0.5839844655720487,
    "ch": 257.70297690216364,
    "db": 0.5443633504607489,
    "bic": -370.7612027384468,
    "xb": 33.59104419719716
}