{
    "dataset": "blobs-P10-K8-N1024-dt0.20-S1",
    "algorithm": "kmeans",
    "k": 32,
    "n": 1024,
    "d": 10,
    "k_true": 8,
    "rand_score": 0.9077315493646139,
    "adjusted_rand_score": 0.37910603203551063,
    "accuracy": 0.31640625,
    "f1_score": 0.11944828470459909,
    "precision": 0.24925595238095238,
    "recall": 0.0791015625,
    "sigui": 0.3135216327589321,
    "sse": 1845.749774633046,
    "sc": 0.1060554995610875,
    "ch": 145.53219017195664,
    "db": 2.13050639821738,
    "bic": -10491.942603680733,
    "xb": 1514.2120029137598
}