{
    "dataset": "blobs-P5-K32-N64-dt0.40-S3",
    "algorithm": "kmeans",
    "k": 2,
    "n": 64,
    "d": 5,
    "k_true": 32,
    "rand_score": 0.5158730158730159,
    "adjusted_rand_score": 0.031746031746031744,
    "accuracy": 0.0625,
    "f1_score": 0.007456140350877193,
    "precision": 0.003968253968253968,
    "recall": 0.0625,
    "sigui": 0.5365804016115991,
    "sse": 248.95212583417154,
    "sc": 0.20503621012300147,
    "ch": 17.694037291392874,
    "db": 1.810998665902831,
    "bic": -482.7838687551663,
    "xb": 50.58158231371765
}