{
    "dataset": "blobs-P10-K2-N64-dt0.50-S4",
    "algorithm": "kmeans",
    "k": 4,
    "n": 64,
    "d": 10,
    "k_true": 2,
    "rand_score": 0.5679563492063492,
    "adjusted_rand_score": 0.13000808586875526,
    "accuracy": 0.5,
    "f1_score": 0.3,
    "precision": 0.40934065934065933,
    "recall": 0.25,
    "sigui": 0.5387136139731518,
    "sse": 490.5129022677807,
    "sc": 0.07659262009370585,
    "ch": 6.095134176536354,
    "db": 2.2686139717476594,
    "bic": -998.4698275732712,
    "xb": 91.24829825586497
}