{
    "dataset": "blobs-P5-K8-N64-dt0.80-S7",
    "algorithm": "kmeans",
    "k": 2,
    "n": 64,
    "d": 5,
    "k_true": 8,
    "rand_score": 0.5084325396825397,
    "adjusted_rand_score": 0.06381862076204471,
    "accuracy": 0.25,
    "f1_score": 0.1053324555628703,
    "precision": 0.06786850477200423,
    "recall": 0.25,
    "sigui": 0.5324059993831689,
    "sse": 263.7684981866329,
    "sc": 0.1746323620411214,
    "ch": 13.217473414743962,
    "db": 2.0479124231698442,
    "bic": -489.96924798446327,
    "xb": 61.99334467185891
}