{
    "dataset": "blobs-P5-K16-N64-dt0.50-S4",
    "algorithm": "kmeans",
    "k": 32,
    "n": 64,
    "d": 5,
    "k_true": 16,
    "rand_score": 0.972718253968254,
    "adjusted_rand_score": 0.6029563423856995,
    "accuracy": 0.65625,
    "f1_score": 0.38392857142857145,
    "precision": 0.4895833333333333,
    "recall": 0.328125,
    "sigui": 0.08940211872712067,
    "sse": 5.003883371876413,
    "sc": 0.292476977962096,
    "ch": 64.98098726843678,
    "db": 0.5788144178541773,
    "bic": -433.61175775064766,
    "xb": 66.02775472229044
}