{
    "dataset": "blobs-P10-K2-N64-dt1.00-S9",
    "algorithm": "kmeans",
    "k": 25,
    "n": 64,
    "d": 10,
    "k_true": 2,
    "rand_score": 0.5138888888888888,
    "adjusted_rand_score": 0.013454347895561023,
    "accuracy": 0.125,
    "f1_score": 0.016888888888888887,
    "precision": 0.06,
    "recall": 0.01,
    "sigui": 0.32869344626554226,
    "sse": 180.95853421706792,
    "sc": 0.07329581094813406,
    "ch": 4.122172989102981,
    "db": 1.0800255052236316,
    "bic": -1302.6382780364866,
    "xb": 49.62070752507138
}