{
    "dataset": "blobs-P10-K4-N64-dt0.90-S8",
    "algorithm": "kmeans",
    "k": 2,
    "n": 64,
    "d": 10,
    "k_true": 4,
    "rand_score": 0.5004960317460317,
    "adjusted_rand_score": 0.017834749895499512,
    "accuracy": 0.34375,
    "f1_score": 0.2310421286031042,
    "precision": 0.17692307692307693,
    "recall": 0.34375,
    "sigui": 0.5570765322820086,
    "sse": 570.3755919036896,
    "sc": 0.09835118441322152,
    "ch": 7.568194297311606,
    "db": 2.7182970715456065,
    "bic": -959.9902843470654,
    "xb": 113.39667440042483
}