{
    "dataset": "blobs-P2-K32-N64-dt0.70-S6",
    "algorithm": "kmeans",
    "k": 50,
    "n": 64,
    "d": 2,
    "k_true": 32,
    "rand_score": 0.9861111111111112,
    "adjusted_rand_score": 0.410427807486631,
    "accuracy": 0.65625,
    "f1_score": 0.4786666666666666,
    "precision": 0.6066666666666667,
    "recall": 0.42,
    "sigui": 0.009221420740773109,
    "sse": 0.0577471573293008,
    "sc": 0.27671425950368417,
    "ch": 633.0169496511703,
    "db": 0.1237630514840611,
    "bic": -293.4855809530558,
    "xb": 139.85891404792886
}