{
    "dataset": "blobs-P5-K16-N64-dt0.20-S1",
    "algorithm": "kmeans",
    "k": 32,
    "n": 64,
    "d": 5,
    "k_true": 16,
    "rand_score": 0.9766865079365079,
    "adjusted_rand_score": 0.6735031425736023,
    "accuracy": 0.71875,
    "f1_score": 0.40476190476190477,
    "precision": 0.4895833333333333,
    "recall": 0.359375,
    "sigui": 0.09179739740429471,
    "sse": 6.139156008015374,
    "sc": 0.3641815514644442,
    "ch": 52.77360388358998,
    "db": 0.4518863526142049,
    "bic": -463.55484732904256,
    "xb": 40.56759866224375
}