{
    "dataset": "blobs-P10-K16-N1024-dt0.90-S8",
    "algorithm": "kmeans",
    "k": 8,
    "n": 1024,
    "d": 10,
    "k_true": 16,
    "rand_score": 0.8518641556695992,
    "adjusted_rand_score": 0.13895261487649307,
    "accuracy": 0.2958984375,
    "f1_score": 0.19754150235432993,
    "precision": 0.149031778008048,
    "recall": 0.2958984375,
    "sigui": 0.5185151965161281,
    "sse": 7193.521948788922,
    "sc": 0.07927977310734974,
    "ch": 61.46843392202651,
    "db": 2.2694507427565433,
    "bic": -15148.884467041684,
    "xb": 1491.412539771967
}