{
    "dataset": "blobs-P5-K32-N1024-dt0.60-S5",
    "algorithm": "kmeans",
    "k": 50,
    "n": 1024,
    "d": 5,
    "k_true": 32,
    "rand_score": 0.9734504826490714,
    "adjusted_rand_score": 0.47680917189783767,
    "accuracy": 0.5732421875,
    "f1_score": 0.41626323180594765,
    "precision": 0.4929173311432951,
    "recall": 0.366875,
    "sigui": 0.26953126064902116,
    "sse": 712.5762720176263,
    "sc": 0.19103858950766064,
    "ch": 122.94654405691486,
    "db": 1.4570429336398478,
    "bic": -7192.917025155923,
    "xb": 983.105381147006
}