{
    "dataset": "blobs-P2-K16-N64-dt0.30-S2",
    "algorithm": "kmeans",
    "k": 32,
    "n": 64,
    "d": 2,
    "k_true": 16,
    "rand_score": 0.9712301587301587,
    "adjusted_rand_score": 0.5893459204315576,
    "accuracy": 0.671875,
    "f1_score": 0.3878968253968254,
    "precision": 0.48333333333333334,
    "recall": 0.3359375,
    "sigui": 0.01606270069498341,
    "sse": 0.08089742612506857,
    "sc": 0.48507893865703056,
    "ch": 1632.2586707938522,
    "db": 0.2773802913621165,
    "bic": -135.54232165320718,
    "xb": 111.58414445382162
}