{
    "dataset": "blobs-P2-K16-N128-dt0.50-S4",
    "algorithm": "kmeans",
    "k": 20,
    "n": 128,
    "d": 2,
    "k_true": 16,
    "rand_score": 0.9800688976377953,
    "adjusted_rand_score": 0.8041205704819392,
    "accuracy": 0.8359375,
    "f1_score": 0.6865134865134865,
    "precision": 0.725,
    "recall": 0.66875,
    "sigui": 0.06323053248905727,
    "sse": 1.9616758253497761,
    "sc": 0.5187033888786923,
    "ch": 736.1090439617852,
    "db": 0.5857007974807491,
    "bic": -256.8405415094714,
    "xb": 68.36303468496571
}