{
    "dataset": "blobs-P10-K32-N1024-dt0.70-S6",
    "algorithm": "kmeans",
    "k": 8,
    "n": 1024,
    "d": 10,
    "k_true": 32,
    "rand_score": 0.8675292491446726,
    "adjusted_rand_score": 0.1114839392642372,
    "accuracy": 0.1943359375,
    "f1_score": 0.07880163124916717,
    "precision": 0.04961059709175683,
    "recall": 0.1943359375,
    "sigui": 0.5163636082917136,
    "sse": 7078.69188283099,
    "sc": 0.0800157614854109,
    "ch": 64.82006845752288,
    "db": 2.21750348395803,
    "bic": -15064.696592998996,
    "xb": 1448.933114308333
}