{
    "dataset": "blobs-P10-K32-N64-dt0.40-S3",
    "algorithm": "kmeans",
    "k": 2,
    "n": 64,
    "d": 10,
    "k_true": 32,
    "rand_score": 0.5044642857142857,
    "adjusted_rand_score": 0.017423071518898412,
    "accuracy": 0.0625,
    "f1_score": 0.007515473032714412,
    "precision": 0.004004004004004004,
    "recall": 0.0625,
    "sigui": 0.5581086034415241,
    "sse": 555.7934207411456,
    "sc": 0.1144228701089237,
    "ch": 9.393432378323363,
    "db": 2.4758083043686407,
    "bic": -952.4620389103715,
    "xb": 95.20349860086239
}