{
    "dataset": "blobs-P10-K2-N64-dt0.50-S4",
    "algorithm": "kmeans",
    "k": 20,
    "n": 64,
    "d": 10,
    "k_true": 2,
    "rand_score": 0.5223214285714286,
    "adjusted_rand_score": 0.03126447059574944,
    "accuracy": 0.1875,
    "f1_score": 0.02982456140350877,
    "precision": 0.07666666666666666,
    "recall": 0.01875,
    "sigui": 0.3687280082449179,
    "sse": 242.23507261017784,
    "sc": 0.07954691853459234,
    "ch": 3.8026691260042234,
    "db": 1.2150063063884777,
    "bic": -1249.7877897640865,
    "xb": 48.21875960818488
}