{
    "dataset": "blobs-P10-K16-N64-dt0.70-S6",
    "algorithm": "kmeans",
    "k": 8,
    "n": 64,
    "d": 10,
    "k_true": 16,
    "rand_score": 0.8249007936507936,
    "adjusted_rand_score": 0.01749502982107356,
    "accuracy": 0.25,
    "f1_score": 0.17094155844155845,
    "precision": 0.14103422619047618,
    "recall": 0.25,
    "sigui": 0.48384263074061695,
    "sse": 385.74691596904114,
    "sc": 0.06632034070123839,
    "ch": 5.272951222793225,
    "db": 1.7915271794052825,
    "bic": -1056.828693013695,
    "xb": 62.72124722515238
}