{
    "dataset": "blobs-P10-K4-N64-dt0.80-S7",
    "algorithm": "kmeans",
    "k": 2,
    "n": 64,
    "d": 10,
    "k_true": 4,
    "rand_score": 0.4826388888888889,
    "adjusted_rand_score": -0.017277413961265153,
    "accuracy": 0.28125,
    "f1_score": 0.18536585365853658,
    "precision": 0.14051282051282052,
    "recall": 0.28125,
    "sigui": 0.5636781130873705,
    "sse": 573.6099945822884,
    "sc": 0.09640518880927193,
    "ch": 7.175921575243094,
    "db": 2.8128964398305163,
    "bic": -961.7997680105603,
    "xb": 118.97464853750763
}