{
    "dataset": "blobs-P5-K2-N1024-dt0.90-S8",
    "algorithm": "kmeans",
    "k": 32,
    "n": 1024,
    "d": 5,
    "k_true": 2,
    "rand_score": 0.5061591214565004,
    "adjusted_rand_score": 0.011416341776665158,
    "accuracy": 0.07421875,
    "f1_score": 0.00837533098521183,
    "precision": 0.04443359375,
    "recall": 0.004638671875,
    "sigui": 0.36557108842316577,
    "sse": 1510.3915602268796,
    "sc": 0.1474920641993897,
    "ch": 76.47518240593806,
    "db": 1.386795727759959,
    "bic": -8307.603963120126,
    "xb": 858.2803218093735
}