{
    "dataset": "blobs-P5-K2-N128-dt0.40-S3",
    "algorithm": "kmeans",
    "k": 10,
    "n": 128,
    "d": 5,
    "k_true": 2,
    "rand_score": 0.5525344488188977,
    "adjusted_rand_score": 0.09957873683430771,
    "accuracy": 0.25,
    "f1_score": 0.07795228027786168,
    "precision": 0.18636363636363637,
    "recall": 0.05,
    "sigui": 0.4232321398698426,
    "sse": 270.3593693903337,
    "sc": 0.14876552086989195,
    "ch": 17.925768173055182,
    "db": 1.5359219106748936,
    "bic": -1061.3211632206353,
    "xb": 153.72403640832107
}