{
    "dataset": "blobs-P2-K2-N1024-dt0.90-S8",
    "algorithm": "kmeans",
    "k": 8,
    "n": 1024,
    "d": 2,
    "k_true": 2,
    "rand_score": 0.5250126008064516,
    "adjusted_rand_score": 0.04935631266859385,
    "accuracy": 0.236328125,
    "f1_score": 0.08866101148931602,
    "precision": 0.17827004219409281,
    "recall": 0.05908203125,
    "sigui": 0.26464739720297575,
    "sse": 404.8521754881063,
    "sc": 0.3178938883207681,
    "ch": 589.0821005721203,
    "db": 0.881771762505312,
    "bic": -3387.940220777091,
    "xb": 286.4526014221513
}