{
    "dataset": "blobs-P10-K4-N1024-dt0.50-S4",
    "algorithm": "kmeans",
    "k": 8,
    "n": 1024,
    "d": 10,
    "k_true": 4,
    "rand_score": 0.7608252382697948,
    "adjusted_rand_score": 0.23336230224571702,
    "accuracy": 0.4169921875,
    "f1_score": 0.27294466215201546,
    "precision": 0.39531857970783607,
    "recall": 0.20849609375,
    "sigui": 0.5102216739638114,
    "sse": 7019.74137211527,
    "sc": 0.07766425726793111,
    "ch": 66.58329890140743,
    "db": 2.492557745085814,
    "bic": -15027.406799753386,
    "xb": 1822.2025788484368
}