{
    "dataset": "blobs-P5-K8-N1024-dt0.60-S5",
    "algorithm": "kmeans",
    "k": 50,
    "n": 1024,
    "d": 5,
    "k_true": 8,
    "rand_score": 0.8852677480449658,
    "adjusted_rand_score": 0.18124220663194196,
    "accuracy": 0.189453125,
    "f1_score": 0.04992537105482537,
    "precision": 0.14598921941027204,
    "recall": 0.0303125,
    "sigui": 0.2506441894513551,
    "sse": 629.18841701445,
    "sc": 0.15870342985825595,
    "ch": 141.87536507332925,
    "db": 1.4418950274199318,
    "bic": -6892.150408175365,
    "xb": 855.8841850603299
}