{
    "dataset": "blobs-P5-K2-N128-dt0.10-S0",
    "algorithm": "kmeans",
    "k": 16,
    "n": 128,
    "d": 5,
    "k_true": 2,
    "rand_score": 0.5734498031496063,
    "adjusted_rand_score": 0.14107668508804613,
    "accuracy": 0.2109375,
    "f1_score": 0.043539793539793537,
    "precision": 0.125,
    "recall": 0.0263671875,
    "sigui": 0.23551928758784668,
    "sse": 67.95597448829025,
    "sc": 0.22942839480890254,
    "ch": 62.853370720040196,
    "db": 1.1228375031291724,
    "bic": -764.0368190064978,
    "xb": 124.47462695165139
}