{
    "dataset": "blobs-P5-K4-N128-dt0.20-S1",
    "algorithm": "kmeans",
    "k": 50,
    "n": 128,
    "d": 5,
    "k_true": 4,
    "rand_score": 0.7741141732283464,
    "adjusted_rand_score": 0.1099557978150837,
    "accuracy": 0.1640625,
    "f1_score": 0.022532005689900426,
    "precision": 0.08,
    "recall": 0.013125,
    "sigui": 0.14359613256902484,
    "sse": 27.52318080585615,
    "sc": 0.1845969825701091,
    "ch": 35.42334393756748,
    "db": 0.8074151401385771,
    "bic": -1142.4353046244096,
    "xb": 89.35887235076089
}