{
    "dataset": "blobs-P10-K16-N128-dt0.70-S6",
    "algorithm": "kmeans",
    "k": 10,
    "n": 128,
    "d": 10,
    "k_true": 16,
    "rand_score": 0.8576525590551181,
    "adjusted_rand_score": 0.0960437032069935,
    "accuracy": 0.296875,
    "f1_score": 0.22629345014570984,
    "precision": 0.19351515626186677,
    "recall": 0.296875,
    "sigui": 0.4853608719438228,
    "sse": 761.5710160384632,
    "sc": 0.07927514684489853,
    "ch": 8.925208376886099,
    "db": 1.8348203750473906,
    "bic": -2030.2475308884593,
    "xb": 211.9186393534251
}