{
    "dataset": "blobs-P5-K4-N64-dt0.60-S5",
    "algorithm": "kmeans",
    "k": 25,
    "n": 64,
    "d": 5,
    "k_true": 4,
    "rand_score": 0.7619047619047619,
    "adjusted_rand_score": 0.07658482960791499,
    "accuracy": 0.234375,
    "f1_score": 0.057358851674641144,
    "precision": 0.13,
    "recall": 0.0375,
    "sigui": 0.22658842613953079,
    "sse": 39.64675460985148,
    "sc": 0.16564907524109673,
    "ch": 11.490827641306858,
    "db": 0.86500872031247,
    "bic": -644.9015365807925,
    "xb": 34.77634682350643
}