{
    "dataset": "blobs-P5-K32-N128-dt0.90-S8",
    "algorithm": "kmeans",
    "k": 8,
    "n": 128,
    "d": 5,
    "k_true": 32,
    "rand_score": 0.8786909448818898,
    "adjusted_rand_score": 0.14153892560397072,
    "accuracy": 0.2421875,
    "f1_score": 0.09877748348143085,
    "precision": 0.06311785130718955,
    "recall": 0.2421875,
    "sigui": 0.41415276404309254,
    "sse": 251.48521262042783,
    "sc": 0.21019368511740033,
    "ch": 26.483678418054716,
    "db": 1.2865349759050464,
    "bic": -989.3217902751869,
    "xb": 81.48443616586422
}