{
    "dataset": "blobs-P2-K2-N64-dt0.10-S0",
    "algorithm": "kmeans",
    "k": 32,
    "n": 64,
    "d": 2,
    "k_true": 2,
    "rand_score": 0.533234126984127,
    "adjusted_rand_score": 0.05218475706268886,
    "accuracy": 0.140625,
    "f1_score": 0.01539039039039039,
    "precision": 0.0625,
    "recall": 0.0087890625,
    "sigui": 0.04194477052595827,
    "sse": 0.5636945660855827,
    "sc": 0.3087877146094419,
    "ch": 233.36601399192256,
    "db": 0.44700113273423275,
    "bic": -259.2642285345519,
    "xb": 68.21275770497273
}