{
    "dataset": "blobs-P2-K32-N128-dt0.60-S5",
    "algorithm": "kmeans",
    "k": 50,
    "n": 128,
    "d": 2,
    "k_true": 32,
    "rand_score": 0.9890501968503937,
    "adjusted_rand_score": 0.717375540719626,
    "accuracy": 0.75,
    "f1_score": 0.5311904761904762,
    "precision": 0.6203333333333333,
    "recall": 0.48,
    "sigui": 0.029226625940674114,
    "sse": 0.3755908215921851,
    "sc": 0.5078469986667387,
    "ch": 1083.3926214960386,
    "db": 0.45573627588207943,
    "bic": -394.3230151845289,
    "xb": 147.60808945942293
}