{
    "dataset": "blobs-P2-K2-N64-dt0.40-S3",
    "algorithm": "kmeans",
    "k": 25,
    "n": 64,
    "d": 2,
    "k_true": 2,
    "rand_score": 0.5342261904761905,
    "adjusted_rand_score": 0.054562017548065396,
    "accuracy": 0.15625,
    "f1_score": 0.021520467836257308,
    "precision": 0.08,
    "recall": 0.0125,
    "sigui": 0.1016404995197023,
    "sse": 3.0927666412230175,
    "sc": 0.28354136072937675,
    "ch": 65.62870004564832,
    "db": 0.5432031139299985,
    "bic": -301.9767607448349,
    "xb": 41.951419361861745
}