{
    "dataset": "blobs-P5-K4-N64-dt0.60-S5",
    "algorithm": "kmeans",
    "k": 32,
    "n": 64,
    "d": 5,
    "k_true": 4,
    "rand_score": 0.7619047619047619,
    "adjusted_rand_score": 0.05369883589936162,
    "accuracy": 0.1875,
    "f1_score": 0.03759635832004253,
    "precision": 0.109375,
    "recall": 0.0234375,
    "sigui": 0.17661895512131973,
    "sse": 26.8682581427247,
    "sc": 0.13814957319818982,
    "ch": 11.261898813480263,
    "db": 0.7313190694261531,
    "bic": -700.7755728200173,
    "xb": 31.9294434426701
}