{
    "dataset": "blobs-P2-K16-N1024-dt0.40-S3",
    "algorithm": "kmeans",
    "k": 2,
    "n": 1024,
    "d": 2,
    "k_true": 16,
    "rand_score": 0.5562072336265884,
    "adjusted_rand_score": 0.11469091324984274,
    "accuracy": 0.125,
    "f1_score": 0.02786377708978328,
    "precision": 0.01568627450980392,
    "recall": 0.125,
    "sigui": 0.4125014214568401,
    "sse": 1278.3476311321601,
    "sc": 0.38442970488853345,
    "ch": 615.3174358954067,
    "db": 1.154246357873648,
    "bic": -3151.9574304602997,
    "xb": 364.281798105612
}