{
    "dataset": "blobs-P5-K4-N1024-dt0.60-S5",
    "algorithm": "kmeans",
    "k": 4,
    "n": 1024,
    "d": 5,
    "k_true": 4,
    "rand_score": 0.7028825299364614,
    "adjusted_rand_score": 0.21164804175272736,
    "accuracy": 0.5224609375,
    "f1_score": 0.5191929498240222,
    "precision": 0.5217938160872944,
    "recall": 0.5224609375,
    "sigui": 0.4789939992244542,
    "sse": 3273.488248324157,
    "sc": 0.1491464411967544,
    "ch": 191.78745972012956,
    "db": 1.8767635882842675,
    "bic": -7611.596199243091,
    "xb": 1038.3936583312716
}