{
    "dataset": "blobs-P5-K16-N64-dt0.10-S0",
    "algorithm": "kmeans",
    "k": 8,
    "n": 64,
    "d": 5,
    "k_true": 16,
    "rand_score": 0.8968253968253969,
    "adjusted_rand_score": 0.4394250513347023,
    "accuracy": 0.5,
    "f1_score": 0.37916666666666665,
    "precision": 0.33854166666666663,
    "recall": 0.5,
    "sigui": 0.2789803819940583,
    "sse": 64.85110293817705,
    "sc": 0.5404797608174556,
    "ch": 31.475041811400857,
    "db": 0.6964205865199272,
    "bic": -423.1953110952593,
    "xb": 14.291368435353046
}