{
    "dataset": "blobs-P5-K32-N128-dt0.40-S3",
    "algorithm": "kmeans",
    "k": 20,
    "n": 128,
    "d": 5,
    "k_true": 32,
    "rand_score": 0.9705954724409449,
    "adjusted_rand_score": 0.5944335324220681,
    "accuracy": 0.625,
    "f1_score": 0.51002886002886,
    "precision": 0.4563988095238095,
    "recall": 0.625,
    "sigui": 0.23381750882195754,
    "sse": 68.41035413785052,
    "sc": 0.45155601160425624,
    "ch": 47.493335222264214,
    "db": 0.7624106242826575,
    "bic": -861.0009802220513,
    "xb": 39.95938145928135
}