{
    "dataset": "blobs-P2-K4-N1024-dt0.40-S3",
    "algorithm": "kmeans",
    "k": 20,
    "n": 1024,
    "d": 2,
    "k_true": 4,
    "rand_score": 0.7940321816959922,
    "adjusted_rand_score": 0.25777823348560336,
    "accuracy": 0.2763671875,
    "f1_score": 0.08509754609845106,
    "precision": 0.19291316526610644,
    "recall": 0.0552734375,
    "sigui": 0.14989787304418,
    "sse": 84.39855585381892,
    "sc": 0.3353170115082209,
    "ch": 1229.4865132572106,
    "db": 0.8548444024694077,
    "bic": -2841.6088796599747,
    "xb": 348.87667955311844
}