{
    "dataset": "blobs-P5-K2-N128-dt0.50-S4",
    "algorithm": "kmeans",
    "k": 32,
    "n": 128,
    "d": 5,
    "k_true": 2,
    "rand_score": 0.5237450787401575,
    "adjusted_rand_score": 0.0404496224194433,
    "accuracy": 0.1171875,
    "f1_score": 0.013020833333333332,
    "precision": 0.05859375,
    "recall": 0.00732421875,
    "sigui": 0.2761503980971658,
    "sse": 109.3132274488253,
    "sc": 0.18116134128756334,
    "ch": 15.034018667716328,
    "db": 0.978070780159265,
    "bic": -1242.7749413263105,
    "xb": 67.5311696889863
}