{
    "dataset": "blobs-P10-K16-N64-dt0.80-S7",
    "algorithm": "kmeans",
    "k": 4,
    "n": 64,
    "d": 10,
    "k_true": 16,
    "rand_score": 0.7088293650793651,
    "adjusted_rand_score": 0.02745562130177515,
    "accuracy": 0.1875,
    "f1_score": 0.07746865203761756,
    "precision": 0.05129464285714286,
    "recall": 0.1875,
    "sigui": 0.5250706815020132,
    "sse": 481.7568696453242,
    "sc": 0.0958348833580514,
    "ch": 6.569418739007351,
    "db": 2.163520117371358,
    "bic": -992.7316724028367,
    "xb": 93.6316965825766
}