{
    "dataset": "blobs-P10-K8-N1024-dt0.30-S2",
    "algorithm": "kmeans",
    "k": 2,
    "n": 1024,
    "d": 10,
    "k_true": 8,
    "rand_score": 0.5992714442815249,
    "adjusted_rand_score": 0.2046157549764117,
    "accuracy": 0.2490234375,
    "f1_score": 0.10035678807132811,
    "precision": 0.0629822009968059,
    "recall": 0.2490234375,
    "sigui": 0.5443244124757325,
    "sse": 8138.602582999255,
    "sc": 0.19629675292512727,
    "ch": 263.8816846347733,
    "db": 1.9174379223827056,
    "bic": -14134.285731398159,
    "xb": 925.6876860886742
}