{
    "dataset": "blobs-P5-K16-N64-dt0.10-S0",
    "algorithm": "kmeans",
    "k": 2,
    "n": 64,
    "d": 5,
    "k_true": 16,
    "rand_score": 0.5476190476190477,
    "adjusted_rand_score": 0.09523809523809523,
    "accuracy": 0.125,
    "f1_score": 0.028125,
    "precision": 0.015873015873015872,
    "recall": 0.125,
    "sigui": 0.5218003913490618,
    "sse": 228.6266952801057,
    "sc": 0.2883812831607611,
    "ch": 24.779017540767484,
    "db": 1.5258017712230159,
    "bic": -469.15665428204926,
    "xb": 37.202083862309564
}