{
    "dataset": "blobs-P10-K2-N128-dt0.70-S6",
    "algorithm": "kmeans",
    "k": 2,
    "n": 128,
    "d": 10,
    "k_true": 2,
    "rand_score": 0.5995324803149606,
    "adjusted_rand_score": 0.19914099233402496,
    "accuracy": 0.7265625,
    "f1_score": 0.7252039501932159,
    "precision": 0.7311332503113326,
    "recall": 0.7265625,
    "sigui": 0.5637286203928629,
    "sse": 1142.17462379525,
    "sc": 0.10169197191578355,
    "ch": 15.204327814685886,
    "db": 2.8016308886461454,
    "bic": -1884.232929809291,
    "xb": 234.28357944902925
}