{
    "dataset": "blobs-P2-K8-N1024-dt0.80-S7",
    "algorithm": "kmeans",
    "k": 50,
    "n": 1024,
    "d": 2,
    "k_true": 8,
    "rand_score": 0.8734974492913001,
    "adjusted_rand_score": 0.10767403319521052,
    "accuracy": 0.146484375,
    "f1_score": 0.03829741966759701,
    "precision": 0.11020298928125015,
    "recall": 0.0234375,
    "sigui": 0.10544825742338758,
    "sse": 48.26647014463318,
    "sc": 0.3551236207595104,
    "ch": 823.5490423850852,
    "db": 0.7894616305774449,
    "bic": -3484.659823533442,
    "xb": 345.1776441529862
}