{
    "dataset": "blobs-P10-K4-N128-dt0.70-S6",
    "algorithm": "kmeans",
    "k": 10,
    "n": 128,
    "d": 10,
    "k_true": 4,
    "rand_score": 0.7240403543307087,
    "adjusted_rand_score": 0.0764849101808055,
    "accuracy": 0.265625,
    "f1_score": 0.14042559904619842,
    "precision": 0.2107142857142857,
    "recall": 0.10625,
    "sigui": 0.48916439940884976,
    "sse": 773.4322329246844,
    "sc": 0.07778450150019559,
    "ch": 8.5872633654236,
    "db": 2.044460530298906,
    "bic": -2048.5279413914095,
    "xb": 209.7898184587334
}