{
    "dataset": "blobs-P10-K32-N128-dt0.80-S7",
    "algorithm": "kmeans",
    "k": 10,
    "n": 128,
    "d": 10,
    "k_true": 32,
    "rand_score": 0.8852116141732284,
    "adjusted_rand_score": 0.092029946130681,
    "accuracy": 0.21875,
    "f1_score": 0.10360694935869083,
    "precision": 0.07622096041213688,
    "recall": 0.21875,
    "sigui": 0.4908001577420599,
    "sse": 765.0227748643538,
    "sc": 0.08686088841594129,
    "ch": 8.825781192778644,
    "db": 1.9118812877146023,
    "bic": -2038.9467848988377,
    "xb": 139.8023172850824
}