{
    "dataset": "blobs-P10-K8-N1024-dt0.90-S8",
    "algorithm": "kmeans",
    "k": 4,
    "n": 1024,
    "d": 10,
    "k_true": 8,
    "rand_score": 0.724242806085044,
    "adjusted_rand_score": 0.11659927759721087,
    "accuracy": 0.306640625,
    "f1_score": 0.2040214258607186,
    "precision": 0.15304324152688226,
    "recall": 0.306640625,
    "sigui": 0.5463225535895552,
    "sse": 8342.744053309721,
    "sc": 0.07403011195586783,
    "ch": 77.32072538157094,
    "db": 2.6523005284016117,
    "bic": -15051.171889508596,
    "xb": 1862.5763869231039
}