{
    "dataset": "blobs-P5-K2-N128-dt1.00-S9",
    "algorithm": "kmeans",
    "k": 10,
    "n": 128,
    "d": 5,
    "k_true": 2,
    "rand_score": 0.5232529527559056,
    "adjusted_rand_score": 0.04043200789297685,
    "accuracy": 0.1875,
    "f1_score": 0.06092672759339426,
    "precision": 0.16470588235294117,
    "recall": 0.0375,
    "sigui": 0.41576582906033,
    "sse": 269.24736036368324,
    "sc": 0.14551138429081062,
    "ch": 18.053952493512174,
    "db": 1.429714703545035,
    "bic": -1069.0247932178183,
    "xb": 87.80643737251843
}