{
    "dataset": "blobs-P5-K16-N64-dt0.20-S1",
    "algorithm": "kmeans",
    "k": 8,
    "n": 64,
    "d": 5,
    "k_true": 16,
    "rand_score": 0.9112103174603174,
    "adjusted_rand_score": 0.47256910340956926,
    "accuracy": 0.5,
    "f1_score": 0.36346153846153845,
    "precision": 0.3109217171717172,
    "recall": 0.5,
    "sigui": 0.34429388556421814,
    "sse": 87.06082108501782,
    "sc": 0.36169401245734745,
    "ch": 21.404730716932644,
    "db": 0.930801727889048,
    "bic": -474.0721267689393,
    "xb": 31.568660348077117
}