{
    "dataset": "blobs-P10-K16-N1024-dt0.60-S5",
    "algorithm": "kmeans",
    "k": 4,
    "n": 1024,
    "d": 10,
    "k_true": 16,
    "rand_score": 0.7618867607526881,
    "adjusted_rand_score": 0.1693755373181663,
    "accuracy": 0.228515625,
    "f1_score": 0.09353109789776472,
    "precision": 0.059056725613605504,
    "recall": 0.228515625,
    "sigui": 0.5318047349200605,
    "sse": 7805.191769151768,
    "sc": 0.10637740010639549,
    "ch": 106.06207034658969,
    "db": 2.3497002054464358,
    "bic": -14697.42496121062,
    "xb": 1669.7546112956306
}