{
    "dataset": "blobs-P5-K2-N64-dt0.80-S7",
    "algorithm": "kmeans",
    "k": 50,
    "n": 64,
    "d": 5,
    "k_true": 2,
    "rand_score": 0.5104166666666666,
    "adjusted_rand_score": 0.005310895333770576,
    "accuracy": 0.078125,
    "f1_score": 0.005781512605042016,
    "precision": 0.04,
    "recall": 0.003125,
    "sigui": 0.06219205253492616,
    "sse": 5.393128107246762,
    "sc": 0.12674424471334433,
    "ch": 16.667076304540497,
    "db": 0.3823488217789938,
    "bic": -787.9442975183729,
    "xb": 18.977272198912193
}