{
    "dataset": "blobs-P5-K4-N128-dt1.00-S9",
    "algorithm": "kmeans",
    "k": 20,
    "n": 128,
    "d": 5,
    "k_true": 4,
    "rand_score": 0.7399114173228346,
    "adjusted_rand_score": 0.0399774009683256,
    "accuracy": 0.171875,
    "f1_score": 0.05275067750677507,
    "precision": 0.1172008547008547,
    "recall": 0.034375,
    "sigui": 0.34294507666694846,
    "sse": 178.90510640766294,
    "sc": 0.15700766228983615,
    "ch": 14.650003571255027,
    "db": 1.1823754169485645,
    "bic": -1165.939394577505,
    "xb": 75.24547142249051
}