{
    "dataset": "blobs-P5-K4-N128-dt0.50-S4",
    "algorithm": "kmeans",
    "k": 4,
    "n": 128,
    "d": 5,
    "k_true": 4,
    "rand_score": 0.8379675196850394,
    "adjusted_rand_score": 0.5629306763038859,
    "accuracy": 0.7578125,
    "f1_score": 0.7580606492580834,
    "precision": 0.7626902112196229,
    "recall": 0.7578125,
    "sigui": 0.4181690066342083,
    "sse": 266.14431246464096,
    "sc": 0.26724327031558726,
    "ch": 58.06136380808256,
    "db": 1.3538200190646226,
    "bic": -862.3335199812312,
    "xb": 86.56342951192485
}