{
    "dataset": "blobs-P5-K16-N128-dt0.50-S4",
    "algorithm": "kmeans",
    "k": 32,
    "n": 128,
    "d": 5,
    "k_true": 16,
    "rand_score": 0.9499261811023622,
    "adjusted_rand_score": 0.4257096827954003,
    "accuracy": 0.578125,
    "f1_score": 0.3289778236469413,
    "precision": 0.400843253968254,
    "recall": 0.2890625,
    "sigui": 0.22868703813349692,
    "sse": 74.762347773793,
    "sc": 0.21135380097665057,
    "ch": 23.413033789845496,
    "db": 0.9585956176553005,
    "bic": -1116.2168531920556,
    "xb": 140.00214244039074
}