{
    "dataset": "blobs-P5-K32-N128-dt0.20-S1",
    "algorithm": "kmeans",
    "k": 3,
    "n": 128,
    "d": 5,
    "k_true": 32,
    "rand_score": 0.6814714566929134,
    "adjusted_rand_score": 0.08460122887266107,
    "accuracy": 0.09375,
    "f1_score": 0.01657750427773311,
    "precision": 0.009122559830107,
    "recall": 0.09375,
    "sigui": 0.5077173494304374,
    "sse": 421.62202476922386,
    "sc": 0.2187666408828936,
    "ch": 32.37170415704475,
    "db": 1.6047242530906392,
    "bic": -956.5908903462077,
    "xb": 86.56987281433793
}