{
    "dataset": "blobs-P2-K4-N64-dt0.70-S6",
    "algorithm": "kmeans",
    "k": 10,
    "n": 64,
    "d": 2,
    "k_true": 4,
    "rand_score": 0.7648809523809523,
    "adjusted_rand_score": 0.2188039554230105,
    "accuracy": 0.421875,
    "f1_score": 0.20789743589743592,
    "precision": 0.27181818181818185,
    "recall": 0.16875,
    "sigui": 0.20601933090058067,
    "sse": 11.255734107885328,
    "sc": 0.3859972041376069,
    "ch": 62.23188897665672,
    "db": 0.6639381973714125,
    "bic": -224.45376182267586,
    "xb": 25.31063909751498
}