{
    "dataset": "blobs-P2-K32-N64-dt0.50-S4",
    "algorithm": "kmeans",
    "k": 2,
    "n": 64,
    "d": 2,
    "k_true": 32,
    "rand_score": 0.5218253968253969,
    "adjusted_rand_score": 0.03249856623972472,
    "accuracy": 0.0625,
    "f1_score": 0.007378472222222222,
    "precision": 0.00392156862745098,
    "recall": 0.0625,
    "sigui": 0.4316036809156596,
    "sse": 75.0039175616462,
    "sc": 0.3981550878572637,
    "ch": 43.80780655193574,
    "db": 1.055838086813394,
    "bic": -204.16168151471558,
    "xb": 20.476903956710032
}