{
    "dataset": "blobs-P5-K32-N128-dt0.50-S4",
    "algorithm": "kmeans",
    "k": 2,
    "n": 128,
    "d": 5,
    "k_true": 32,
    "rand_score": 0.5232529527559056,
    "adjusted_rand_score": 0.041336722866688096,
    "accuracy": 0.0625,
    "f1_score": 0.007367280606717227,
    "precision": 0.003914851969659897,
    "recall": 0.0625,
    "sigui": 0.5121294669557195,
    "sse": 509.0600980428378,
    "sc": 0.20879127773684808,
    "ch": 32.40958721776321,
    "db": 1.87738808769579,
    "bic": -952.60580892444,
    "xb": 111.53533313243736
}