{
    "dataset": "blobs-P5-K16-N128-dt0.10-S0",
    "algorithm": "kmeans",
    "k": 32,
    "n": 128,
    "d": 5,
    "k_true": 16,
    "rand_score": 0.9773622047244095,
    "adjusted_rand_score": 0.7305599114472835,
    "accuracy": 0.6953125,
    "f1_score": 0.4013632201132201,
    "precision": 0.5,
    "recall": 0.34765625,
    "sigui": 0.0593290166012682,
    "sse": 3.6863756061120796,
    "sc": 0.3377583159498406,
    "ch": 534.5411921018233,
    "db": 0.8639558257256343,
    "bic": -160.64238860771263,
    "xb": 202.83073829063085
}