{
    "dataset": "blobs-P5-K4-N1024-dt0.80-S7",
    "algorithm": "kmeans",
    "k": 3,
    "n": 1024,
    "d": 5,
    "k_true": 4,
    "rand_score": 0.6866809475806451,
    "adjusted_rand_score": 0.24824803202203044,
    "accuracy": 0.568359375,
    "f1_score": 0.48692042295658144,
    "precision": 0.42666404572171035,
    "recall": 0.568359375,
    "sigui": 0.5033922638866198,
    "sse": 3694.559618656339,
    "sc": 0.15542725282066397,
    "ch": 196.9618546690519,
    "db": 1.8308747063253679,
    "bic": -7614.889636739568,
    "xb": 878.0152624100859
}