{
    "dataset": "blobs-P2-K8-N64-dt0.10-S0",
    "algorithm": "kmeans",
    "k": 10,
    "n": 64,
    "d": 2,
    "k_true": 8,
    "rand_score": 0.9861111111111112,
    "adjusted_rand_score": 0.9256198347107438,
    "accuracy": 0.90625,
    "f1_score": 0.7523809523809524,
    "precision": 0.8,
    "recall": 0.725,
    "sigui": 0.031005017353848505,
    "sse": 0.20079228717715877,
    "sc": 0.7480085171973754,
    "ch": 3818.8481094415474,
    "db": 0.44100044588331844,
    "bic": 25.271898118390524,
    "xb": 36.77509876319591
}