{
    "dataset": "blobs-P2-K2-N1024-dt1.00-S9",
    "algorithm": "kmeans",
    "k": 50,
    "n": 1024,
    "d": 2,
    "k_true": 2,
    "rand_score": 0.5046565707478006,
    "adjusted_rand_score": 0.008392510769403502,
    "accuracy": 0.0634765625,
    "f1_score": 0.004696969696969697,
    "precision": 0.03260204081632653,
    "recall": 0.0025390625,
    "sigui": 0.1331465186543325,
    "sse": 66.4299724200936,
    "sc": 0.33384736638174506,
    "ch": 592.9365599407804,
    "db": 0.7779705474982741,
    "bic": -3741.248726644297,
    "xb": 452.5886934610764
}