{
    "dataset": "blobs-P5-K32-N64-dt0.90-S8",
    "algorithm": "kmeans",
    "k": 10,
    "n": 64,
    "d": 5,
    "k_true": 32,
    "rand_score": 0.9092261904761905,
    "adjusted_rand_score": 0.16389875988106462,
    "accuracy": 0.296875,
    "f1_score": 0.14906204906204906,
    "precision": 0.10285218253968254,
    "recall": 0.296875,
    "sigui": 0.3571413119718245,
    "sse": 98.66894149677888,
    "sc": 0.23215569401573705,
    "ch": 13.459010818137532,
    "db": 1.20008518476878,
    "bic": -536.9347677116426,
    "xb": 32.86133937750668
}