{
    "dataset": "blobs-P5-K32-N64-dt0.30-S2",
    "algorithm": "kmeans",
    "k": 32,
    "n": 64,
    "d": 5,
    "k_true": 32,
    "rand_score": 0.9955357142857143,
    "adjusted_rand_score": 0.863406408094435,
    "accuracy": 0.953125,
    "f1_score": 0.95,
    "precision": 0.96875,
    "recall": 0.953125,
    "sigui": 0.11205681374647983,
    "sse": 6.897147787654404,
    "sc": 0.49159450149412504,
    "ch": 46.86037680644088,
    "db": 0.5218641014120026,
    "bic": -490.4999234643662,
    "xb": 22.69658559443577
}