{
    "dataset": "blobs-P2-K16-N64-dt1.00-S9",
    "algorithm": "kmeans",
    "k": 50,
    "n": 64,
    "d": 2,
    "k_true": 16,
    "rand_score": 0.9499007936507936,
    "adjusted_rand_score": 0.12173913043478261,
    "accuracy": 0.34375,
    "f1_score": 0.1514285714285714,
    "precision": 0.29533333333333334,
    "recall": 0.11,
    "sigui": 0.010739988863016556,
    "sse": 0.06444792255654394,
    "sc": 0.223658793956704,
    "ch": 567.1713443858405,
    "db": 0.14213103225195248,
    "bic": -298.5329527229724,
    "xb": 114.90334184356642
}