{
    "dataset": "blobs-P10-K2-N128-dt1.00-S9",
    "algorithm": "kmeans",
    "k": 10,
    "n": 128,
    "d": 10,
    "k_true": 2,
    "rand_score": 0.5034448818897638,
    "adjusted_rand_score": 0.0009238937639120079,
    "accuracy": 0.21875,
    "f1_score": 0.06405090137857901,
    "precision": 0.12380952380952381,
    "recall": 0.04375,
    "sigui": 0.491199512953115,
    "sse": 781.6665813163439,
    "sc": 0.08634540759277626,
    "ch": 8.358685120884106,
    "db": 1.866117800537075,
    "bic": -2047.569610829142,
    "xb": 157.7879373639972
}