{
    "dataset": "blobs-P5-K4-N1024-dt0.50-S4",
    "algorithm": "kmeans",
    "k": 8,
    "n": 1024,
    "d": 5,
    "k_true": 4,
    "rand_score": 0.7839763563049853,
    "adjusted_rand_score": 0.3095528785030734,
    "accuracy": 0.486328125,
    "f1_score": 0.3122446026317825,
    "precision": 0.43703875786369306,
    "recall": 0.2431640625,
    "sigui": 0.4296873747845854,
    "sse": 2390.684729853102,
    "sc": 0.14312199117790192,
    "ch": 165.70173867178676,
    "db": 1.7043449125766985,
    "bic": -7599.715363793772,
    "xb": 815.7036596463686
}