{
    "dataset": "blobs-P5-K8-N128-dt0.40-S3",
    "algorithm": "kmeans",
    "k": 8,
    "n": 128,
    "d": 5,
    "k_true": 8,
    "rand_score": 0.9175688976377953,
    "adjusted_rand_score": 0.6147333152223128,
    "accuracy": 0.796875,
    "f1_score": 0.7934275793650793,
    "precision": 0.8095982142857142,
    "recall": 0.796875,
    "sigui": 0.3726742342140008,
    "sse": 205.18403302607786,
    "sc": 0.2633391178750915,
    "ch": 36.32830437795262,
    "db": 1.2305340068019444,
    "bic": -923.8199658840807,
    "xb": 64.41382903255239
}