{
    "dataset": "blobs-P10-K4-N128-dt0.30-S2",
    "algorithm": "kmeans",
    "k": 2,
    "n": 128,
    "d": 10,
    "k_true": 4,
    "rand_score": 0.6082677165354331,
    "adjusted_rand_score": 0.2937395641937445,
    "accuracy": 0.4921875,
    "f1_score": 0.36183261183261184,
    "precision": 0.3130475594493116,
    "recall": 0.4921875,
    "sigui": 0.5397826624041049,
    "sse": 1036.2750629549141,
    "sc": 0.18744783131817883,
    "ch": 29.634354010327947,
    "db": 1.6759579020599902,
    "bic": -1808.6009329630274,
    "xb": 101.94093925284228
}