{
    "dataset": "blobs-P5-K4-N128-dt0.30-S2",
    "algorithm": "kmeans",
    "k": 8,
    "n": 128,
    "d": 5,
    "k_true": 4,
    "rand_score": 0.8607283464566929,
    "adjusted_rand_score": 0.5532199218094462,
    "accuracy": 0.6015625,
    "f1_score": 0.3679222782230301,
    "precision": 0.4805555555555555,
    "recall": 0.30078125,
    "sigui": 0.32748801908898867,
    "sse": 166.281723586422,
    "sc": 0.21165613813986472,
    "ch": 48.838107780966034,
    "db": 1.4724376346833277,
    "bic": -852.631038862294,
    "xb": 129.0668797503609
}