{
    "dataset": "blobs-P5-K2-N128-dt0.30-S2",
    "algorithm": "kmeans",
    "k": 8,
    "n": 128,
    "d": 5,
    "k_true": 2,
    "rand_score": 0.6150344488188977,
    "adjusted_rand_score": 0.2256233375230189,
    "accuracy": 0.3046875,
    "f1_score": 0.11371100164203612,
    "precision": 0.225,
    "recall": 0.076171875,
    "sigui": 0.39955572307182174,
    "sse": 247.42696451352444,
    "sc": 0.13700909918267046,
    "ch": 27.199232220765417,
    "db": 1.5816443464835193,
    "bic": -975.0024934401137,
    "xb": 98.30052357492065
}