{
    "dataset": "blobs-P5-K8-N1024-dt0.50-S4",
    "algorithm": "kmeans",
    "k": 10,
    "n": 1024,
    "d": 5,
    "k_true": 8,
    "rand_score": 0.8705553519061584,
    "adjusted_rand_score": 0.3569006437391233,
    "accuracy": 0.5771484375,
    "f1_score": 0.4985756377256303,
    "precision": 0.5481763108881752,
    "recall": 0.46171875,
    "sigui": 0.40799727894654647,
    "sse": 2063.744045870113,
    "sc": 0.16558292103919264,
    "ch": 166.85120013842985,
    "db": 1.5874423633177326,
    "bic": -7486.312777709656,
    "xb": 917.4971481855127
}