{
    "dataset": "blobs-P2-K32-N64-dt0.20-S1",
    "algorithm": "kmeans",
    "k": 50,
    "n": 64,
    "d": 2,
    "k_true": 32,
    "rand_score": 0.9910714285714286,
    "adjusted_rand_score": 0.6048780487804878,
    "accuracy": 0.71875,
    "f1_score": 0.52,
    "precision": 0.64,
    "recall": 0.46,
    "sigui": 0.0024563400770829594,
    "sse": 0.0027521511586378273,
    "sc": 0.4100826511336698,
    "ch": 13288.020945995819,
    "db": 0.03575075532561447,
    "bic": -99.7358353806141,
    "xb": 191.36556341030172
}