{
    "dataset": "blobs-P10-K16-N64-dt1.00-S9",
    "algorithm": "kmeans",
    "k": 20,
    "n": 64,
    "d": 10,
    "k_true": 16,
    "rand_score": 0.9067460317460317,
    "adjusted_rand_score": -0.008171603677221655,
    "accuracy": 0.3125,
    "f1_score": 0.26809523809523805,
    "precision": 0.3466666666666667,
    "recall": 0.25,
    "sigui": 0.36296505036547827,
    "sse": 217.10619610694624,
    "sc": 0.09169655253099732,
    "ch": 4.510847857420846,
    "db": 1.1753215832371586,
    "bic": -1221.4887675676432,
    "xb": 49.23135633437664
}