{
    "dataset": "blobs-P10-K2-N128-dt0.70-S6",
    "algorithm": "kmeans",
    "k": 10,
    "n": 128,
    "d": 10,
    "k_true": 2,
    "rand_score": 0.5180856299212598,
    "adjusted_rand_score": 0.030201715173574083,
    "accuracy": 0.2265625,
    "f1_score": 0.06856984478935699,
    "precision": 0.14305555555555555,
    "recall": 0.0453125,
    "sigui": 0.4912303337723437,
    "sse": 777.9516288230343,
    "sc": 0.08790731359746531,
    "ch": 8.461209841043852,
    "db": 1.8787505034210894,
    "bic": -2051.6897390195336,
    "xb": 147.81762182597348
}