{
    "dataset": "blobs-P2-K8-N128-dt1.00-S9",
    "algorithm": "kmeans",
    "k": 2,
    "n": 128,
    "d": 2,
    "k_true": 8,
    "rand_score": 0.5872293307086615,
    "adjusted_rand_score": 0.17087470835595459,
    "accuracy": 0.25,
    "f1_score": 0.1001408230323893,
    "precision": 0.06263763151455835,
    "recall": 0.25,
    "sigui": 0.4335665318330456,
    "sse": 156.82242719388074,
    "sc": 0.35554923514639913,
    "ch": 79.68486648992915,
    "db": 1.1475621082541458,
    "bic": -403.67420307612565,
    "xb": 44.34915315164844
}