{
    "dataset": "blobs-P10-K4-N128-dt1.00-S9",
    "algorithm": "kmeans",
    "k": 4,
    "n": 128,
    "d": 10,
    "k_true": 4,
    "rand_score": 0.6384104330708661,
    "adjusted_rand_score": 0.03707210356454596,
    "accuracy": 0.375,
    "f1_score": 0.36809836785403793,
    "precision": 0.3706921030607365,
    "recall": 0.375,
    "sigui": 0.5395854031900733,
    "sse": 1035.8831951284544,
    "sc": 0.07180181720841491,
    "ch": 9.740636121404272,
    "db": 2.5414029587973563,
    "bic": -1961.946157019694,
    "xb": 227.22618004771462
}