{
    "dataset": "blobs-P10-K16-N1024-dt0.10-S0",
    "algorithm": "kmeans",
    "k": 3,
    "n": 1024,
    "d": 10,
    "k_true": 16,
    "rand_score": 0.5993573588709677,
    "adjusted_rand_score": 0.14074232391278058,
    "accuracy": 0.1875,
    "f1_score": 0.09291920771663725,
    "precision": 0.07990715053105409,
    "recall": 0.1875,
    "sigui": 0.5322726322707281,
    "sse": 7891.302460639648,
    "sc": 0.1934900272351544,
    "ch": 151.94070938528847,
    "db": 1.8501684196992556,
    "bic": -14194.612840201013,
    "xb": 1315.7737627933252
}