{
    "dataset": "blobs-P5-K32-N64-dt0.50-S4",
    "algorithm": "kmeans",
    "k": 16,
    "n": 64,
    "d": 5,
    "k_true": 32,
    "rand_score": 0.9424603174603174,
    "adjusted_rand_score": 0.2561074918566775,
    "accuracy": 0.46875,
    "f1_score": 0.341765873015873,
    "precision": 0.3001488095238095,
    "recall": 0.46875,
    "sigui": 0.2741643955094609,
    "sse": 50.88375983796308,
    "sc": 0.2713214062046466,
    "ch": 16.924299054568284,
    "db": 0.9031395809711193,
    "bic": -534.8877916084979,
    "xb": 64.80194422507736
}