{
    "dataset": "blobs-P10-K32-N128-dt0.30-S2",
    "algorithm": "kmeans",
    "k": 2,
    "n": 128,
    "d": 10,
    "k_true": 32,
    "rand_score": 0.5178395669291339,
    "adjusted_rand_score": 0.039507125833437864,
    "accuracy": 0.0625,
    "f1_score": 0.007431693989071038,
    "precision": 0.003953545836422041,
    "recall": 0.0625,
    "sigui": 0.5601804146119538,
    "sse": 1102.9018632465043,
    "sc": 0.13101642329356206,
    "ch": 20.23241230661797,
    "db": 2.415400262979407,
    "bic": -1862.3424830242052,
    "xb": 181.68237598367506
}