{
    "dataset": "blobs-P10-K32-N64-dt0.10-S0",
    "algorithm": "kmeans",
    "k": 20,
    "n": 64,
    "d": 10,
    "k_true": 32,
    "rand_score": 0.9657738095238095,
    "adjusted_rand_score": 0.4434771476123416,
    "accuracy": 0.625,
    "f1_score": 0.5164682539682539,
    "precision": 0.46785714285714286,
    "recall": 0.625,
    "sigui": 0.2866713325815342,
    "sse": 123.51475719793977,
    "sc": 0.38215011938379817,
    "ch": 9.683629031286275,
    "db": 0.890759827128587,
    "bic": -1044.0127144390121,
    "xb": 24.28269488747462
}