{
    "dataset": "blobs-P2-K4-N64-dt0.20-S1",
    "algorithm": "kmeans",
    "k": 50,
    "n": 64,
    "d": 2,
    "k_true": 4,
    "rand_score": 0.7713293650793651,
    "adjusted_rand_score": 0.0590922344251142,
    "accuracy": 0.171875,
    "f1_score": 0.0232046783625731,
    "precision": 0.08,
    "recall": 0.01375,
    "sigui": 0.005548268189263481,
    "sse": 0.02022546309593316,
    "sc": 0.21111492880674237,
    "ch": 1807.901737243253,
    "db": 0.1753832247258102,
    "bic": -224.95485365946982,
    "xb": 187.2381122843693
}