{
    "dataset": "blobs-P10-K16-N128-dt0.90-S8",
    "algorithm": "kmeans",
    "k": 8,
    "n": 128,
    "d": 10,
    "k_true": 16,
    "rand_score": 0.844119094488189,
    "adjusted_rand_score": 0.06838774671290694,
    "accuracy": 0.2265625,
    "f1_score": 0.14757337548852975,
    "precision": 0.11165284341561432,
    "recall": 0.2265625,
    "sigui": 0.5030476213570776,
    "sse": 822.9437588825217,
    "sc": 0.08920389500809453,
    "ch": 9.52100281842797,
    "db": 2.039988157549928,
    "bic": -2010.4583007285082,
    "xb": 151.87239055630246
}