{
    "dataset": "blobs-P10-K4-N128-dt0.10-S0",
    "algorithm": "kmeans",
    "k": 16,
    "n": 128,
    "d": 10,
    "k_true": 4,
    "rand_score": 0.8271407480314961,
    "adjusted_rand_score": 0.383863426829142,
    "accuracy": 0.3828125,
    "f1_score": 0.1373528638584366,
    "precision": 0.25,
    "recall": 0.095703125,
    "sigui": 0.22767396440602605,
    "sse": 109.9105725064443,
    "sc": 0.11624360276097429,
    "ch": 79.48887469194982,
    "db": 1.7588479625288118,
    "bic": -1015.0344701533877,
    "xb": 156.93427138499806
}