{
    "dataset": "blobs-P5-K16-N64-dt0.60-S5",
    "algorithm": "kmeans",
    "k": 3,
    "n": 64,
    "d": 5,
    "k_true": 16,
    "rand_score": 0.6165674603174603,
    "adjusted_rand_score": 0.09791608780216726,
    "accuracy": 0.1875,
    "f1_score": 0.07052845528455284,
    "precision": 0.045109029484029485,
    "recall": 0.1875,
    "sigui": 0.48211324617643825,
    "sse": 206.37316022870328,
    "sc": 0.2070613468297986,
    "ch": 16.792971572388296,
    "db": 1.3387165584870646,
    "bic": -483.31643912913415,
    "xb": 36.75921833212222
}