{
    "dataset": "blobs-P10-K4-N1024-dt0.10-S0",
    "algorithm": "kmeans",
    "k": 20,
    "n": 1024,
    "d": 10,
    "k_true": 4,
    "rand_score": 0.8068105449657869,
    "adjusted_rand_score": 0.30354016460500666,
    "accuracy": 0.2822265625,
    "f1_score": 0.08683143554007829,
    "precision": 0.2,
    "recall": 0.0564453125,
    "sigui": 0.285256404292023,
    "sse": 1494.201167372445,
    "sc": 0.10445349476215282,
    "ch": 309.29330843503095,
    "db": 2.1259061879488206,
    "bic": -8442.654412680495,
    "xb": 1829.6278558096406
}