{
    "dataset": "blobs-P10-K8-N128-dt0.60-S5",
    "algorithm": "kmeans",
    "k": 20,
    "n": 128,
    "d": 10,
    "k_true": 8,
    "rand_score": 0.8560531496062992,
    "adjusted_rand_score": 0.10674137039664314,
    "accuracy": 0.2890625,
    "f1_score": 0.1486106970934557,
    "precision": 0.22848096348096353,
    "recall": 0.115625,
    "sigui": 0.42015356132606085,
    "sse": 557.6261467175826,
    "sc": 0.09512933242944727,
    "ch": 7.363580572635554,
    "db": 1.5246994992944614,
    "bic": -2191.02739008606,
    "xb": 140.94121899377106
}