{
    "dataset": "blobs-P5-K32-N64-dt0.10-S0",
    "algorithm": "kmeans",
    "k": 16,
    "n": 64,
    "d": 5,
    "k_true": 32,
    "rand_score": 0.9543650793650794,
    "adjusted_rand_score": 0.39498956158663884,
    "accuracy": 0.5,
    "f1_score": 0.36354166666666665,
    "precision": 0.30729166666666663,
    "recall": 0.5,
    "sigui": 0.25453529127717534,
    "sse": 45.20639280675067,
    "sc": 0.4436594326739851,
    "ch": 19.451663546291314,
    "db": 0.7757079180880098,
    "bic": -517.4366570817848,
    "xb": 20.142930086653266
}