{
    "dataset": "blobs-P5-K4-N1024-dt0.70-S6",
    "algorithm": "kmeans",
    "k": 2,
    "n": 1024,
    "d": 5,
    "k_true": 4,
    "rand_score": 0.579323985826002,
    "adjusted_rand_score": 0.16562658632795627,
    "accuracy": 0.43359375,
    "f1_score": 0.2912303485987696,
    "precision": 0.22055762659210937,
    "recall": 0.43359375,
    "sigui": 0.5319062113465729,
    "sse": 4212.69049543099,
    "sc": 0.1697520319468565,
    "ch": 220.1200277659836,
    "db": 2.02513415015179,
    "bic": -7507.948250485707,
    "xb": 1025.944708023962
}