{
    "dataset": "blobs-P2-K4-N1024-dt0.60-S5",
    "algorithm": "kmeans",
    "k": 25,
    "n": 1024,
    "d": 2,
    "k_true": 4,
    "rand_score": 0.7723416116813294,
    "adjusted_rand_score": 0.1645365406039357,
    "accuracy": 0.212890625,
    "f1_score": 0.05508951888337395,
    "precision": 0.14452901484480432,
    "recall": 0.0340625,
    "sigui": 0.15441242830923768,
    "sse": 87.54689155183311,
    "sc": 0.3409642598696947,
    "ch": 932.3125519118839,
    "db": 0.8331799693966795,
    "bic": -3137.315299862274,
    "xb": 310.22962809995215
}