{
    "dataset": "blobs-P2-K8-N1024-dt0.50-S4",
    "algorithm": "kmeans",
    "k": 20,
    "n": 1024,
    "d": 2,
    "k_true": 8,
    "rand_score": 0.912017732771261,
    "adjusted_rand_score": 0.4738668761099354,
    "accuracy": 0.4580078125,
    "f1_score": 0.23679108398447654,
    "precision": 0.36227549058203623,
    "recall": 0.183203125,
    "sigui": 0.11968666901942751,
    "sse": 60.90451051187356,
    "sc": 0.34053176395894436,
    "ch": 1724.2282984799865,
    "db": 0.9487485456114213,
    "bic": -2505.27686802601,
    "xb": 345.18421810932455
}