{
    "dataset": "blobs-P10-K2-N1024-dt0.20-S1",
    "algorithm": "kmeans",
    "k": 8,
    "n": 1024,
    "d": 10,
    "k_true": 2,
    "rand_score": 0.6188676075268817,
    "adjusted_rand_score": 0.2371759427960634,
    "accuracy": 0.2734375,
    "f1_score": 0.10726633845691308,
    "precision": 0.24908759124087593,
    "recall": 0.068359375,
    "sigui": 0.4988444174772837,
    "sse": 6440.003319945551,
    "sc": 0.08149378954900754,
    "ch": 85.64318182387798,
    "db": 2.4086201926898347,
    "bic": -14586.446669200323,
    "xb": 1726.2209096290478
}