{
    "dataset": "blobs-P2-K4-N128-dt0.90-S8",
    "algorithm": "kmeans",
    "k": 25,
    "n": 128,
    "d": 2,
    "k_true": 4,
    "rand_score": 0.7514763779527559,
    "adjusted_rand_score": 0.06083658541942758,
    "accuracy": 0.15625,
    "f1_score": 0.04061703368506962,
    "precision": 0.11555555555555555,
    "recall": 0.025,
    "sigui": 0.11672143817604753,
    "sse": 8.487366662961293,
    "sc": 0.33713481686513086,
    "ch": 125.15562956730271,
    "db": 0.71262949066869,
    "bic": -511.78067934914463,
    "xb": 108.6536159491739
}