{
    "dataset": "blobs-P5-K16-N64-dt0.80-S7",
    "algorithm": "kmeans",
    "k": 8,
    "n": 64,
    "d": 5,
    "k_true": 16,
    "rand_score": 0.8918650793650794,
    "adjusted_rand_score": 0.4095950477173072,
    "accuracy": 0.5,
    "f1_score": 0.3758153396311291,
    "precision": 0.3298611111111111,
    "recall": 0.5,
    "sigui": 0.3349919378685212,
    "sse": 79.32539774212468,
    "sc": 0.33509061024906855,
    "ch": 24.272135695079488,
    "db": 0.8930680838147638,
    "bic": -455.9102602422577,
    "xb": 29.045990565976364
}