{
    "dataset": "blobs-P10-K16-N1024-dt0.30-S2",
    "algorithm": "kmeans",
    "k": 50,
    "n": 1024,
    "d": 10,
    "k_true": 16,
    "rand_score": 0.9589194617546432,
    "adjusted_rand_score": 0.5046531487074752,
    "accuracy": 0.4716796875,
    "f1_score": 0.19729250622563743,
    "precision": 0.3070124557837806,
    "recall": 0.1509375,
    "sigui": 0.35420077946567413,
    "sse": 2616.1495512143606,
    "sc": 0.10742242086868518,
    "ch": 57.92615188889146,
    "db": 2.1866910826230144,
    "bic": -13341.639701500779,
    "xb": 2036.9581755791564
}