{
    "dataset": "blobs-P5-K2-N128-dt0.50-S4",
    "algorithm": "kmeans",
    "k": 20,
    "n": 128,
    "d": 5,
    "k_true": 2,
    "rand_score": 0.5248523622047244,
    "adjusted_rand_score": 0.04297756097560976,
    "accuracy": 0.1484375,
    "f1_score": 0.025777777777777778,
    "precision": 0.1,
    "recall": 0.01484375,
    "sigui": 0.3448681904175378,
    "sse": 170.62171051597434,
    "sc": 0.15603056103888932,
    "ch": 15.637195324327767,
    "db": 1.2611689829736206,
    "bic": -1148.959010943038,
    "xb": 105.43140360010354
}