{
    "dataset": "blobs-P5-K32-N1024-dt0.40-S3",
    "algorithm": "kmeans",
    "k": 2,
    "n": 1024,
    "d": 5,
    "k_true": 32,
    "rand_score": 0.5245391159579668,
    "adjusted_rand_score": 0.050335213329076214,
    "accuracy": 0.0625,
    "f1_score": 0.007368503035782615,
    "precision": 0.003915585483272726,
    "recall": 0.0625,
    "sigui": 0.5246644369165048,
    "sse": 4002.30939089386,
    "sc": 0.21039421704432196,
    "ch": 285.50409856953786,
    "db": 1.8182759851826507,
    "bic": -7384.636318431147,
    "xb": 822.1978728742815
}