{
    "dataset": "blobs-P5-K8-N64-dt0.80-S7",
    "algorithm": "kmeans",
    "k": 20,
    "n": 64,
    "d": 5,
    "k_true": 8,
    "rand_score": 0.8685515873015873,
    "adjusted_rand_score": 0.12412780022034521,
    "accuracy": 0.328125,
    "f1_score": 0.17531968031968032,
    "precision": 0.28250000000000003,
    "recall": 0.13125,
    "sigui": 0.27573914372893893,
    "sse": 55.98728352693955,
    "sc": 0.1821776777506683,
    "ch": 10.920298882386383,
    "db": 0.9072890173214475,
    "bic": -617.0041258105649,
    "xb": 39.41013306145133
}