{
    "dataset": "blobs-P2-K32-N64-dt0.80-S7",
    "algorithm": "kmeans",
    "k": 50,
    "n": 64,
    "d": 2,
    "k_true": 32,
    "rand_score": 0.9895833333333334,
    "adjusted_rand_score": 0.548618219037871,
    "accuracy": 0.703125,
    "f1_score": 0.5093333333333333,
    "precision": 0.6333333333333333,
    "recall": 0.45,
    "sigui": 0.010427559418063902,
    "sse": 0.051160007116969414,
    "sc": 0.2989087645244851,
    "ch": 714.558372577168,
    "db": 0.12975048859900834,
    "bic": -286.25740454432747,
    "xb": 123.75408140269391
}