{
    "dataset": "blobs-P5-K16-N64-dt0.80-S7",
    "algorithm": "kmeans",
    "k": 20,
    "n": 64,
    "d": 5,
    "k_true": 16,
    "rand_score": 0.9732142857142857,
    "adjusted_rand_score": 0.686046511627907,
    "accuracy": 0.8125,
    "f1_score": 0.6834523809523809,
    "precision": 0.7458333333333333,
    "recall": 0.65,
    "sigui": 0.18865738286219202,
    "sse": 22.117154218620236,
    "sc": 0.3646560159126541,
    "ch": 31.189996318371346,
    "db": 0.8041573885528754,
    "bic": -473.1521075217902,
    "xb": 48.35142862420484
}