{
    "dataset": "blobs-P5-K32-N128-dt0.30-S2",
    "algorithm": "kmeans",
    "k": 2,
    "n": 128,
    "d": 5,
    "k_true": 32,
    "rand_score": 0.4499261811023622,
    "adjusted_rand_score": 0.03412935611118577,
    "accuracy": 0.0625,
    "f1_score": 0.008502125531382847,
    "precision": 0.004609622587150677,
    "recall": 0.0625,
    "sigui": 0.5461485765869601,
    "sse": 521.8856946321973,
    "sc": 0.2075850672955376,
    "ch": 28.516594015537517,
    "db": 1.9082827731317065,
    "bic": -950.6783815007533,
    "xb": 108.37603360969395
}