{
    "dataset": "blobs-P2-K2-N128-dt1.00-S9",
    "algorithm": "kmeans",
    "k": 10,
    "n": 128,
    "d": 2,
    "k_true": 2,
    "rand_score": 0.5132874015748031,
    "adjusted_rand_score": 0.020532455784647057,
    "accuracy": 0.1953125,
    "f1_score": 0.059318181818181825,
    "precision": 0.12708333333333335,
    "recall": 0.0390625,
    "sigui": 0.22883269660670957,
    "sse": 28.096828283082502,
    "sc": 0.37286569117890844,
    "ch": 106.3487941361088,
    "db": 0.7734463913102672,
    "bic": -438.9260899962925,
    "xb": 35.94281886446671
}