{
    "dataset": "blobs-P10-K4-N128-dt0.70-S6",
    "algorithm": "kmeans",
    "k": 50,
    "n": 128,
    "d": 10,
    "k_true": 4,
    "rand_score": 0.7471702755905512,
    "adjusted_rand_score": 0.014306594705653522,
    "accuracy": 0.1171875,
    "f1_score": 0.01547531619747042,
    "precision": 0.048939393939393935,
    "recall": 0.009375,
    "sigui": 0.3070152141072525,
    "sse": 319.3788497228057,
    "sc": 0.045850046032208346,
    "ch": 4.787893864801325,
    "db": 1.0332707525406681,
    "bic": -2798.709126664735,
    "xb": 92.42181428361307
}