{
    "dataset": "blobs-P10-K2-N64-dt0.20-S1",
    "algorithm": "kmeans",
    "k": 8,
    "n": 64,
    "d": 10,
    "k_true": 2,
    "rand_score": 0.6641865079365079,
    "adjusted_rand_score": 0.3210709794495471,
    "accuracy": 0.40625,
    "f1_score": 0.14285714285714285,
    "precision": 0.25,
    "recall": 0.1015625,
    "sigui": 0.4377892264495107,
    "sse": 295.0764400837323,
    "sc": 0.10587814795895102,
    "ch": 9.351436117865342,
    "db": 1.7580993525785773,
    "bic": -965.7708172651251,
    "xb": 77.10843875225842
}