{
    "dataset": "blobs-P5-K4-N128-dt0.50-S4",
    "algorithm": "kmeans",
    "k": 50,
    "n": 128,
    "d": 5,
    "k_true": 4,
    "rand_score": 0.766486220472441,
    "adjusted_rand_score": 0.08217707175167918,
    "accuracy": 0.1796875,
    "f1_score": 0.024163839953313636,
    "precision": 0.07666666666666667,
    "recall": 0.014375,
    "sigui": 0.18304192460173274,
    "sse": 50.72848810412263,
    "sc": 0.1452090919743633,
    "ch": 18.491070292083595,
    "db": 0.8475800152645172,
    "bic": -1335.4569591787772,
    "xb": 85.34300117397852
}