{
    "dataset": "blobs-P5-K32-N128-dt0.20-S1",
    "algorithm": "kmeans",
    "k": 20,
    "n": 128,
    "d": 5,
    "k_true": 32,
    "rand_score": 0.9621062992125984,
    "adjusted_rand_score": 0.5338672005338672,
    "accuracy": 0.625,
    "f1_score": 0.5239583333333333,
    "precision": 0.48020833333333335,
    "recall": 0.625,
    "sigui": 0.21101420799170695,
    "sse": 62.13987345145905,
    "sc": 0.5108882078684915,
    "ch": 52.85943520035064,
    "db": 0.7067552343231303,
    "bic": -822.9950913393606,
    "xb": 73.41700759515459
}