{
    "dataset": "blobs-P10-K8-N1024-dt0.50-S4",
    "algorithm": "kmeans",
    "k": 8,
    "n": 1024,
    "d": 10,
    "k_true": 8,
    "rand_score": 0.8620803549608993,
    "adjusted_rand_score": 0.370270476555221,
    "accuracy": 0.6103515625,
    "f1_score": 0.6026970313925741,
    "precision": 0.5996021334417891,
    "recall": 0.6103515625,
    "sigui": 0.5045938926601264,
    "sse": 6732.933990601339,
    "sc": 0.09371951396494807,
    "ch": 75.60234238198102,
    "db": 2.2173655829803716,
    "bic": -14809.278524031124,
    "xb": 1365.880825260951
}