{
    "dataset": "blobs-P5-K2-N64-dt0.40-S3",
    "algorithm": "kmeans",
    "k": 32,
    "n": 64,
    "d": 5,
    "k_true": 2,
    "rand_score": 0.5223214285714286,
    "adjusted_rand_score": 0.030118459546304734,
    "accuracy": 0.125,
    "f1_score": 0.013888888888888888,
    "precision": 0.0625,
    "recall": 0.0078125,
    "sigui": 0.1770100905513335,
    "sse": 28.757006829443572,
    "sc": 0.15973264529635417,
    "ch": 10.454423515534558,
    "db": 0.636305044443678,
    "bic": -709.0740765428155,
    "xb": 24.527698108051826
}