{
    "dataset": "blobs-P5-K2-N128-dt0.80-S7",
    "algorithm": "kmeans",
    "k": 3,
    "n": 128,
    "d": 5,
    "k_true": 2,
    "rand_score": 0.5264517716535433,
    "adjusted_rand_score": 0.050749868435616956,
    "accuracy": 0.484375,
    "f1_score": 0.3645595742369936,
    "precision": 0.4357142857142857,
    "recall": 0.3229166666666667,
    "sigui": 0.49745278002438253,
    "sse": 470.6244067775434,
    "sc": 0.14855624940284431,
    "ch": 22.4934670279592,
    "db": 1.865695386451866,
    "bic": -989.0849822557986,
    "xb": 115.52130626747957
}