{
    "dataset": "blobs-P5-K4-N1024-dt0.50-S4",
    "algorithm": "kmeans",
    "k": 3,
    "n": 1024,
    "d": 5,
    "k_true": 4,
    "rand_score": 0.7618504857038123,
    "adjusted_rand_score": 0.43288700733484226,
    "accuracy": 0.642578125,
    "f1_score": 0.5576785657009173,
    "precision": 0.4967372287554265,
    "recall": 0.642578125,
    "sigui": 0.4959871943579998,
    "sse": 3388.8030725122285,
    "sc": 0.19587086262362213,
    "ch": 260.79297397099435,
    "db": 1.610882025787496,
    "bic": -7384.425103708246,
    "xb": 712.0671563563271
}