{
    "dataset": "blobs-P2-K4-N64-dt0.30-S2",
    "algorithm": "kmeans",
    "k": 4,
    "n": 64,
    "d": 2,
    "k_true": 4,
    "rand_score": 0.9558531746031746,
    "adjusted_rand_score": 0.8784073905406284,
    "accuracy": 0.953125,
    "f1_score": 0.9526056940371457,
    "precision": 0.9530024509803922,
    "recall": 0.953125,
    "sigui": 0.25625851064527383,
    "sse": 17.837924799861135,
    "sc": 0.5355646990028581,
    "ch": 123.51445186157135,
    "db": 0.7219938080670569,
    "bic": -169.24317261068035,
    "xb": 16.187462169946997
}