{
    "dataset": "blobs-P2-K4-N1024-dt0.50-S4",
    "algorithm": "kmeans",
    "k": 32,
    "n": 1024,
    "d": 2,
    "k_true": 4,
    "rand_score": 0.7719769519794721,
    "adjusted_rand_score": 0.14379800331076562,
    "accuracy": 0.1767578125,
    "f1_score": 0.037517935982339955,
    "precision": 0.12428977272727273,
    "recall": 0.0220947265625,
    "sigui": 0.11113795276093535,
    "sse": 54.33590215130444,
    "sc": 0.337570994231463,
    "ch": 1174.1270247709806,
    "db": 0.8292627237355812,
    "bic": -3004.3688815010487,
    "xb": 302.5864475399733
}