{
    "dataset": "blobs-P2-K2-N64-dt0.10-S0",
    "algorithm": "kmeans",
    "k": 25,
    "n": 64,
    "d": 2,
    "k_true": 2,
    "rand_score": 0.5481150793650794,
    "adjusted_rand_score": 0.08284193873148281,
    "accuracy": 0.1875,
    "f1_score": 0.02516978516978517,
    "precision": 0.08,
    "recall": 0.015,
    "sigui": 0.060509474747937886,
    "sse": 1.0781540209065144,
    "sc": 0.33615070490476806,
    "ch": 191.29734315938757,
    "db": 0.5322349861212771,
    "bic": -233.33651745027245,
    "xb": 69.309490424205
}