{
    "dataset": "blobs-P10-K2-N64-dt0.40-S3",
    "algorithm": "kmeans",
    "k": 25,
    "n": 64,
    "d": 10,
    "k_true": 2,
    "rand_score": 0.5208333333333334,
    "adjusted_rand_score": 0.02757893391282117,
    "accuracy": 0.15625,
    "f1_score": 0.021621621621621623,
    "precision": 0.08,
    "recall": 0.0125,
    "sigui": 0.32340183400103384,
    "sse": 174.164354824367,
    "sc": 0.0758885636099954,
    "ch": 4.346371128430785,
    "db": 1.0346471478615797,
    "bic": -1289.4310892094707,
    "xb": 35.763238400893016
}