{
    "dataset": "blobs-P10-K2-N1024-dt0.60-S5",
    "algorithm": "kmeans",
    "k": 32,
    "n": 1024,
    "d": 10,
    "k_true": 2,
    "rand_score": 0.5087270130742912,
    "adjusted_rand_score": 0.01655441553802181,
    "accuracy": 0.0771484375,
    "f1_score": 0.008872091408717217,
    "precision": 0.05561360182370821,
    "recall": 0.00482177734375,
    "sigui": 0.4701910714680341,
    "sse": 5365.919836071582,
    "sc": 0.07614632510717778,
    "ch": 29.066883220509734,
    "db": 1.9272292292488382,
    "bic": -15962.323962889697,
    "xb": 1218.802110478216
}