{
    "dataset": "blobs-P10-K32-N1024-dt0.10-S0",
    "algorithm": "kmeans",
    "k": 16,
    "n": 1024,
    "d": 10,
    "k_true": 32,
    "rand_score": 0.9647501985581622,
    "adjusted_rand_score": 0.6158970999956501,
    "accuracy": 0.5,
    "f1_score": 0.34365825486376056,
    "precision": 0.27070259784075573,
    "recall": 0.5,
    "sigui": 0.3656678713450935,
    "sse": 2722.1192209047445,
    "sc": 0.41118130030798017,
    "ch": 185.59127920462225,
    "db": 1.0892034819285945,
    "bic": -11163.125626691919,
    "xb": 411.1800585817022
}