{
    "dataset": "blobs-P5-K16-N128-dt0.50-S4",
    "algorithm": "kmeans",
    "k": 25,
    "n": 128,
    "d": 5,
    "k_true": 16,
    "rand_score": 0.952632874015748,
    "adjusted_rand_score": 0.48024406577870377,
    "accuracy": 0.625,
    "f1_score": 0.4440566688213747,
    "precision": 0.5191904761904762,
    "recall": 0.4,
    "sigui": 0.24770292253261755,
    "sse": 92.67926574709007,
    "sc": 0.22124941370962736,
    "ch": 25.344591718914096,
    "db": 1.1548859634905961,
    "bic": -1059.4919139457015,
    "xb": 164.53794316613138
}