{
    "dataset": "blobs-P5-K32-N128-dt0.20-S1",
    "algorithm": "kmeans",
    "k": 10,
    "n": 128,
    "d": 5,
    "k_true": 32,
    "rand_score": 0.9044045275590551,
    "adjusted_rand_score": 0.29484275291376955,
    "accuracy": 0.3125,
    "f1_score": 0.16909600815850817,
    "precision": 0.1251240079365079,
    "recall": 0.3125,
    "sigui": 0.34485626080687637,
    "sse": 158.6530519712088,
    "sc": 0.35015865750017233,
    "ch": 39.7785812512764,
    "db": 1.0701078062361682,
    "bic": -888.575323689967,
    "xb": 62.238884712064
}