{
    "dataset": "blobs-P5-K2-N64-dt1.00-S9",
    "algorithm": "kmeans",
    "k": 10,
    "n": 64,
    "d": 5,
    "k_true": 2,
    "rand_score": 0.5218253968253969,
    "adjusted_rand_score": 0.031171234406406532,
    "accuracy": 0.21875,
    "f1_score": 0.06902439024390243,
    "precision": 0.1638888888888889,
    "recall": 0.04375,
    "sigui": 0.3780016442676472,
    "sse": 127.9148983487411,
    "sc": 0.15904360628874287,
    "ch": 9.00997948468366,
    "db": 1.3085779211513766,
    "bic": -578.9593021032323,
    "xb": 36.53830772311222
}