{
    "dataset": "blobs-P5-K2-N1024-dt0.20-S1",
    "algorithm": "kmeans",
    "k": 2,
    "n": 1024,
    "d": 5,
    "k_true": 2,
    "rand_score": 0.998046875,
    "adjusted_rand_score": 0.9960937462819999,
    "accuracy": 0.9990234375,
    "f1_score": 0.9990234365686765,
    "precision": 0.9990253411306043,
    "recall": 0.9990234375,
    "sigui": 0.4974236225391636,
    "sse": 3563.9739797108523,
    "sc": 0.29256219378548853,
    "ch": 446.20376068641394,
    "db": 1.420970927098235,
    "bic": -7088.9075001274705,
    "xb": 542.7054798232367
}