{
    "dataset": "blobs-P2-K8-N128-dt0.30-S2",
    "algorithm": "kmeans",
    "k": 16,
    "n": 128,
    "d": 2,
    "k_true": 8,
    "rand_score": 0.9521407480314961,
    "adjusted_rand_score": 0.7273369502226981,
    "accuracy": 0.75,
    "f1_score": 0.42372972411348386,
    "precision": 0.49583333333333335,
    "recall": 0.375,
    "sigui": 0.07961807942223167,
    "sse": 3.0936707033433457,
    "sc": 0.4307164770649334,
    "ch": 610.3969813941744,
    "db": 0.7618255098065057,
    "bic": -248.52127765539586,
    "xb": 59.13671587822811
}