{
    "dataset": "blobs-P2-K4-N64-dt0.40-S3",
    "algorithm": "kmeans",
    "k": 10,
    "n": 64,
    "d": 2,
    "k_true": 4,
    "rand_score": 0.7891865079365079,
    "adjusted_rand_score": 0.2841100505334082,
    "accuracy": 0.453125,
    "f1_score": 0.2325185185185185,
    "precision": 0.3275252525252525,
    "recall": 0.18125,
    "sigui": 0.1906629803505515,
    "sse": 11.071685202004364,
    "sc": 0.39090824330094265,
    "ch": 63.3661340606907,
    "db": 0.7142605299582818,
    "bic": -227.56380341248632,
    "xb": 23.480089908697565
}