{
    "dataset": "blobs-P2-K16-N128-dt0.30-S2",
    "algorithm": "kmeans",
    "k": 50,
    "n": 128,
    "d": 2,
    "k_true": 16,
    "rand_score": 0.9612450787401575,
    "adjusted_rand_score": 0.4472691600922945,
    "accuracy": 0.484375,
    "f1_score": 0.20482983682983683,
    "precision": 0.32,
    "recall": 0.155,
    "sigui": 0.018887119377810253,
    "sse": 0.18822620691722863,
    "sc": 0.44910462696984915,
    "ch": 2163.410639572088,
    "db": 0.5206444070700827,
    "bic": -304.33972600014806,
    "xb": 179.36069801088658
}