{
    "dataset": "blobs-P10-K16-N64-dt0.90-S8",
    "algorithm": "kmeans",
    "k": 3,
    "n": 64,
    "d": 10,
    "k_true": 16,
    "rand_score": 0.6135912698412699,
    "adjusted_rand_score": 0.009325985587113183,
    "accuracy": 0.140625,
    "f1_score": 0.04603174603174603,
    "precision": 0.028716690042075735,
    "recall": 0.140625,
    "sigui": 0.5419821435414103,
    "sse": 524.3094218602564,
    "sc": 0.08882251345087695,
    "ch": 6.729924136672571,
    "db": 2.435308717769263,
    "bic": -977.874305061497,
    "xb": 99.92769647279106
}