{
    "dataset": "blobs-P10-K16-N128-dt0.30-S2",
    "algorithm": "kmeans",
    "k": 2,
    "n": 128,
    "d": 10,
    "k_true": 16,
    "rand_score": 0.47982283464566927,
    "adjusted_rand_score": 0.07036703601108034,
    "accuracy": 0.125,
    "f1_score": 0.03125,
    "precision": 0.01818181818181818,
    "recall": 0.125,
    "sigui": 0.5527488152864729,
    "sse": 1105.9697934631658,
    "sc": 0.1308503149652491,
    "ch": 19.82676756024022,
    "db": 2.2296574081880394,
    "bic": -1855.663668306674,
    "xb": 162.89363022280986
}