{
    "dataset": "blobs-P2-K8-N128-dt1.00-S9",
    "algorithm": "kmeans",
    "k": 32,
    "n": 128,
    "d": 2,
    "k_true": 8,
    "rand_score": 0.8880413385826772,
    "adjusted_rand_score": 0.2176520761971812,
    "accuracy": 0.3125,
    "f1_score": 0.11473996255460786,
    "precision": 0.23511904761904762,
    "recall": 0.078125,
    "sigui": 0.09814970093326186,
    "sse": 4.6868418749543705,
    "sc": 0.35953832083985654,
    "ch": 166.0521356053564,
    "db": 0.6338532928868241,
    "bic": -513.3559256352138,
    "xb": 52.559765608717086
}