{
    "dataset": "blobs-P2-K2-N64-dt0.40-S3",
    "algorithm": "kmeans",
    "k": 20,
    "n": 64,
    "d": 2,
    "k_true": 2,
    "rand_score": 0.5545634920634921,
    "adjusted_rand_score": 0.09637745974955278,
    "accuracy": 0.21875,
    "f1_score": 0.035789473684210524,
    "precision": 0.1,
    "recall": 0.021875,
    "sigui": 0.14062913700494137,
    "sse": 5.189686183384792,
    "sc": 0.2565262754918266,
    "ch": 54.80154713533763,
    "db": 0.6548818431192028,
    "bic": -284.47595354752553,
    "xb": 37.498469428202945
}