{
    "dataset": "blobs-P2-K16-N1024-dt0.20-S1",
    "algorithm": "kmeans",
    "k": 3,
    "n": 1024,
    "d": 2,
    "k_true": 16,
    "rand_score": 0.7110234145894428,
    "adjusted_rand_score": 0.21546269092759654,
    "accuracy": 0.1875,
    "f1_score": 0.061318227528835964,
    "precision": 0.03693277948895927,
    "recall": 0.1875,
    "sigui": 0.3089956564363345,
    "sse": 570.9035471596771,
    "sc": 0.5004418048042847,
    "ch": 1320.8145980639356,
    "db": 0.6949531865972425,
    "bic": -2728.2287500271323,
    "xb": 217.03638361463317
}