{
    "dataset": "blobs-P5-K32-N64-dt0.50-S4",
    "algorithm": "kmeans",
    "k": 3,
    "n": 64,
    "d": 5,
    "k_true": 32,
    "rand_score": 0.6701388888888888,
    "adjusted_rand_score": 0.05405405405405406,
    "accuracy": 0.09375,
    "f1_score": 0.016954390451832908,
    "precision": 0.009375,
    "recall": 0.09375,
    "sigui": 0.496611706996971,
    "sse": 211.62634793929442,
    "sc": 0.2145577919414613,
    "ch": 15.61902107198713,
    "db": 1.6218923093620077,
    "bic": -493.82301454457246,
    "xb": 47.18192255077713
}