{
    "dataset": "blobs-P2-K8-N128-dt0.20-S1",
    "algorithm": "kmeans",
    "k": 20,
    "n": 128,
    "d": 2,
    "k_true": 8,
    "rand_score": 0.9296259842519685,
    "adjusted_rand_score": 0.5447115746195693,
    "accuracy": 0.4921875,
    "f1_score": 0.25974292374292374,
    "precision": 0.4,
    "recall": 0.196875,
    "sigui": 0.06158459759203433,
    "sse": 1.9653176022064907,
    "sc": 0.39866020295822296,
    "ch": 734.7344847029516,
    "db": 0.8285666172647936,
    "bic": -264.5253732781498,
    "xb": 72.57016794590973
}