{
    "dataset": "blobs-P5-K4-N1024-dt0.30-S2",
    "algorithm": "kmeans",
    "k": 3,
    "n": 1024,
    "d": 5,
    "k_true": 4,
    "rand_score": 0.775757193914956,
    "adjusted_rand_score": 0.46852144401274404,
    "accuracy": 0.6689453125,
    "f1_score": 0.5786715013516324,
    "precision": 0.516408659487514,
    "recall": 0.6689453125,
    "sigui": 0.4755581918267261,
    "sse": 3081.401004202535,
    "sc": 0.23063942636020351,
    "ch": 337.76011186516155,
    "db": 1.4541800198040342,
    "bic": -7135.228962673158,
    "xb": 630.1629299225028
}