{
    "dataset": "blobs-P10-K32-N1024-dt0.10-S0",
    "algorithm": "kmeans",
    "k": 20,
    "n": 1024,
    "d": 10,
    "k_true": 32,
    "rand_score": 0.9745845552297165,
    "adjusted_rand_score": 0.6924731182795699,
    "accuracy": 0.625,
    "f1_score": 0.5052083333333333,
    "precision": 0.44791666666666663,
    "recall": 0.625,
    "sigui": 0.3132373524426337,
    "sse": 2004.8028947917026,
    "sc": 0.47992030837852284,
    "ch": 217.06131481892308,
    "db": 0.8987306020611656,
    "bic": -9943.744478134557,
    "xb": 304.3725250752465
}