{
    "dataset": "blobs-P5-K8-N64-dt0.10-S0",
    "algorithm": "kmeans",
    "k": 10,
    "n": 64,
    "d": 5,
    "k_true": 8,
    "rand_score": 0.9861111111111112,
    "adjusted_rand_score": 0.9256198347107438,
    "accuracy": 0.90625,
    "f1_score": 0.7523809523809524,
    "precision": 0.8,
    "recall": 0.725,
    "sigui": 0.08857493074555339,
    "sse": 3.78989990908234,
    "sc": 0.6758183676908311,
    "ch": 500.60968523173887,
    "db": 0.5508479212634237,
    "bic": -14.381764480685334,
    "xb": 62.44400504345449
}