{
    "dataset": "blobs-P10-K16-N1024-dt0.70-S6",
    "algorithm": "kmeans",
    "k": 8,
    "n": 1024,
    "d": 10,
    "k_true": 16,
    "rand_score": 0.8747384378054741,
    "adjusted_rand_score": 0.28034873285881473,
    "accuracy": 0.392578125,
    "f1_score": 0.26401383922866595,
    "precision": 0.2009692713216536,
    "recall": 0.392578125,
    "sigui": 0.5083239902541876,
    "sse": 6651.098812853101,
    "sc": 0.1030784478106935,
    "ch": 78.31839324041604,
    "db": 2.0649421250186704,
    "bic": -14738.867705010502,
    "xb": 1464.2799319660833
}