{
    "dataset": "blobs-P10-K16-N128-dt0.80-S7",
    "algorithm": "kmeans",
    "k": 20,
    "n": 128,
    "d": 10,
    "k_true": 16,
    "rand_score": 0.905757874015748,
    "adjusted_rand_score": 0.08170816892899621,
    "accuracy": 0.3203125,
    "f1_score": 0.2649125093434556,
    "precision": 0.2950793650793651,
    "recall": 0.25625,
    "sigui": 0.4374645282055574,
    "sse": 573.0516573751765,
    "sc": 0.08823911755900868,
    "ch": 7.012357715036942,
    "db": 1.5487565066221691,
    "bic": -2213.6658390997063,
    "xb": 115.19734376865237
}