{
    "dataset": "blobs-P5-K4-N64-dt0.30-S2",
    "algorithm": "kmeans",
    "k": 16,
    "n": 64,
    "d": 5,
    "k_true": 4,
    "rand_score": 0.8194444444444444,
    "adjusted_rand_score": 0.3346100278551532,
    "accuracy": 0.40625,
    "f1_score": 0.1427536231884058,
    "precision": 0.25,
    "recall": 0.1015625,
    "sigui": 0.2387288206880209,
    "sse": 36.11739064650971,
    "sc": 0.2159529112198078,
    "ch": 25.151992812054278,
    "db": 1.1207736646717983,
    "bic": -480.3665921709841,
    "xb": 53.542762467877175
}