{
    "dataset": "blobs-P2-K4-N1024-dt0.80-S7",
    "algorithm": "kmeans",
    "k": 10,
    "n": 1024,
    "d": 2,
    "k_true": 4,
    "rand_score": 0.7562335807673509,
    "adjusted_rand_score": 0.19371037804937105,
    "accuracy": 0.3388671875,
    "f1_score": 0.18095415118540997,
    "precision": 0.2751797218019655,
    "recall": 0.135546875,
    "sigui": 0.2460373724485485,
    "sse": 273.2433574752628,
    "sc": 0.33030969194518944,
    "ch": 731.7869202946299,
    "db": 0.8644216977923292,
    "bic": -3271.58428099495,
    "xb": 303.88313295145116
}