{
    "dataset": "blobs-P10-K2-N64-dt0.10-S0",
    "algorithm": "kmeans",
    "k": 20,
    "n": 64,
    "d": 10,
    "k_true": 2,
    "rand_score": 0.5615079365079365,
    "adjusted_rand_score": 0.11040828062104657,
    "accuracy": 0.21875,
    "f1_score": 0.035789473684210524,
    "precision": 0.1,
    "recall": 0.021875,
    "sigui": 0.28611310914257576,
    "sse": 117.92963974311122,
    "sc": 0.10074696980929,
    "ch": 10.251918410325256,
    "db": 1.2191198518832533,
    "bic": -1025.0596428089577,
    "xb": 58.02243585188571
}