{
    "dataset": "blobs-P2-K32-N64-dt0.40-S3",
    "algorithm": "kmeans",
    "k": 10,
    "n": 64,
    "d": 2,
    "k_true": 32,
    "rand_score": 0.908234126984127,
    "adjusted_rand_score": 0.22972705042627717,
    "accuracy": 0.3125,
    "f1_score": 0.16227678571428572,
    "precision": 0.11279761904761905,
    "recall": 0.3125,
    "sigui": 0.1728516151289335,
    "sse": 7.13115601432983,
    "sc": 0.5249631811697213,
    "ch": 101.6964237574846,
    "db": 0.6303828709762114,
    "bic": -201.7968996580409,
    "xb": 15.764274426493397
}