{
    "dataset": "blobs-P2-K8-N1024-dt0.70-S6",
    "algorithm": "kmeans",
    "k": 4,
    "n": 1024,
    "d": 2,
    "k_true": 8,
    "rand_score": 0.7826723637585533,
    "adjusted_rand_score": 0.3861565131058586,
    "accuracy": 0.4755859375,
    "f1_score": 0.34328005140984774,
    "precision": 0.2870621799204846,
    "recall": 0.4755859375,
    "sigui": 0.3078906037721198,
    "sse": 466.58090260643837,
    "sc": 0.47716204211654717,
    "ch": 1152.4852927197062,
    "db": 0.7609487500518849,
    "bic": -2743.8117200857664,
    "xb": 247.91928577438895
}