{
    "dataset": "blobs-P10-K2-N1024-dt0.20-S1",
    "algorithm": "kmeans",
    "k": 16,
    "n": 1024,
    "d": 10,
    "k_true": 2,
    "rand_score": 0.5618394122678397,
    "adjusted_rand_score": 0.12293128874637874,
    "accuracy": 0.1640625,
    "f1_score": 0.035161717286923216,
    "precision": 0.125,
    "recall": 0.0205078125,
    "sigui": 0.47008612595422533,
    "sse": 5461.400858630247,
    "sc": 0.0842361584794713,
    "ch": 58.798442123617875,
    "db": 2.0769316974683223,
    "bic": -14742.097990626558,
    "xb": 1383.8948098417325
}