{
    "dataset": "blobs-P10-K8-N128-dt0.60-S5",
    "algorithm": "kmeans",
    "k": 2,
    "n": 128,
    "d": 10,
    "k_true": 8,
    "rand_score": 0.5398622047244095,
    "adjusted_rand_score": 0.08522587205719216,
    "accuracy": 0.234375,
    "f1_score": 0.0946969696969697,
    "precision": 0.05952380952380952,
    "recall": 0.234375,
    "sigui": 0.5598434002644683,
    "sse": 1117.3619371702089,
    "sc": 0.11440583102315294,
    "ch": 18.339980300789527,
    "db": 2.5331043290110142,
    "bic": -1870.4434884986163,
    "xb": 198.2169575854955
}