{
    "dataset": "blobs-P5-K16-N128-dt0.60-S5",
    "algorithm": "kmeans",
    "k": 50,
    "n": 128,
    "d": 5,
    "k_true": 16,
    "rand_score": 0.9429133858267716,
    "adjusted_rand_score": 0.19462059916903565,
    "accuracy": 0.3671875,
    "f1_score": 0.1607079587079587,
    "precision": 0.2763333333333333,
    "recall": 0.1175,
    "sigui": 0.20218054707376573,
    "sse": 59.857379040059826,
    "sc": 0.1943707502876909,
    "ch": 15.428212030258917,
    "db": 0.8440067252407754,
    "bic": -1394.9673866054359,
    "xb": 64.19007857636332
}