{
    "dataset": "blobs-P2-K4-N128-dt1.00-S9",
    "algorithm": "kmeans",
    "k": 20,
    "n": 128,
    "d": 2,
    "k_true": 4,
    "rand_score": 0.7477854330708661,
    "adjusted_rand_score": 0.08394556099757924,
    "accuracy": 0.21875,
    "f1_score": 0.06636490888730531,
    "precision": 0.15041666666666667,
    "recall": 0.04375,
    "sigui": 0.14996823871367956,
    "sse": 15.442675801334646,
    "sc": 0.333140112225807,
    "ch": 88.54543681310956,
    "db": 0.7314734821010219,
    "bic": -509.22203993198303,
    "xb": 80.17979275262655
}