{
    "dataset": "blobs-P10-K8-N1024-dt0.80-S7",
    "algorithm": "kmeans",
    "k": 3,
    "n": 1024,
    "d": 10,
    "k_true": 8,
    "rand_score": 0.6484699566226784,
    "adjusted_rand_score": 0.0701393354210812,
    "accuracy": 0.2421875,
    "f1_score": 0.1309731053438205,
    "precision": 0.09010816283034953,
    "recall": 0.2421875,
    "sigui": 0.5538009220772419,
    "sse": 8823.641085934232,
    "sc": 0.07364305574063569,
    "ch": 81.94476844521573,
    "db": 2.967106651834278,
    "bic": -14999.229803481809,
    "xb": 2191.7480091987827
}