{
    "dataset": "blobs-P10-K2-N1024-dt0.90-S8",
    "algorithm": "kmeans",
    "k": 20,
    "n": 1024,
    "d": 10,
    "k_true": 2,
    "rand_score": 0.5067471590909091,
    "adjusted_rand_score": 0.012626159116477667,
    "accuracy": 0.0908203125,
    "f1_score": 0.016166186754422048,
    "precision": 0.07363636363636364,
    "recall": 0.00908203125,
    "sigui": 0.49143378037262786,
    "sse": 6040.592292769834,
    "sc": 0.07750984961626033,
    "ch": 36.73572612638972,
    "db": 2.0515448445052313,
    "bic": -15646.221349479163,
    "xb": 1483.8497754051702
}