{
    "dataset": "blobs-P10-K4-N128-dt0.70-S6",
    "algorithm": "kmeans",
    "k": 25,
    "n": 128,
    "d": 10,
    "k_true": 4,
    "rand_score": 0.7379429133858267,
    "adjusted_rand_score": 0.0199552203117188,
    "accuracy": 0.1484375,
    "f1_score": 0.03655432372505543,
    "precision": 0.08055555555555557,
    "recall": 0.02375,
    "sigui": 0.4138661563347154,
    "sse": 519.9704815854495,
    "sc": 0.0775698705226392,
    "ch": 6.273035615246589,
    "db": 1.4472947859953353,
    "bic": -2311.652548589863,
    "xb": 115.92737724506591
}