{
    "dataset": "blobs-P5-K4-N128-dt0.40-S3",
    "algorithm": "kmeans",
    "k": 2,
    "n": 128,
    "d": 5,
    "k_true": 4,
    "rand_score": 0.6072834645669292,
    "adjusted_rand_score": 0.28251635375074335,
    "accuracy": 0.484375,
    "f1_score": 0.3529411764705882,
    "precision": 0.2995169082125604,
    "recall": 0.484375,
    "sigui": 0.5059298986013394,
    "sse": 489.8218400285126,
    "sc": 0.24139593884581,
    "ch": 38.63128715392914,
    "db": 1.4881192021761995,
    "bic": -927.7444981672975,
    "xb": 78.62101206561614
}