{
    "dataset": "blobs-P2-K4-N128-dt0.70-S6",
    "algorithm": "kmeans",
    "k": 25,
    "n": 128,
    "d": 2,
    "k_true": 4,
    "rand_score": 0.7609498031496063,
    "adjusted_rand_score": 0.10662785603863685,
    "accuracy": 0.203125,
    "f1_score": 0.05108624708624708,
    "precision": 0.12333333333333334,
    "recall": 0.0325,
    "sigui": 0.13128197856049686,
    "sse": 9.052287563234186,
    "sc": 0.35006063851526736,
    "ch": 117.07728664949789,
    "db": 0.6766288960186051,
    "bic": -509.94737823806145,
    "xb": 55.99826349072602
}