{
    "dataset": "blobs-P5-K32-N1024-dt0.50-S4",
    "algorithm": "kmeans",
    "k": 2,
    "n": 1024,
    "d": 5,
    "k_true": 32,
    "rand_score": 0.5170244532013685,
    "adjusted_rand_score": 0.04210625841724135,
    "accuracy": 0.0625,
    "f1_score": 0.007418139669660968,
    "precision": 0.003945396331243764,
    "recall": 0.0625,
    "sigui": 0.540016069883252,
    "sse": 4196.5871808301545,
    "sc": 0.17333519536331138,
    "ch": 224.87985129976468,
    "db": 2.034347569224465,
    "bic": -7502.113191102148,
    "xb": 1013.7575919289916
}