{
    "dataset": "blobs-P5-K4-N64-dt0.90-S8",
    "algorithm": "kmeans",
    "k": 32,
    "n": 64,
    "d": 5,
    "k_true": 4,
    "rand_score": 0.7589285714285714,
    "adjusted_rand_score": 0.041870071348103645,
    "accuracy": 0.171875,
    "f1_score": 0.03556286549707602,
    "precision": 0.109375,
    "recall": 0.021484375,
    "sigui": 0.1769126138992172,
    "sse": 23.632213660355248,
    "sc": 0.19408478420807296,
    "ch": 12.945382176579919,
    "db": 0.632184753222061,
    "bic": -679.5624041483886,
    "xb": 24.423473995906736
}