{
    "dataset": "blobs-P5-K32-N128-dt0.30-S2",
    "algorithm": "kmeans",
    "k": 25,
    "n": 128,
    "d": 5,
    "k_true": 32,
    "rand_score": 0.9814222440944882,
    "adjusted_rand_score": 0.7056981937048235,
    "accuracy": 0.7734375,
    "f1_score": 0.7108134920634921,
    "precision": 0.6864583333333333,
    "recall": 0.7734375,
    "sigui": 0.16492864175539082,
    "sse": 33.188298887166866,
    "sc": 0.5628351377150678,
    "ch": 78.46842525623505,
    "db": 0.5450021347673883,
    "bic": -732.4519781957245,
    "xb": 26.41782333191983
}