{
    "dataset": "blobs-P5-K4-N64-dt0.60-S5",
    "algorithm": "kmeans",
    "k": 20,
    "n": 64,
    "d": 5,
    "k_true": 4,
    "rand_score": 0.7653769841269841,
    "adjusted_rand_score": 0.11415321501828235,
    "accuracy": 0.28125,
    "f1_score": 0.08351402220967438,
    "precision": 0.16738095238095238,
    "recall": 0.05625,
    "sigui": 0.2687535504275388,
    "sse": 54.88734730572844,
    "sc": 0.19135804710254525,
    "ch": 11.185548593378943,
    "db": 0.8841554032259529,
    "bic": -612.771853569488,
    "xb": 30.872315241160205
}