{
    "dataset": "blobs-P5-K8-N64-dt0.70-S6",
    "algorithm": "kmeans",
    "k": 4,
    "n": 64,
    "d": 5,
    "k_true": 8,
    "rand_score": 0.7524801587301587,
    "adjusted_rand_score": 0.23165098374679213,
    "accuracy": 0.421875,
    "f1_score": 0.2989639037433155,
    "precision": 0.24271329365079367,
    "recall": 0.421875,
    "sigui": 0.4459900620100158,
    "sse": 171.81507601948238,
    "sc": 0.20639888424176087,
    "ch": 17.249350570809593,
    "db": 1.3946421762940582,
    "bic": -489.40211147003413,
    "xb": 48.81339153199182
}