{
    "dataset": "blobs-P5-K16-N1024-dt0.60-S5",
    "algorithm": "kmeans",
    "k": 20,
    "n": 1024,
    "d": 5,
    "k_true": 16,
    "rand_score": 0.9628333486070382,
    "adjusted_rand_score": 0.6528952390742803,
    "accuracy": 0.75,
    "f1_score": 0.6395679160231377,
    "precision": 0.6890776822775246,
    "recall": 0.6,
    "sigui": 0.3148540014310853,
    "sse": 1008.2152116461068,
    "sc": 0.23914590410894315,
    "ch": 215.5049458645875,
    "db": 1.3791599699765231,
    "bic": -6556.3745456842225,
    "xb": 726.1197514387245
}