{
    "dataset": "blobs-P5-K32-N1024-dt0.90-S8",
    "algorithm": "kmeans",
    "k": 50,
    "n": 1024,
    "d": 5,
    "k_true": 32,
    "rand_score": 0.9584746151026393,
    "adjusted_rand_score": 0.18720684524146552,
    "accuracy": 0.32421875,
    "f1_score": 0.2420236562980873,
    "precision": 0.30993199151366646,
    "recall": 0.2075,
    "sigui": 0.31990440366066164,
    "sse": 1052.577528303334,
    "sc": 0.15989821035896234,
    "ch": 76.811821959594,
    "db": 1.3619605116605908,
    "bic": -8186.029778813168,
    "xb": 870.6126884350609
}