{
    "dataset": "blobs-P5-K8-N128-dt0.20-S1",
    "algorithm": "kmeans",
    "k": 25,
    "n": 128,
    "d": 5,
    "k_true": 8,
    "rand_score": 0.9196604330708661,
    "adjusted_rand_score": 0.456792145098219,
    "accuracy": 0.4609375,
    "f1_score": 0.2007824059997973,
    "precision": 0.32,
    "recall": 0.1475,
    "sigui": 0.141888458699781,
    "sse": 22.456479834563986,
    "sc": 0.234860658945809,
    "ch": 118.01898428580913,
    "db": 1.1357427780036327,
    "bic": -608.1004649344982,
    "xb": 86.96987228762362
}