{
    "dataset": "blobs-P2-K4-N1024-dt0.50-S4",
    "algorithm": "kmeans",
    "k": 25,
    "n": 1024,
    "d": 2,
    "k_true": 4,
    "rand_score": 0.7786171951368523,
    "adjusted_rand_score": 0.18357666330749337,
    "accuracy": 0.220703125,
    "f1_score": 0.057292422562962034,
    "precision": 0.1535127674258109,
    "recall": 0.0353125,
    "sigui": 0.13845769065270055,
    "sse": 69.54759594566144,
    "sc": 0.34554336816069714,
    "ch": 1184.125492750395,
    "db": 0.8369148760035834,
    "bic": -2930.299486521168,
    "xb": 326.3828292854698
}