{
    "dataset": "blobs-P5-K16-N1024-dt0.50-S4",
    "algorithm": "kmeans",
    "k": 4,
    "n": 1024,
    "d": 5,
    "k_true": 16,
    "rand_score": 0.76413772299609,
    "adjusted_rand_score": 0.2347963988704061,
    "accuracy": 0.25,
    "f1_score": 0.10727186600711132,
    "precision": 0.06962141226599548,
    "recall": 0.25,
    "sigui": 0.4394778842005529,
    "sse": 2519.41950342094,
    "sc": 0.2815804547369306,
    "ch": 350.9528157721617,
    "db": 1.2928546226619941,
    "bic": -6891.037290152716,
    "xb": 485.9354874284548
}