{
    "dataset": "blobs-P2-K32-N1024-dt0.10-S0",
    "algorithm": "kmeans",
    "k": 3,
    "n": 1024,
    "d": 2,
    "k_true": 32,
    "rand_score": 0.6656891495601173,
    "adjusted_rand_score": 0.10328936914031464,
    "accuracy": 0.09375,
    "f1_score": 0.017400568181818184,
    "precision": 0.009672619047619048,
    "recall": 0.09375,
    "sigui": 0.296064910899009,
    "sse": 509.42655552166633,
    "sc": 0.5589963640385271,
    "ch": 1541.815468575005,
    "db": 0.6098207372398327,
    "bic": -2588.7952140052353,
    "xb": 119.66602034024493
}