{
    "dataset": "blobs-P5-K8-N64-dt1.00-S9",
    "algorithm": "kmeans",
    "k": 20,
    "n": 64,
    "d": 5,
    "k_true": 8,
    "rand_score": 0.8506944444444444,
    "adjusted_rand_score": 0.03007518796992481,
    "accuracy": 0.28125,
    "f1_score": 0.14235431235431234,
    "precision": 0.2092857142857143,
    "recall": 0.1125,
    "sigui": 0.28039493616916544,
    "sse": 63.33011703323695,
    "sc": 0.17209046100744757,
    "ch": 9.385635792749884,
    "db": 0.9144049736941824,
    "bic": -633.3007875231574,
    "xb": 37.84656055684634
}