{
    "dataset": "blobs-P5-K16-N1024-dt0.80-S7",
    "algorithm": "kmeans",
    "k": 25,
    "n": 1024,
    "d": 5,
    "k_true": 16,
    "rand_score": 0.9195782166422287,
    "adjusted_rand_score": 0.17397451582804868,
    "accuracy": 0.3203125,
    "f1_score": 0.24739212670810473,
    "precision": 0.32074560978422356,
    "recall": 0.205,
    "sigui": 0.3750087398411047,
    "sse": 1559.5664858605649,
    "sc": 0.1518635086566536,
    "ch": 95.0283597202821,
    "db": 1.397932331042755,
    "bic": -8016.577524216579,
    "xb": 723.447156434127
}