{
    "dataset": "blobs-P2-K8-N128-dt0.30-S2",
    "algorithm": "kmeans",
    "k": 32,
    "n": 128,
    "d": 2,
    "k_true": 8,
    "rand_score": 0.9158464566929134,
    "adjusted_rand_score": 0.41730614435202573,
    "accuracy": 0.4609375,
    "f1_score": 0.15592559614298745,
    "precision": 0.25,
    "recall": 0.115234375,
    "sigui": 0.04712585357045094,
    "sse": 1.1065856553138538,
    "sc": 0.4045218644083007,
    "ch": 713.3178926164401,
    "db": 0.6322730016347461,
    "bic": -327.04347528057417,
    "xb": 103.15575900968528
}