{
    "dataset": "blobs-P5-K16-N128-dt0.70-S6",
    "algorithm": "kmeans",
    "k": 16,
    "n": 128,
    "d": 5,
    "k_true": 16,
    "rand_score": 0.9618602362204725,
    "adjusted_rand_score": 0.6478974010410146,
    "accuracy": 0.7734375,
    "f1_score": 0.7644038865546219,
    "precision": 0.7734565781440781,
    "recall": 0.7734375,
    "sigui": 0.2949136019677707,
    "sse": 110.00539488200914,
    "sc": 0.27159176105606314,
    "ch": 35.973627073401495,
    "db": 1.1234754781042962,
    "bic": -930.4767635288165,
    "xb": 70.96069887287557
}