{
    "dataset": "blobs-P2-K8-N128-dt0.50-S4",
    "algorithm": "kmeans",
    "k": 20,
    "n": 128,
    "d": 2,
    "k_true": 8,
    "rand_score": 0.906373031496063,
    "adjusted_rand_score": 0.41040501217049674,
    "accuracy": 0.4921875,
    "f1_score": 0.24902689902689898,
    "precision": 0.3556060606060606,
    "recall": 0.196875,
    "sigui": 0.10393586876270669,
    "sse": 5.989550322319939,
    "sc": 0.3788036305429553,
    "ch": 237.26522915269078,
    "db": 0.8007317416274983,
    "bic": -399.6955502088249,
    "xb": 50.244789901563735
}