{
    "dataset": "blobs-P10-K4-N128-dt0.10-S0",
    "algorithm": "kmeans",
    "k": 20,
    "n": 128,
    "d": 10,
    "k_true": 4,
    "rand_score": 0.8145915354330708,
    "adjusted_rand_score": 0.3236492527555633,
    "accuracy": 0.359375,
    "f1_score": 0.10524012474245525,
    "precision": 0.2,
    "recall": 0.071875,
    "sigui": 0.21612341028144472,
    "sse": 100.13572507950664,
    "sc": 0.11160454789610105,
    "ch": 66.97506734786262,
    "db": 1.596490901555397,
    "bic": -1088.7984205300113,
    "xb": 142.42069159172942
}