{
    "dataset": "blobs-P5-K32-N128-dt1.00-S9",
    "algorithm": "kmeans",
    "k": 50,
    "n": 128,
    "d": 5,
    "k_true": 32,
    "rand_score": 0.9755167322834646,
    "adjusted_rand_score": 0.42064965729087866,
    "accuracy": 0.6015625,
    "f1_score": 0.4163116883116883,
    "precision": 0.5006666666666666,
    "recall": 0.385,
    "sigui": 0.1763216417080054,
    "sse": 41.21942361979468,
    "sc": 0.23521302541507372,
    "ch": 23.12407194955172,
    "db": 0.7122483957978712,
    "bic": -1271.2344127364127,
    "xb": 73.70173806634952
}