{
    "dataset": "blobs-P10-K32-N64-dt0.20-S1",
    "algorithm": "kmeans",
    "k": 50,
    "n": 64,
    "d": 10,
    "k_true": 32,
    "rand_score": 0.9910714285714286,
    "adjusted_rand_score": 0.6048780487804878,
    "accuracy": 0.71875,
    "f1_score": 0.5199999999999999,
    "precision": 0.64,
    "recall": 0.46,
    "sigui": 0.09024954570781399,
    "sse": 17.87321450671084,
    "sc": 0.16622253903447748,
    "ch": 9.945077874727005,
    "db": 0.3558195099996091,
    "bic": -1389.9053528927043,
    "xb": 11.319739961979336
}