{
    "dataset": "blobs-P2-K2-N1024-dt0.30-S2",
    "algorithm": "kmeans",
    "k": 2,
    "n": 1024,
    "d": 2,
    "k_true": 2,
    "rand_score": 0.8912989522238515,
    "adjusted_rand_score": 0.7825978338497859,
    "accuracy": 0.9423828125,
    "f1_score": 0.9423735247856986,
    "precision": 0.9426681935299169,
    "recall": 0.9423828125,
    "sigui": 0.3917430101570606,
    "sse": 1254.3035221628525,
    "sc": 0.3840095004298929,
    "ch": 646.7231598857909,
    "db": 1.081801171602396,
    "bic": -3134.1850372973754,
    "xb": 349.0816951181041
}