{
    "dataset": "blobs-P5-K8-N64-dt0.80-S7",
    "algorithm": "kmeans",
    "k": 3,
    "n": 64,
    "d": 5,
    "k_true": 8,
    "rand_score": 0.6294642857142857,
    "adjusted_rand_score": 0.09818913480885312,
    "accuracy": 0.3125,
    "f1_score": 0.18639234539969834,
    "precision": 0.14684139784946237,
    "recall": 0.3125,
    "sigui": 0.5114141359221706,
    "sse": 229.52105882312776,
    "sc": 0.16186414987956704,
    "ch": 12.02333119254733,
    "db": 1.785211335028858,
    "bic": -502.1661605691645,
    "xb": 55.306313675166166
}