{
    "dataset": "blobs-P10-K8-N1024-dt1.00-S9",
    "algorithm": "kmeans",
    "k": 4,
    "n": 1024,
    "d": 10,
    "k_true": 8,
    "rand_score": 0.7073004490469208,
    "adjusted_rand_score": 0.06165928452160077,
    "accuracy": 0.2607421875,
    "f1_score": 0.17365046050784072,
    "precision": 0.13026637120169074,
    "recall": 0.2607421875,
    "sigui": 0.5498641245166457,
    "sse": 8451.039390965152,
    "sc": 0.06946927213642326,
    "ch": 71.97299396357238,
    "db": 2.6784450698470676,
    "bic": -15117.808001512445,
    "xb": 1905.422127564067
}