{
    "dataset": "blobs-P5-K4-N128-dt0.50-S4",
    "algorithm": "kmeans",
    "k": 8,
    "n": 128,
    "d": 5,
    "k_true": 4,
    "rand_score": 0.8227116141732284,
    "adjusted_rand_score": 0.42837643251820223,
    "accuracy": 0.5078125,
    "f1_score": 0.3136991324234967,
    "precision": 0.4183897243107769,
    "recall": 0.25390625,
    "sigui": 0.36438227744684154,
    "sse": 201.1758702313953,
    "sc": 0.16246986781397174,
    "ch": 37.393646458738246,
    "db": 1.5270560075048984,
    "bic": -915.2089706857017,
    "xb": 108.01894653386692
}