{
    "dataset": "blobs-P10-K2-N64-dt0.70-S6",
    "algorithm": "kmeans",
    "k": 10,
    "n": 64,
    "d": 10,
    "k_true": 2,
    "rand_score": 0.5188492063492064,
    "adjusted_rand_score": 0.025669642857142856,
    "accuracy": 0.21875,
    "f1_score": 0.06589147286821706,
    "precision": 0.13363636363636364,
    "recall": 0.04375,
    "sigui": 0.4518300611305493,
    "sse": 346.7903721354757,
    "sc": 0.07035431881829446,
    "ch": 5.07297176779718,
    "db": 1.6209617397115121,
    "bic": -1083.2703086058564,
    "xb": 64.59616588221672
}