{
    "dataset": "blobs-P10-K32-N128-dt0.10-S0",
    "algorithm": "kmeans",
    "k": 25,
    "n": 128,
    "d": 10,
    "k_true": 32,
    "rand_score": 0.9862204724409449,
    "adjusted_rand_score": 0.7674601098613654,
    "accuracy": 0.78125,
    "f1_score": 0.7083333333333333,
    "precision": 0.671875,
    "recall": 0.78125,
    "sigui": 0.18831013813866931,
    "sse": 96.82961585972038,
    "sc": 0.6553559727967844,
    "ch": 52.44028754547924,
    "db": 0.5982547577418348,
    "bic": -1250.0022789851766,
    "xb": 17.864244811856306
}