{
    "dataset": "blobs-P5-K16-N128-dt0.50-S4",
    "algorithm": "kmeans",
    "k": 4,
    "n": 128,
    "d": 5,
    "k_true": 16,
    "rand_score": 0.7877706692913385,
    "adjusted_rand_score": 0.2308218961649059,
    "accuracy": 0.25,
    "f1_score": 0.10101659238233442,
    "precision": 0.06349459507354244,
    "recall": 0.25,
    "sigui": 0.46113434791603347,
    "sse": 352.5072491159596,
    "sc": 0.20595182841786294,
    "ch": 33.710040667271485,
    "db": 1.5247205130729191,
    "bic": -952.0809046080639,
    "xb": 87.13889546520544
}