{
    "dataset": "blobs-P5-K8-N128-dt0.90-S8",
    "algorithm": "kmeans",
    "k": 3,
    "n": 128,
    "d": 5,
    "k_true": 8,
    "rand_score": 0.6818405511811023,
    "adjusted_rand_score": 0.1545887004602601,
    "accuracy": 0.3203125,
    "f1_score": 0.1768711967545639,
    "precision": 0.12324256625727213,
    "recall": 0.3203125,
    "sigui": 0.49827003244672197,
    "sse": 442.6602321866684,
    "sc": 0.16051809422268942,
    "ch": 27.86275927116066,
    "db": 1.7503957707780031,
    "bic": -972.6220260939604,
    "xb": 106.8724359874659
}