{
    "dataset": "blobs-P10-K2-N1024-dt0.40-S3",
    "algorithm": "kmeans",
    "k": 8,
    "n": 1024,
    "d": 10,
    "k_true": 2,
    "rand_score": 0.5755876557917888,
    "adjusted_rand_score": 0.15055352996481708,
    "accuracy": 0.2607421875,
    "f1_score": 0.1025871887216425,
    "precision": 0.2423774834437086,
    "recall": 0.065185546875,
    "sigui": 0.5176237680890685,
    "sse": 7022.366680493037,
    "sc": 0.07012820057257092,
    "ch": 66.50414518065394,
    "db": 2.4565150395424995,
    "bic": -15027.173299245313,
    "xb": 1866.461136796596
}