{
    "dataset": "blobs-P10-K8-N128-dt0.30-S2",
    "algorithm": "kmeans",
    "k": 10,
    "n": 128,
    "d": 10,
    "k_true": 8,
    "rand_score": 0.9116633858267716,
    "adjusted_rand_score": 0.5697474709346217,
    "accuracy": 0.6953125,
    "f1_score": 0.5641402416849988,
    "precision": 0.6018560467665327,
    "recall": 0.55625,
    "sigui": 0.43028213208357385,
    "sse": 527.5961049704272,
    "sc": 0.1679897773735422,
    "ch": 18.697732934776802,
    "db": 1.675785053740245,
    "bic": -1798.116484302943,
    "xb": 127.28516586403336
}