{
    "dataset": "blobs-P5-K32-N64-dt0.80-S7",
    "algorithm": "kmeans",
    "k": 10,
    "n": 64,
    "d": 5,
    "k_true": 32,
    "rand_score": 0.9002976190476191,
    "adjusted_rand_score": 0.14939208705582052,
    "accuracy": 0.3125,
    "f1_score": 0.17192911255411256,
    "precision": 0.13350694444444444,
    "recall": 0.3125,
    "sigui": 0.3728428338415316,
    "sse": 102.12850122343613,
    "sc": 0.20290982900332094,
    "ch": 12.799845067729283,
    "db": 1.2078098822351326,
    "bic": -538.9112167094013,
    "xb": 39.2565448756499
}