{
    "dataset": "blobs-P5-K16-N128-dt0.60-S5",
    "algorithm": "kmeans",
    "k": 16,
    "n": 128,
    "d": 5,
    "k_true": 16,
    "rand_score": 0.921875,
    "adjusted_rand_score": 0.2965308490129886,
    "accuracy": 0.5234375,
    "f1_score": 0.5117839848490003,
    "precision": 0.5191065878565879,
    "recall": 0.5234375,
    "sigui": 0.34168943044916894,
    "sse": 169.83573132673703,
    "sc": 0.20413317993214503,
    "ch": 20.670325645470943,
    "db": 1.226849781980418,
    "bic": -1064.7418968910417,
    "xb": 79.35401895560038
}