{
    "dataset": "blobs-P10-K16-N1024-dt0.70-S6",
    "algorithm": "kmeans",
    "k": 3,
    "n": 1024,
    "d": 10,
    "k_true": 16,
    "rand_score": 0.6741374175219942,
    "adjusted_rand_score": 0.1057872151571635,
    "accuracy": 0.17578125,
    "f1_score": 0.057289098289270285,
    "precision": 0.0344502704831315,
    "recall": 0.17578125,
    "sigui": 0.5520321635799788,
    "sse": 8531.28946606431,
    "sc": 0.09266754065215096,
    "ch": 102.2508495608791,
    "db": 2.6776768020849975,
    "bic": -14814.883917495494,
    "xb": 1999.3428373322831
}