{
    "dataset": "blobs-P5-K4-N128-dt0.10-S0",
    "algorithm": "kmeans",
    "k": 50,
    "n": 128,
    "d": 5,
    "k_true": 4,
    "rand_score": 0.7781742125984252,
    "adjusted_rand_score": 0.1317696306491793,
    "accuracy": 0.2109375,
    "f1_score": 0.02759129861568886,
    "precision": 0.08,
    "recall": 0.016875,
    "sigui": 0.06750171854138014,
    "sse": 5.452026230387811,
    "sc": 0.1871814104135525,
    "ch": 185.2699770485488,
    "db": 0.7558940694875409,
    "bic": -617.636198124261,
    "xb": 115.56631164110111
}