{
    "dataset": "blobs-P2-K8-N64-dt0.50-S4",
    "algorithm": "kmeans",
    "k": 25,
    "n": 64,
    "d": 2,
    "k_true": 8,
    "rand_score": 0.8993055555555556,
    "adjusted_rand_score": 0.2926829268292683,
    "accuracy": 0.4375,
    "f1_score": 0.17818181818181816,
    "precision": 0.26,
    "recall": 0.14,
    "sigui": 0.06914683088447082,
    "sse": 1.535332976466437,
    "sc": 0.3625445186912186,
    "ch": 133.85049827185443,
    "db": 0.5209482190095943,
    "bic": -255.9264135440937,
    "xb": 49.855962454570594
}