{
    "dataset": "blobs-P2-K16-N64-dt0.40-S3",
    "algorithm": "kmeans",
    "k": 25,
    "n": 64,
    "d": 2,
    "k_true": 16,
    "rand_score": 0.9806547619047619,
    "adjusted_rand_score": 0.7509881422924901,
    "accuracy": 0.78125,
    "f1_score": 0.546031746031746,
    "precision": 0.632,
    "recall": 0.5,
    "sigui": 0.03336375914166355,
    "sse": 0.2878551239040432,
    "sc": 0.55015841849945,
    "ch": 720.9607131844454,
    "db": 0.3929635160565999,
    "bic": -153.24407944542327,
    "xb": 86.6292943028398
}