{
    "dataset": "blobs-P10-K16-N1024-dt0.70-S6",
    "algorithm": "kmeans",
    "k": 16,
    "n": 1024,
    "d": 10,
    "k_true": 16,
    "rand_score": 0.938677984481916,
    "adjusted_rand_score": 0.47205798147374317,
    "accuracy": 0.6591796875,
    "f1_score": 0.6589566826236429,
    "precision": 0.6619024909940595,
    "recall": 0.6591796875,
    "sigui": 0.4727251654672155,
    "sse": 5364.87063368263,
    "sc": 0.10940828551864301,
    "ch": 61.065534620663506,
    "db": 2.025644888430163,
    "bic": -14664.629948116402,
    "xb": 1866.4038017760336
}