{
    "dataset": "blobs-P5-K32-N64-dt0.10-S0",
    "algorithm": "kmeans",
    "k": 3,
    "n": 64,
    "d": 5,
    "k_true": 32,
    "rand_score": 0.6646825396825397,
    "adjusted_rand_score": 0.0578709848685957,
    "accuracy": 0.09375,
    "f1_score": 0.017100694444444446,
    "precision": 0.009461805555555555,
    "recall": 0.09375,
    "sigui": 0.4904930314272681,
    "sse": 206.15791805138483,
    "sc": 0.208600872075557,
    "ch": 16.842348488246387,
    "db": 1.4926698425559934,
    "bic": -489.0676736201484,
    "xb": 39.06826678961254
}