{
    "dataset": "blobs-P5-K16-N128-dt0.80-S7",
    "algorithm": "kmeans",
    "k": 2,
    "n": 128,
    "d": 5,
    "k_true": 16,
    "rand_score": 0.5370324803149606,
    "adjusted_rand_score": 0.09176240295713485,
    "accuracy": 0.125,
    "f1_score": 0.02844163539403516,
    "precision": 0.01610062893081761,
    "recall": 0.125,
    "sigui": 0.5031988420874126,
    "sse": 439.0678965329971,
    "sc": 0.2836217247259434,
    "ch": 57.66179954571034,
    "db": 1.3541304664876432,
    "bic": -903.5145946145926,
    "xb": 63.91981777404603
}