{
    "dataset": "blobs-P5-K2-N128-dt0.50-S4",
    "algorithm": "kmeans",
    "k": 50,
    "n": 128,
    "d": 5,
    "k_true": 2,
    "rand_score": 0.51439468503937,
    "adjusted_rand_score": 0.02138139592090133,
    "accuracy": 0.078125,
    "f1_score": 0.005797101449275362,
    "precision": 0.04,
    "recall": 0.003125,
    "sigui": 0.20953958831094974,
    "sse": 65.56903453415843,
    "sc": 0.17168695848770343,
    "ch": 13.945611962577193,
    "db": 0.7900042731151764,
    "bic": -1419.0522582952185,
    "xb": 51.00721690836447
}