{
    "dataset": "blobs-P5-K4-N1024-dt1.00-S9",
    "algorithm": "kmeans",
    "k": 2,
    "n": 1024,
    "d": 5,
    "k_true": 4,
    "rand_score": 0.5398357313049853,
    "adjusted_rand_score": 0.08015230716527344,
    "accuracy": 0.380859375,
    "f1_score": 0.25409514759161367,
    "precision": 0.19077078913670853,
    "recall": 0.380859375,
    "sigui": 0.5367610029912887,
    "sse": 4343.57827977007,
    "sc": 0.1471627895215134,
    "ch": 182.7063098903001,
    "db": 2.2521841505748394,
    "bic": -7594.3009599377065,
    "xb": 1228.2955814320044
}