{
    "dataset": "blobs-P2-K32-N64-dt1.00-S9",
    "algorithm": "kmeans",
    "k": 10,
    "n": 64,
    "d": 2,
    "k_true": 32,
    "rand_score": 0.9141865079365079,
    "adjusted_rand_score": 0.24307243558580457,
    "accuracy": 0.3125,
    "f1_score": 0.16567911255411255,
    "precision": 0.12204861111111112,
    "recall": 0.3125,
    "sigui": 0.18916576671178528,
    "sse": 9.730930306754317,
    "sc": 0.41454240029901823,
    "ch": 72.92359474272722,
    "db": 0.6770387448544705,
    "bic": -222.15744079103047,
    "xb": 26.631181425878136
}