{
    "dataset": "blobs-P2-K4-N64-dt0.70-S6",
    "algorithm": "kmeans",
    "k": 3,
    "n": 64,
    "d": 2,
    "k_true": 4,
    "rand_score": 0.722718253968254,
    "adjusted_rand_score": 0.3442265795206972,
    "accuracy": 0.609375,
    "f1_score": 0.5403826888399118,
    "precision": 0.5030701754385964,
    "recall": 0.609375,
    "sigui": 0.3501343075500274,
    "sse": 44.13251826413943,
    "sc": 0.3946149229524456,
    "ch": 57.960848226108524,
    "db": 0.857118031603647,
    "bic": -199.82986225190604,
    "xb": 20.008305951826284
}