{
    "dataset": "blobs-P5-K4-N1024-dt0.80-S7",
    "algorithm": "kmeans",
    "k": 4,
    "n": 1024,
    "d": 5,
    "k_true": 4,
    "rand_score": 0.7138318670576735,
    "adjusted_rand_score": 0.23767346230409975,
    "accuracy": 0.6015625,
    "f1_score": 0.5980900979781402,
    "precision": 0.5972012700460977,
    "recall": 0.6015625,
    "sigui": 0.49548004620327424,
    "sse": 3366.8402594712875,
    "sc": 0.14686850753965328,
    "ch": 177.04264706439213,
    "db": 1.741270688509065,
    "bic": -7690.0363202792005,
    "xb": 905.6206190721226
}