{
    "dataset": "blobs-P10-K4-N64-dt0.10-S0",
    "algorithm": "kmeans",
    "k": 3,
    "n": 64,
    "d": 10,
    "k_true": 4,
    "rand_score": 0.873015873015873,
    "adjusted_rand_score": 0.704225352112676,
    "accuracy": 0.75,
    "f1_score": 0.6666666666666666,
    "precision": 0.625,
    "recall": 0.75,
    "sigui": 0.40488245292453373,
    "sse": 259.29064687149037,
    "sc": 0.4022459040674329,
    "ch": 44.78231440478645,
    "db": 1.0375177245504095,
    "bic": -754.5213739536603,
    "xb": 25.76280493574423
}