{
    "dataset": "blobs-P5-K32-N1024-dt1.00-S9",
    "algorithm": "kmeans",
    "k": 16,
    "n": 1024,
    "d": 5,
    "k_true": 32,
    "rand_score": 0.9371467955767351,
    "adjusted_rand_score": 0.3087920261164283,
    "accuracy": 0.3984375,
    "f1_score": 0.2730363781518289,
    "precision": 0.21099991354977166,
    "recall": 0.3984375,
    "sigui": 0.3660362492043303,
    "sse": 1523.5676499649499,
    "sc": 0.1896864710789939,
    "ch": 158.6278455885534,
    "db": 1.368877051331395,
    "bic": -7310.228299642065,
    "xb": 687.1145003048878
}