{
    "dataset": "blobs-P2-K8-N1024-dt0.20-S1",
    "algorithm": "kmeans",
    "k": 8,
    "n": 1024,
    "d": 2,
    "k_true": 8,
    "rand_score": 0.9990301197458455,
    "adjusted_rand_score": 0.9955400739397321,
    "accuracy": 0.998046875,
    "f1_score": 0.998046875,
    "precision": 0.998046875,
    "recall": 0.998046875,
    "sigui": 0.06529873807361528,
    "sse": 14.0898659659419,
    "sc": 0.773705095571805,
    "ch": 20951.76268809739,
    "db": 0.32120181651184954,
    "bic": -19.88024091632792,
    "xb": 73.4039301611954
}