{
    "dataset": "blobs-P2-K4-N64-dt0.80-S7",
    "algorithm": "kmeans",
    "k": 50,
    "n": 64,
    "d": 2,
    "k_true": 4,
    "rand_score": 0.7658730158730159,
    "adjusted_rand_score": 0.03561004086398132,
    "accuracy": 0.15625,
    "f1_score": 0.021204678362573098,
    "precision": 0.075,
    "recall": 0.0125,
    "sigui": 0.013431937632801464,
    "sse": 0.09794451447477043,
    "sc": 0.22931594407141861,
    "ch": 373.10353336683306,
    "db": 0.15605900343249396,
    "bic": -326.43546369868403,
    "xb": 117.34154779237483
}