{
    "dataset": "blobs-P10-K8-N64-dt0.60-S5",
    "algorithm": "kmeans",
    "k": 8,
    "n": 64,
    "d": 10,
    "k_true": 8,
    "rand_score": 0.7951388888888888,
    "adjusted_rand_score": 0.09847198641765705,
    "accuracy": 0.375,
    "f1_score": 0.3738307525807526,
    "precision": 0.42064344968756734,
    "recall": 0.375,
    "sigui": 0.4784149756078017,
    "sse": 380.3586321621999,
    "sc": 0.09688973447028446,
    "ch": 5.460980156792213,
    "db": 1.8014089803663231,
    "bic": -1051.5902832615218,
    "xb": 80.95773402888862
}