{
    "dataset": "blobs-P5-K32-N64-dt0.80-S7",
    "algorithm": "kmeans",
    "k": 4,
    "n": 64,
    "d": 5,
    "k_true": 32,
    "rand_score": 0.7033730158730159,
    "adjusted_rand_score": 0.027466570292735814,
    "accuracy": 0.125,
    "f1_score": 0.03609937622962071,
    "precision": 0.022657952069716776,
    "recall": 0.125,
    "sigui": 0.4714023120528539,
    "sse": 184.94873310636598,
    "sc": 0.19783048564088118,
    "ch": 14.604184048772545,
    "db": 1.4016183726161837,
    "bic": -496.9226711388577,
    "xb": 40.762250902741236
}