{
    "dataset": "blobs-P2-K4-N1024-dt0.90-S8",
    "algorithm": "kmeans",
    "k": 10,
    "n": 1024,
    "d": 2,
    "k_true": 4,
    "rand_score": 0.7686377382697948,
    "adjusted_rand_score": 0.24223289423506658,
    "accuracy": 0.357421875,
    "f1_score": 0.19291947125720316,
    "precision": 0.31621004151137777,
    "recall": 0.14296875,
    "sigui": 0.2336214092208766,
    "sse": 270.67485031394,
    "sc": 0.3224596636553084,
    "ch": 739.8001697080822,
    "db": 0.9448522806963016,
    "bic": -3232.262800994656,
    "xb": 284.22655753265127
}