{
    "dataset": "blobs-P5-K8-N128-dt0.10-S0",
    "algorithm": "kmeans",
    "k": 3,
    "n": 128,
    "d": 5,
    "k_true": 8,
    "rand_score": 0.7795275590551181,
    "adjusted_rand_score": 0.4147465437788018,
    "accuracy": 0.375,
    "f1_score": 0.20833333333333331,
    "precision": 0.14583333333333331,
    "recall": 0.375,
    "sigui": 0.39402019690536527,
    "sse": 239.5786566230409,
    "sc": 0.5067055231392978,
    "ch": 104.45978082445386,
    "db": 0.9308800291448233,
    "bic": -775.9716041382492,
    "xb": 36.436772253718125
}