{
    "dataset": "blobs-P5-K2-N128-dt0.70-S6",
    "algorithm": "kmeans",
    "k": 3,
    "n": 128,
    "d": 5,
    "k_true": 2,
    "rand_score": 0.5703740157480315,
    "adjusted_rand_score": 0.13877906118676062,
    "accuracy": 0.546875,
    "f1_score": 0.4069814366424536,
    "precision": 0.4614197530864197,
    "recall": 0.3645833333333333,
    "sigui": 0.49667381814818296,
    "sse": 476.86126078246275,
    "sc": 0.1306623350475228,
    "ch": 21.38184004371753,
    "db": 2.0280111079327896,
    "bic": -992.8471714841464,
    "xb": 140.85697055522334
}