{
    "dataset": "blobs-P5-K8-N64-dt0.70-S6",
    "algorithm": "kmeans",
    "k": 10,
    "n": 64,
    "d": 5,
    "k_true": 8,
    "rand_score": 0.8878968253968254,
    "adjusted_rand_score": 0.4188571428571429,
    "accuracy": 0.640625,
    "f1_score": 0.5346113681639997,
    "precision": 0.5771969696969698,
    "recall": 0.5125,
    "sigui": 0.3423359288348655,
    "sse": 86.25710400200995,
    "sc": 0.2095369951858554,
    "ch": 16.259036194343608,
    "db": 1.1266577462633252,
    "bic": -511.6065800660607,
    "xb": 46.39326028559953
}