{
    "dataset": "blobs-P2-K32-N64-dt0.50-S4",
    "algorithm": "kmeans",
    "k": 25,
    "n": 64,
    "d": 2,
    "k_true": 32,
    "rand_score": 0.9811507936507936,
    "adjusted_rand_score": 0.6037735849056604,
    "accuracy": 0.75,
    "f1_score": 0.6802083333333333,
    "precision": 0.6614583333333333,
    "recall": 0.75,
    "sigui": 0.0497752272120072,
    "sse": 0.609197074691127,
    "sc": 0.5999384070812968,
    "ch": 339.8080249459247,
    "db": 0.3925186901915429,
    "bic": -202.33960568555176,
    "xb": 49.12873611608454
}