{
    "dataset": "blobs-P5-K2-N1024-dt0.20-S1",
    "algorithm": "kmeans",
    "k": 8,
    "n": 1024,
    "d": 5,
    "k_true": 2,
    "rand_score": 0.6330186950146628,
    "adjusted_rand_score": 0.2655122605427155,
    "accuracy": 0.3037109375,
    "f1_score": 0.11611732144782719,
    "precision": 0.25,
    "recall": 0.075927734375,
    "sigui": 0.41519377523979906,
    "sse": 2114.228414346917,
    "sc": 0.1787903193287011,
    "ch": 206.34774979848473,
    "db": 1.4757470277277385,
    "bic": -7253.969604082093,
    "xb": 641.9929628359007
}