{
    "dataset": "blobs-P5-K16-N1024-dt0.30-S2",
    "algorithm": "kmeans",
    "k": 50,
    "n": 1024,
    "d": 5,
    "k_true": 16,
    "rand_score": 0.9577701154692082,
    "adjusted_rand_score": 0.4746762475986322,
    "accuracy": 0.43359375,
    "f1_score": 0.19108407727416707,
    "precision": 0.31664993564993565,
    "recall": 0.13875,
    "sigui": 0.20381937231968852,
    "sse": 364.26010006592253,
    "sc": 0.16760368654305607,
    "ch": 259.5191251625481,
    "db": 1.600596076732746,
    "bic": -5487.819137172482,
    "xb": 1030.6683647762914
}