{
    "dataset": "blobs-P5-K4-N64-dt1.00-S9",
    "algorithm": "kmeans",
    "k": 50,
    "n": 64,
    "d": 5,
    "k_true": 4,
    "rand_score": 0.7599206349206349,
    "adjusted_rand_score": 0.011091652072387624,
    "accuracy": 0.125,
    "f1_score": 0.017089783281733745,
    "precision": 0.06666666666666667,
    "recall": 0.01,
    "sigui": 0.06436885929404161,
    "sse": 5.518982143630793,
    "sc": 0.11561637371393356,
    "ch": 16.280487424882843,
    "db": 0.3633767202340941,
    "bic": -791.111909948472,
    "xb": 23.69899794854372
}