{
    "dataset": "blobs-P5-K4-N1024-dt0.40-S3",
    "algorithm": "kmeans",
    "k": 25,
    "n": 1024,
    "d": 5,
    "k_true": 4,
    "rand_score": 0.7762134958455523,
    "adjusted_rand_score": 0.17195523889987355,
    "accuracy": 0.197265625,
    "f1_score": 0.052149047424052346,
    "precision": 0.15125671336426558,
    "recall": 0.0315625,
    "sigui": 0.31794897805875905,
    "sse": 1128.0251375430455,
    "sc": 0.15740240681858664,
    "ch": 147.30695985348092,
    "db": 1.510907288026108,
    "bic": -7172.719151455794,
    "xb": 891.0393859741796
}