{
    "dataset": "blobs-P5-K8-N128-dt0.10-S0",
    "algorithm": "kmeans",
    "k": 20,
    "n": 128,
    "d": 5,
    "k_true": 8,
    "rand_score": 0.9388533464566929,
    "adjusted_rand_score": 0.6216590441824361,
    "accuracy": 0.6171875,
    "f1_score": 0.3028870082663186,
    "precision": 0.4,
    "recall": 0.246875,
    "sigui": 0.045043635419790375,
    "sse": 2.021477492947983,
    "sc": 0.26741280021820735,
    "ch": 1793.9374768449602,
    "db": 1.1288926038194302,
    "bic": 275.01845802289483,
    "xb": 161.20401100242964
}