{
    "dataset": "blobs-P2-K4-N1024-dt0.80-S7",
    "algorithm": "kmeans",
    "k": 2,
    "n": 1024,
    "d": 2,
    "k_true": 4,
    "rand_score": 0.6520210929863147,
    "adjusted_rand_score": 0.3037128710181451,
    "accuracy": 0.4814453125,
    "f1_score": 0.3209658960860609,
    "precision": 0.2407280599690999,
    "recall": 0.4814453125,
    "sigui": 0.4340605753930378,
    "sse": 1197.3598281335812,
    "sc": 0.3762828528320983,
    "ch": 726.0593141851205,
    "db": 1.045260457398149,
    "bic": -3086.921031063883,
    "xb": 314.0741832887543
}