{
    "dataset": "blobs-P10-K2-N128-dt0.60-S5",
    "algorithm": "kmeans",
    "k": 10,
    "n": 128,
    "d": 10,
    "k_true": 2,
    "rand_score": 0.5326033464566929,
    "adjusted_rand_score": 0.05927760175481355,
    "accuracy": 0.234375,
    "f1_score": 0.07356218006624511,
    "precision": 0.17091503267973857,
    "recall": 0.046875,
    "sigui": 0.4927908948851223,
    "sse": 791.9049802131422,
    "sc": 0.08270626387559157,
    "ch": 8.081105937082308,
    "db": 1.961032288800773,
    "bic": -2067.9350829506266,
    "xb": 175.01632751160022
}