{
    "dataset": "blobs-P10-K2-N1024-dt0.40-S3",
    "algorithm": "kmeans",
    "k": 10,
    "n": 1024,
    "d": 10,
    "k_true": 2,
    "rand_score": 0.5611387310606061,
    "adjusted_rand_score": 0.1215917525694635,
    "accuracy": 0.21875,
    "f1_score": 0.07109778056527809,
    "precision": 0.19220142602495544,
    "recall": 0.04375,
    "sigui": 0.503780939575876,
    "sse": 6742.573559361699,
    "sc": 0.0688417092691103,
    "ch": 58.44109456269461,
    "db": 2.357006347398171,
    "bic": -15122.001184077326,
    "xb": 1689.4838142705207
}