{
    "dataset": "blobs-P10-K32-N64-dt0.70-S6",
    "algorithm": "kmeans",
    "k": 2,
    "n": 64,
    "d": 10,
    "k_true": 32,
    "rand_score": 0.470734126984127,
    "adjusted_rand_score": 0.003675762201900132,
    "accuracy": 0.0625,
    "f1_score": 0.007906976744186046,
    "precision": 0.004241781548250265,
    "recall": 0.0625,
    "sigui": 0.5620264523935394,
    "sse": 583.1203286387536,
    "sc": 0.08237395449863492,
    "ch": 6.04770482385634,
    "db": 3.0061233799408433,
    "bic": -966.0397772405968,
    "xb": 134.61814969548348
}