{
    "dataset": "blobs-P10-K2-N64-dt0.50-S4",
    "algorithm": "kmeans",
    "k": 25,
    "n": 64,
    "d": 10,
    "k_true": 2,
    "rand_score": 0.5178571428571429,
    "adjusted_rand_score": 0.02141396062388136,
    "accuracy": 0.125,
    "f1_score": 0.017777777777777778,
    "precision": 0.08,
    "recall": 0.01,
    "sigui": 0.3288011741754137,
    "sse": 185.1461400046826,
    "sc": 0.09268263093113287,
    "ch": 3.992184349474944,
    "db": 1.0947512257011163,
    "bic": -1311.4146088777786,
    "xb": 43.47193744422187
}