{
    "dataset": "blobs-P5-K8-N1024-dt0.60-S5",
    "algorithm": "kmeans",
    "k": 16,
    "n": 1024,
    "d": 5,
    "k_true": 8,
    "rand_score": 0.9038711204789834,
    "adjusted_rand_score": 0.4493241430096585,
    "accuracy": 0.501953125,
    "f1_score": 0.31387194107563376,
    "precision": 0.43070621287922783,
    "recall": 0.2509765625,
    "sigui": 0.3092111179899929,
    "sse": 1025.8112674632137,
    "sc": 0.19351390724220954,
    "ch": 268.20672725388886,
    "db": 1.5201071980154186,
    "bic": -6277.245743213697,
    "xb": 960.2949426570038
}