{
    "dataset": "blobs-P5-K16-N128-dt0.30-S2",
    "algorithm": "kmeans",
    "k": 25,
    "n": 128,
    "d": 5,
    "k_true": 16,
    "rand_score": 0.9872047244094488,
    "adjusted_rand_score": 0.8620833681396709,
    "accuracy": 0.8359375,
    "f1_score": 0.574007326007326,
    "precision": 0.64,
    "recall": 0.535,
    "sigui": 0.1573701695609797,
    "sse": 27.85380664184845,
    "sc": 0.3305748150340954,
    "ch": 94.31843363251424,
    "db": 0.9135285172106627,
    "bic": -670.1142280342071,
    "xb": 99.94730035688183
}