{
    "dataset": "blobs-P2-K8-N64-dt0.70-S6",
    "algorithm": "kmeans",
    "k": 50,
    "n": 64,
    "d": 2,
    "k_true": 8,
    "rand_score": 0.8883928571428571,
    "adjusted_rand_score": 0.04526166902404526,
    "accuracy": 0.21875,
    "f1_score": 0.055717171717171714,
    "precision": 0.1433333333333333,
    "recall": 0.035,
    "sigui": 0.016748339850110434,
    "sse": 0.13808918456163452,
    "sc": 0.21110580463535766,
    "ch": 264.55348139441753,
    "db": 0.20962119440415652,
    "bic": -349.80566857854865,
    "xb": 99.04221156000536
}