{
    "dataset": "blobs-P5-K32-N128-dt0.90-S8",
    "algorithm": "kmeans",
    "k": 3,
    "n": 128,
    "d": 5,
    "k_true": 32,
    "rand_score": 0.6770423228346457,
    "adjusted_rand_score": 0.04351830333703446,
    "accuracy": 0.09375,
    "f1_score": 0.016133102424542307,
    "precision": 0.008829496253662077,
    "recall": 0.09375,
    "sigui": 0.4970373538594197,
    "sse": 449.49508665804785,
    "sc": 0.16305747740796053,
    "ch": 26.488736890087292,
    "db": 1.7485902343844744,
    "bic": -979.140241494051,
    "xb": 113.67567821603559
}