{
    "dataset": "blobs-P2-K4-N128-dt0.70-S6",
    "algorithm": "kmeans",
    "k": 3,
    "n": 128,
    "d": 2,
    "k_true": 4,
    "rand_score": 0.7304379921259843,
    "adjusted_rand_score": 0.35813458881279225,
    "accuracy": 0.625,
    "f1_score": 0.5434202770409667,
    "precision": 0.48977272727272725,
    "recall": 0.625,
    "sigui": 0.3592546660289181,
    "sse": 93.07052372740584,
    "sc": 0.39364480826437154,
    "ch": 109.41264601521299,
    "db": 0.8787070551036944,
    "bic": -393.3217873568756,
    "xb": 32.50120909158053
}