{
    "dataset": "blobs-P5-K8-N1024-dt0.20-S1",
    "algorithm": "kmeans",
    "k": 3,
    "n": 1024,
    "d": 5,
    "k_true": 8,
    "rand_score": 0.7483065279814272,
    "adjusted_rand_score": 0.37886255520659945,
    "accuracy": 0.375,
    "f1_score": 0.21653071550361105,
    "precision": 0.1560717565140105,
    "recall": 0.375,
    "sigui": 0.4439154377981893,
    "sse": 2275.6716631531212,
    "sc": 0.3997696015360795,
    "ch": 638.1090740352819,
    "db": 1.1976239864482296,
    "bic": -6316.865299707127,
    "xb": 412.61733936405113
}