{
    "dataset": "blobs-P5-K4-N128-dt0.70-S6",
    "algorithm": "kmeans",
    "k": 20,
    "n": 128,
    "d": 5,
    "k_true": 4,
    "rand_score": 0.7570127952755905,
    "adjusted_rand_score": 0.1045578034578902,
    "accuracy": 0.21875,
    "f1_score": 0.06526350461133071,
    "precision": 0.13202380952380954,
    "recall": 0.04375,
    "sigui": 0.3305383892255062,
    "sse": 157.40968992284004,
    "sc": 0.17032098772441018,
    "ch": 17.426785617729397,
    "db": 1.1845187914306503,
    "bic": -1124.7297291414807,
    "xb": 87.23799996445143
}