{
    "dataset": "blobs-P2-K8-N64-dt1.00-S9",
    "algorithm": "kmeans",
    "k": 20,
    "n": 64,
    "d": 2,
    "k_true": 8,
    "rand_score": 0.8576388888888888,
    "adjusted_rand_score": 0.07052896725440806,
    "accuracy": 0.28125,
    "f1_score": 0.14626687038451744,
    "precision": 0.2361111111111111,
    "recall": 0.1125,
    "sigui": 0.11594196920969899,
    "sse": 3.769387444658249,
    "sc": 0.3858847960178276,
    "ch": 76.32326182671984,
    "db": 0.5665288620973308,
    "bic": -265.45078001128263,
    "xb": 41.42044945591629
}