{
    "dataset": "blobs-P10-K8-N128-dt0.10-S0",
    "algorithm": "kmeans",
    "k": 32,
    "n": 128,
    "d": 10,
    "k_true": 8,
    "rand_score": 0.9169537401574803,
    "adjusted_rand_score": 0.4268378297061478,
    "accuracy": 0.453125,
    "f1_score": 0.15407751668621233,
    "precision": 0.25,
    "recall": 0.11328125,
    "sigui": 0.14740078318126576,
    "sse": 45.4017362860727,
    "sc": 0.0914398220501373,
    "ch": 84.20982004694284,
    "db": 1.3845685868180482,
    "bic": -979.0012547142085,
    "xb": 171.8069177332485
}