{
    "dataset": "blobs-P5-K32-N128-dt0.10-S0",
    "algorithm": "kmeans",
    "k": 25,
    "n": 128,
    "d": 5,
    "k_true": 32,
    "rand_score": 0.983882874015748,
    "adjusted_rand_score": 0.7348304936166143,
    "accuracy": 0.78125,
    "f1_score": 0.7119633838383839,
    "precision": 0.6782738095238094,
    "recall": 0.78125,
    "sigui": 0.1388456931903965,
    "sse": 27.603450395032663,
    "sc": 0.6694123130900836,
    "ch": 95.21280206311715,
    "db": 0.4738719509744036,
    "bic": -676.3476822279947,
    "xb": 16.577179775018898
}