{
    "dataset": "blobs-P2-K4-N1024-dt0.40-S3",
    "algorithm": "kmeans",
    "k": 2,
    "n": 1024,
    "d": 2,
    "k_true": 4,
    "rand_score": 0.6251851936705768,
    "adjusted_rand_score": 0.31956151584163495,
    "accuracy": 0.5,
    "f1_score": 0.3664893944223553,
    "precision": 0.31389528840949693,
    "recall": 0.5,
    "sigui": 0.4200415841893877,
    "sse": 1087.71297551629,
    "sc": 0.4661341254655916,
    "ch": 902.2723467618081,
    "db": 0.7623512987978558,
    "bic": -2880.5115162346115,
    "xb": 209.68464038757745
}