{
    "dataset": "blobs-P5-K4-N1024-dt0.40-S3",
    "algorithm": "kmeans",
    "k": 10,
    "n": 1024,
    "d": 5,
    "k_true": 4,
    "rand_score": 0.8165418041300098,
    "adjusted_rand_score": 0.3895573968361453,
    "accuracy": 0.3984375,
    "f1_score": 0.2220284484421883,
    "precision": 0.3719450119772284,
    "recall": 0.159375,
    "sigui": 0.3768876731330658,
    "sse": 1636.5047581333247,
    "sc": 0.17753919783999045,
    "ch": 239.8244156026692,
    "db": 1.5408964180268456,
    "bic": -6895.421429389518,
    "xb": 821.5079675449314
}