{
    "dataset": "blobs-P5-K8-N128-dt1.00-S9",
    "algorithm": "kmeans",
    "k": 3,
    "n": 128,
    "d": 5,
    "k_true": 8,
    "rand_score": 0.6950049212598425,
    "adjusted_rand_score": 0.2021201914913568,
    "accuracy": 0.3515625,
    "f1_score": 0.1964700897977742,
    "precision": 0.13851417399804494,
    "recall": 0.3515625,
    "sigui": 0.4987779476832382,
    "sse": 438.7956153910166,
    "sc": 0.1719616179662135,
    "ch": 28.658613707558285,
    "db": 1.7557299738022982,
    "bic": -968.3200225429096,
    "xb": 108.01896881399635
}