{
    "dataset": "blobs-P2-K16-N128-dt0.70-S6",
    "algorithm": "kmeans",
    "k": 8,
    "n": 128,
    "d": 2,
    "k_true": 16,
    "rand_score": 0.8981299212598425,
    "adjusted_rand_score": 0.4600628478711824,
    "accuracy": 0.5,
    "f1_score": 0.36933275058275056,
    "precision": 0.3187003968253968,
    "recall": 0.5,
    "sigui": 0.15138632052763268,
    "sse": 14.18937907694867,
    "sc": 0.5670336432543198,
    "ch": 292.1427997398232,
    "db": 0.5543701329463033,
    "bic": -302.1115653807699,
    "xb": 30.97424894898383
}