{
    "dataset": "blobs-P10-K32-N128-dt0.40-S3",
    "algorithm": "kmeans",
    "k": 32,
    "n": 128,
    "d": 10,
    "k_true": 32,
    "rand_score": 0.9616141732283464,
    "adjusted_rand_score": 0.3227361296277305,
    "accuracy": 0.578125,
    "f1_score": 0.5645274864024864,
    "precision": 0.633829365079365,
    "recall": 0.578125,
    "sigui": 0.36758818416521144,
    "sse": 387.92727982742485,
    "sc": 0.11666549676178394,
    "ch": 7.12130319844457,
    "db": 1.2964137720264417,
    "bic": -2353.231437383551,
    "xb": 122.51321271195333
}