{
    "dataset": "blobs-P5-K32-N128-dt0.30-S2",
    "algorithm": "kmeans",
    "k": 4,
    "n": 128,
    "d": 5,
    "k_true": 32,
    "rand_score": 0.7287155511811023,
    "adjusted_rand_score": 0.10523086951103783,
    "accuracy": 0.125,
    "f1_score": 0.033988899613899615,
    "precision": 0.020640649672907737,
    "recall": 0.125,
    "sigui": 0.46096577740498623,
    "sse": 344.3845261650379,
    "sc": 0.2533499422843488,
    "ch": 35.480028834559825,
    "db": 1.3748096733618633,
    "bic": -932.1355885432305,
    "xb": 68.77850657512683
}