{
    "dataset": "blobs-P2-K2-N128-dt0.70-S6",
    "algorithm": "kmeans",
    "k": 8,
    "n": 128,
    "d": 2,
    "k_true": 2,
    "rand_score": 0.5406003937007874,
    "adjusted_rand_score": 0.07594788715378589,
    "accuracy": 0.28125,
    "f1_score": 0.1065126050420168,
    "precision": 0.21964285714285714,
    "recall": 0.0703125,
    "sigui": 0.2598717535774434,
    "sse": 43.455708759743096,
    "sc": 0.34249739806432516,
    "ch": 83.84666883254138,
    "db": 0.7985102997388132,
    "bic": -447.4273890083411,
    "xb": 39.650064909427016
}