{
    "dataset": "blobs-P5-K8-N64-dt0.10-S0",
    "algorithm": "kmeans",
    "k": 25,
    "n": 64,
    "d": 5,
    "k_true": 8,
    "rand_score": 0.9226190476190477,
    "adjusted_rand_score": 0.43659711075441415,
    "accuracy": 0.484375,
    "f1_score": 0.20773892773892771,
    "precision": 0.32,
    "recall": 0.155,
    "sigui": 0.05629133365262047,
    "sse": 1.7043881581170142,
    "sc": 0.2157360021302243,
    "ch": 303.4698209910642,
    "db": 0.8938574015846554,
    "bic": -143.77664192155476,
    "xb": 139.82502708622673
}