{
    "dataset": "blobs-P10-K2-N128-dt0.70-S6",
    "algorithm": "kmeans",
    "k": 32,
    "n": 128,
    "d": 10,
    "k_true": 2,
    "rand_score": 0.514763779527559,
    "adjusted_rand_score": 0.022432482015371343,
    "accuracy": 0.140625,
    "f1_score": 0.015004960317460316,
    "precision": 0.053786057692307696,
    "recall": 0.0087890625,
    "sigui": 0.37879745905988904,
    "sse": 455.59340126943204,
    "sc": 0.06143839365715045,
    "ch": 5.6036831807184395,
    "db": 1.2915079179890383,
    "bic": -2446.9746948707893,
    "xb": 123.99406492195227
}