{
    "dataset": "blobs-P10-K32-N64-dt0.80-S7",
    "algorithm": "kmeans",
    "k": 2,
    "n": 64,
    "d": 10,
    "k_true": 32,
    "rand_score": 0.4885912698412698,
    "adjusted_rand_score": 0.008608452767983882,
    "accuracy": 0.0625,
    "f1_score": 0.0076784101174345075,
    "precision": 0.0041025641025641026,
    "recall": 0.0625,
    "sigui": 0.5636795828559159,
    "sse": 571.7340671596414,
    "sc": 0.10013362434984938,
    "ch": 7.402895995211722,
    "db": 2.7689691581348694,
    "bic": -960.7515287397766,
    "xb": 115.6815517450038
}