{
    "dataset": "blobs-P2-K32-N64-dt0.80-S7",
    "algorithm": "kmeans",
    "k": 25,
    "n": 64,
    "d": 2,
    "k_true": 32,
    "rand_score": 0.9821428571428571,
    "adjusted_rand_score": 0.6088306312521559,
    "accuracy": 0.78125,
    "f1_score": 0.7093750000000001,
    "precision": 0.671875,
    "recall": 0.78125,
    "sigui": 0.06336208204740698,
    "sse": 1.085716153615027,
    "sc": 0.539930012536253,
    "ch": 189.95361776988224,
    "db": 0.4973639789112959,
    "bic": -241.04830794611308,
    "xb": 44.38917931122571
}