{
    "dataset": "blobs-P2-K8-N128-dt0.20-S1",
    "algorithm": "kmeans",
    "k": 4,
    "n": 128,
    "d": 2,
    "k_true": 8,
    "rand_score": 0.7795275590551181,
    "adjusted_rand_score": 0.4147465437788018,
    "accuracy": 0.5,
    "f1_score": 0.3833333333333333,
    "precision": 0.34375,
    "recall": 0.5,
    "sigui": 0.2735510159837796,
    "sse": 54.05750001227911,
    "sc": 0.5559662600344822,
    "ch": 154.40885472437918,
    "db": 0.569715089052544,
    "bic": -348.6327167921359,
    "xb": 23.48464233481558
}