{
    "dataset": "blobs-P5-K8-N1024-dt0.60-S5",
    "algorithm": "kmeans",
    "k": 25,
    "n": 1024,
    "d": 5,
    "k_true": 8,
    "rand_score": 0.8950581928152492,
    "adjusted_rand_score": 0.3360786722116103,
    "accuracy": 0.3642578125,
    "f1_score": 0.1610243349755995,
    "precision": 0.2788315439035555,
    "recall": 0.1165625,
    "sigui": 0.2945987445115232,
    "sse": 860.9812798823405,
    "sc": 0.1712479395005269,
    "ch": 205.90651430786565,
    "db": 1.5281249629255909,
    "bic": -6451.376851905553,
    "xb": 788.6978171158647
}