{
    "dataset": "blobs-P5-K16-N1024-dt0.20-S1",
    "algorithm": "kmeans",
    "k": 2,
    "n": 1024,
    "d": 5,
    "k_true": 16,
    "rand_score": 0.5542693823313783,
    "adjusted_rand_score": 0.1187622165781271,
    "accuracy": 0.125,
    "f1_score": 0.028092850284251118,
    "precision": 0.015849982393208034,
    "recall": 0.125,
    "sigui": 0.5412598770999898,
    "sse": 4118.691692851241,
    "sc": 0.22883650781563747,
    "ch": 248.46168789041073,
    "db": 1.9499256128071096,
    "bic": -7451.952529581419,
    "xb": 922.77414551336
}