{
    "dataset": "blobs-P5-K4-N64-dt0.10-S0",
    "algorithm": "kmeans",
    "k": 50,
    "n": 64,
    "d": 5,
    "k_true": 4,
    "rand_score": 0.7693452380952381,
    "adjusted_rand_score": 0.04685212298682284,
    "accuracy": 0.140625,
    "f1_score": 0.01964912280701754,
    "precision": 0.08,
    "recall": 0.01125,
    "sigui": 0.0286265099175142,
    "sse": 0.8219093720955242,
    "sc": 0.14662496285037518,
    "ch": 110.95352270639711,
    "db": 0.3183298781235071,
    "bic": -487.9906796684188,
    "xb": 70.97365624901121
}