{
    "dataset": "blobs-P5-K32-N128-dt0.30-S2",
    "algorithm": "kmeans",
    "k": 20,
    "n": 128,
    "d": 5,
    "k_true": 32,
    "rand_score": 0.9662893700787402,
    "adjusted_rand_score": 0.5612849542348521,
    "accuracy": 0.6171875,
    "f1_score": 0.5121658312447785,
    "precision": 0.46979166666666666,
    "recall": 0.6171875,
    "sigui": 0.21511697710644942,
    "sse": 64.87626809490428,
    "sc": 0.45954361583546177,
    "ch": 50.390142140215694,
    "db": 0.7174868613875217,
    "bic": -839.4614431118458,
    "xb": 40.65921516838007
}