{
    "dataset": "blobs-P2-K16-N64-dt0.80-S7",
    "algorithm": "kmeans",
    "k": 20,
    "n": 64,
    "d": 2,
    "k_true": 16,
    "rand_score": 0.9637896825396826,
    "adjusted_rand_score": 0.5906542056074766,
    "accuracy": 0.75,
    "f1_score": 0.6234271284271284,
    "precision": 0.6902380952380952,
    "recall": 0.6,
    "sigui": 0.08604574731051347,
    "sse": 1.8175910236966883,
    "sc": 0.4533188398862734,
    "ch": 160.7687816795701,
    "db": 0.5402221580137542,
    "bic": -223.21461106654317,
    "xb": 32.85945763276193
}