{
    "dataset": "blobs-P5-K4-N128-dt0.90-S8",
    "algorithm": "kmeans",
    "k": 16,
    "n": 128,
    "d": 5,
    "k_true": 4,
    "rand_score": 0.7560285433070866,
    "adjusted_rand_score": 0.11124246990609218,
    "accuracy": 0.25,
    "f1_score": 0.09556221808065256,
    "precision": 0.20404040404040402,
    "recall": 0.0625,
    "sigui": 0.3688010395165468,
    "sse": 194.45551934638593,
    "sc": 0.1709584970854937,
    "ch": 17.10793364670562,
    "db": 1.2848038652206792,
    "bic": -1112.7939163954484,
    "xb": 82.3045427909426
}