{
    "dataset": "blobs-P2-K8-N128-dt0.30-S2",
    "algorithm": "kmeans",
    "k": 8,
    "n": 128,
    "d": 2,
    "k_true": 8,
    "rand_score": 0.953371062992126,
    "adjusted_rand_score": 0.788835707485709,
    "accuracy": 0.828125,
    "f1_score": 0.7962789243277049,
    "precision": 0.7919565217391304,
    "recall": 0.828125,
    "sigui": 0.10905506105387941,
    "sse": 6.80018064743453,
    "sc": 0.5930717327753103,
    "ch": 628.2181495867337,
    "db": 0.6080807788460774,
    "bic": -214.5698654410716,
    "xb": 47.805437075854606
}