{
    "dataset": "blobs-P10-K4-N128-dt0.70-S6",
    "algorithm": "kmeans",
    "k": 2,
    "n": 128,
    "d": 10,
    "k_true": 4,
    "rand_score": 0.5708661417322834,
    "adjusted_rand_score": 0.1386951009900682,
    "accuracy": 0.4296875,
    "f1_score": 0.2864741641337386,
    "precision": 0.21493157380254155,
    "recall": 0.4296875,
    "sigui": 0.5588549382989698,
    "sse": 1131.8216084008222,
    "sc": 0.10370012829120118,
    "ch": 16.495954135277884,
    "db": 2.6905428637708444,
    "bic": -1879.6126445944192,
    "xb": 221.31145318639446
}