{
    "dataset": "blobs-P2-K4-N128-dt0.70-S6",
    "algorithm": "kmeans",
    "k": 4,
    "n": 128,
    "d": 2,
    "k_true": 4,
    "rand_score": 0.7557824803149606,
    "adjusted_rand_score": 0.34057123724473115,
    "accuracy": 0.6640625,
    "f1_score": 0.6669923222912353,
    "precision": 0.6728168981193176,
    "recall": 0.6640625,
    "sigui": 0.31172843289802327,
    "sse": 73.41269651166006,
    "sc": 0.35886377610027886,
    "ch": 102.80158931799187,
    "db": 0.9141152494678949,
    "bic": -409.3390019755846,
    "xb": 37.65198431408486
}