{
    "dataset": "blobs-P2-K8-N64-dt1.00-S9",
    "algorithm": "kmeans",
    "k": 3,
    "n": 64,
    "d": 2,
    "k_true": 8,
    "rand_score": 0.7043650793650794,
    "adjusted_rand_score": 0.18480243161094226,
    "accuracy": 0.328125,
    "f1_score": 0.17916666666666664,
    "precision": 0.12329545454545454,
    "recall": 0.328125,
    "sigui": 0.3372449649611586,
    "sse": 44.09094991672824,
    "sc": 0.39986644452414366,
    "ch": 58.0442479096784,
    "db": 0.860795611613478,
    "bic": -202.4500540000077,
    "xb": 16.61723816714248
}