{
    "dataset": "blobs-P2-K8-N1024-dt0.60-S5",
    "algorithm": "kmeans",
    "k": 4,
    "n": 1024,
    "d": 2,
    "k_true": 8,
    "rand_score": 0.7805913214809385,
    "adjusted_rand_score": 0.40850460023505725,
    "accuracy": 0.4951171875,
    "f1_score": 0.37333584782779927,
    "precision": 0.330415597254155,
    "recall": 0.4951171875,
    "sigui": 0.2628617560722219,
    "sse": 384.34181346560115,
    "sc": 0.5184448360406678,
    "ch": 1471.7206497031877,
    "db": 0.6611723260305238,
    "bic": -2499.128859007479,
    "xb": 265.8232295158248
}