{
    "dataset": "blobs-P2-K32-N64-dt0.80-S7",
    "algorithm": "kmeans",
    "k": 32,
    "n": 64,
    "d": 2,
    "k_true": 32,
    "rand_score": 0.9950396825396826,
    "adjusted_rand_score": 0.8546377480387632,
    "accuracy": 0.90625,
    "f1_score": 0.8958333333333333,
    "precision": 0.90625,
    "recall": 0.90625,
    "sigui": 0.040566974663645027,
    "sse": 0.3565537973111524,
    "sc": 0.5859472523395977,
    "ch": 369.5402425075644,
    "db": 0.3664622110394585,
    "bic": -236.11522260288615,
    "xb": 52.422552185728094
}