{
    "dataset": "blobs-P2-K8-N64-dt0.60-S5",
    "algorithm": "kmeans",
    "k": 50,
    "n": 64,
    "d": 2,
    "k_true": 8,
    "rand_score": 0.8878968253968254,
    "adjusted_rand_score": 0.05042016806722689,
    "accuracy": 0.203125,
    "f1_score": 0.05143434343434343,
    "precision": 0.13666666666666666,
    "recall": 0.0325,
    "sigui": 0.008335344235975772,
    "sse": 0.05046335480850301,
    "sc": 0.1983347582925406,
    "ch": 724.426875874192,
    "db": 0.19351698842350679,
    "bic": -283.8101759333754,
    "xb": 137.09968785883896
}