{
    "dataset": "blobs-P10-K4-N128-dt0.10-S0",
    "algorithm": "kmeans",
    "k": 2,
    "n": 128,
    "d": 10,
    "k_true": 4,
    "rand_score": 0.7480314960629921,
    "adjusted_rand_score": 0.4940239043824701,
    "accuracy": 0.5,
    "f1_score": 0.3333333333333333,
    "precision": 0.25,
    "recall": 0.5,
    "sigui": 0.5070469380686884,
    "sse": 807.1438789825268,
    "sc": 0.38786259757977426,
    "ch": 73.81567623768282,
    "db": 1.2851923394665343,
    "bic": -1663.3028568431055,
    "xb": 53.80204750984029
}