{
    "dataset": "blobs-P5-K16-N64-dt1.00-S9",
    "algorithm": "kmeans",
    "k": 32,
    "n": 64,
    "d": 5,
    "k_true": 16,
    "rand_score": 0.9444444444444444,
    "adjusted_rand_score": 0.20701281186783546,
    "accuracy": 0.453125,
    "f1_score": 0.27507440476190476,
    "precision": 0.4067708333333333,
    "recall": 0.2265625,
    "sigui": 0.19466054507751435,
    "sse": 28.41125586982492,
    "sc": 0.12823549360359154,
    "ch": 10.594210760327018,
    "db": 0.6964001836563545,
    "bic": -710.1639682820512,
    "xb": 26.58601404099914
}