{
    "dataset": "blobs-P5-K16-N1024-dt0.70-S6",
    "algorithm": "kmeans",
    "k": 16,
    "n": 1024,
    "d": 5,
    "k_true": 16,
    "rand_score": 0.9586273521505376,
    "adjusted_rand_score": 0.6498297406004766,
    "accuracy": 0.78125,
    "f1_score": 0.7689407474856964,
    "precision": 0.7652218600370904,
    "recall": 0.78125,
    "sigui": 0.3359690789050599,
    "sse": 1260.5439785347835,
    "sc": 0.23709024000786003,
    "ch": 205.74882674377545,
    "db": 1.322662772682165,
    "bic": -6823.6760370136335,
    "xb": 857.5741673956238
}