{
    "dataset": "blobs-P2-K8-N128-dt0.40-S3",
    "algorithm": "kmeans",
    "k": 3,
    "n": 128,
    "d": 2,
    "k_true": 8,
    "rand_score": 0.7007874015748031,
    "adjusted_rand_score": 0.2912907400438721,
    "accuracy": 0.375,
    "f1_score": 0.22508305647840532,
    "precision": 0.1679945054945055,
    "recall": 0.375,
    "sigui": 0.3603791347087645,
    "sse": 75.83743477512245,
    "sc": 0.4638710759252735,
    "ch": 148.4776002767516,
    "db": 0.7785914921438936,
    "bic": -357.44633141227246,
    "xb": 25.08119170400158
}