{
    "dataset": "blobs-P2-K16-N1024-dt0.10-S0",
    "algorithm": "kmeans",
    "k": 10,
    "n": 1024,
    "d": 2,
    "k_true": 16,
    "rand_score": 0.9452590420332356,
    "adjusted_rand_score": 0.6653581943081452,
    "accuracy": 0.625,
    "f1_score": 0.5104166666666666,
    "precision": 0.4583333333333333,
    "recall": 0.625,
    "sigui": 0.08136074504311015,
    "sse": 32.525286251990316,
    "sc": 0.7808710193344545,
    "ch": 6981.547095071201,
    "db": 0.3013159254101777,
    "bic": -1041.2896884772322,
    "xb": 122.21966382986665
}