{
    "dataset": "blobs-P5-K32-N128-dt0.30-S2",
    "algorithm": "kmeans",
    "k": 3,
    "n": 128,
    "d": 5,
    "k_true": 32,
    "rand_score": 0.6453001968503937,
    "adjusted_rand_score": 0.07250896102744671,
    "accuracy": 0.09375,
    "f1_score": 0.019060481867858914,
    "precision": 0.010893962848297214,
    "recall": 0.09375,
    "sigui": 0.5079676681248034,
    "sse": 417.9245957332245,
    "sc": 0.22796784813810728,
    "ch": 33.211045505283835,
    "db": 1.6707029576933758,
    "bic": -945.6729319319059,
    "xb": 100.4893174736586
}