{
    "dataset": "blobs-P2-K32-N128-dt0.80-S7",
    "algorithm": "kmeans",
    "k": 16,
    "n": 128,
    "d": 2,
    "k_true": 32,
    "rand_score": 0.9555856299212598,
    "adjusted_rand_score": 0.47412913067914614,
    "accuracy": 0.5,
    "f1_score": 0.3540702353202353,
    "precision": 0.2886453823953824,
    "recall": 0.5,
    "sigui": 0.11265478096724718,
    "sse": 5.8098988528835225,
    "sc": 0.5733150070073985,
    "ch": 321.53504490667393,
    "db": 0.5314334190886216,
    "bic": -342.3283179257338,
    "xb": 29.082350859812653
}