{
    "dataset": "blobs-P5-K16-N64-dt0.40-S3",
    "algorithm": "kmeans",
    "k": 20,
    "n": 64,
    "d": 5,
    "k_true": 16,
    "rand_score": 0.9751984126984127,
    "adjusted_rand_score": 0.71529284164859,
    "accuracy": 0.796875,
    "f1_score": 0.6576190476190475,
    "precision": 0.7216666666666667,
    "recall": 0.6375,
    "sigui": 0.2244867411112845,
    "sse": 32.26986104951234,
    "sc": 0.29952604102709457,
    "ch": 20.648444256418756,
    "db": 0.7355732802483872,
    "bic": -532.1414210941892,
    "xb": 32.16119054074598
}