{
    "dataset": "blobs-P5-K16-N1024-dt0.40-S3",
    "algorithm": "kmeans",
    "k": 50,
    "n": 1024,
    "d": 5,
    "k_true": 16,
    "rand_score": 0.9601757239736071,
    "adjusted_rand_score": 0.5135162696224349,
    "accuracy": 0.4521484375,
    "f1_score": 0.19394892054222837,
    "precision": 0.31448717948717947,
    "recall": 0.1446875,
    "sigui": 0.1558396283096471,
    "sse": 215.35202647103506,
    "sc": 0.1964896280740755,
    "ch": 452.71173867535566,
    "db": 1.5721690998984927,
    "bic": -4113.598403818295,
    "xb": 1214.0475833981902
}