{
    "dataset": "blobs-P2-K4-N64-dt0.40-S3",
    "algorithm": "kmeans",
    "k": 3,
    "n": 64,
    "d": 2,
    "k_true": 4,
    "rand_score": 0.7564484126984127,
    "adjusted_rand_score": 0.41537676475591084,
    "accuracy": 0.65625,
    "f1_score": 0.568306550321791,
    "precision": 0.5146464646464647,
    "recall": 0.65625,
    "sigui": 0.33758609270727435,
    "sse": 44.725370726340145,
    "sc": 0.3832161250568582,
    "ch": 56.78826472758146,
    "db": 0.8858094270163166,
    "bic": -201.6736130011081,
    "xb": 17.73360392576698
}