{
    "dataset": "blobs-P5-K32-N64-dt0.80-S7",
    "algorithm": "kmeans",
    "k": 32,
    "n": 64,
    "d": 5,
    "k_true": 32,
    "rand_score": 0.9652777777777778,
    "adjusted_rand_score": 0.22304439746300211,
    "accuracy": 0.609375,
    "f1_score": 0.6104166666666666,
    "precision": 0.7005208333333333,
    "recall": 0.609375,
    "sigui": 0.18091721509586187,
    "sse": 25.653229263967095,
    "sc": 0.17908827837178806,
    "ch": 11.844194145309055,
    "db": 0.6527996375252069,
    "bic": -690.7822526881789,
    "xb": 21.188966553975337
}