{
    "dataset": "blobs-P10-K4-N128-dt0.90-S8",
    "algorithm": "kmeans",
    "k": 10,
    "n": 128,
    "d": 10,
    "k_true": 4,
    "rand_score": 0.7230561023622047,
    "adjusted_rand_score": 0.06252316006597955,
    "accuracy": 0.265625,
    "f1_score": 0.14312153476870243,
    "precision": 0.22204549836128784,
    "recall": 0.10625,
    "sigui": 0.49123139804371035,
    "sse": 791.8603756055511,
    "sc": 0.07963488044181918,
    "ch": 8.082299670920422,
    "db": 1.9941748442051206,
    "bic": -2067.5933897514483,
    "xb": 169.63747974878925
}