{
    "dataset": "blobs-P2-K2-N64-dt0.10-S0",
    "algorithm": "kmeans",
    "k": 4,
    "n": 64,
    "d": 2,
    "k_true": 2,
    "rand_score": 0.7509920634920635,
    "adjusted_rand_score": 0.49788841964881086,
    "accuracy": 0.5625,
    "f1_score": 0.3597438975590236,
    "precision": 0.5,
    "recall": 0.28125,
    "sigui": 0.20632651491051163,
    "sse": 23.40859223745771,
    "sc": 0.5327220408661235,
    "ch": 89.36155297299625,
    "db": 0.5921554552772036,
    "bic": -186.07101568513605,
    "xb": 11.073049860657546
}