{
    "dataset": "blobs-P5-K4-N1024-dt0.90-S8",
    "algorithm": "kmeans",
    "k": 32,
    "n": 1024,
    "d": 5,
    "k_true": 4,
    "rand_score": 0.744719116568915,
    "adjusted_rand_score": 0.03840223519534233,
    "accuracy": 0.099609375,
    "f1_score": 0.02164034088048516,
    "precision": 0.08385800573300572,
    "recall": 0.012451171875,
    "sigui": 0.3665598244279223,
    "sse": 1510.258999532706,
    "sc": 0.1429275667857568,
    "ch": 76.48470365062835,
    "db": 1.4068703043828719,
    "bic": -8324.145116758666,
    "xb": 707.8541337159331
}