{
    "dataset": "blobs-P10-K8-N64-dt1.00-S9",
    "algorithm": "kmeans",
    "k": 8,
    "n": 64,
    "d": 10,
    "k_true": 8,
    "rand_score": 0.7748015873015873,
    "adjusted_rand_score": 0.020613614573346116,
    "accuracy": 0.265625,
    "f1_score": 0.25353070842201275,
    "precision": 0.28422619047619047,
    "recall": 0.265625,
    "sigui": 0.48252149465143507,
    "sse": 375.6261741437694,
    "sc": 0.08393811571460244,
    "ch": 5.630573033604257,
    "db": 1.779256384144511,
    "bic": -1046.049293631338,
    "xb": 76.58611831483384
}