{
    "dataset": "blobs-P2-K2-N64-dt0.60-S5",
    "algorithm": "kmeans",
    "k": 3,
    "n": 64,
    "d": 2,
    "k_true": 2,
    "rand_score": 0.6274801587301587,
    "adjusted_rand_score": 0.25081943850648425,
    "accuracy": 0.59375,
    "f1_score": 0.47338935574229696,
    "precision": 0.5935672514619883,
    "recall": 0.3958333333333333,
    "sigui": 0.3970744938703841,
    "sse": 58.32928122677366,
    "sc": 0.3152581572561871,
    "ch": 36.43036358226252,
    "db": 0.9730958157700433,
    "bic": -220.12834283486168,
    "xb": 19.651139286768398
}