{
    "dataset": "blobs-P10-K2-N1024-dt0.70-S6",
    "algorithm": "kmeans",
    "k": 8,
    "n": 1024,
    "d": 10,
    "k_true": 2,
    "rand_score": 0.5176754948680352,
    "adjusted_rand_score": 0.0346447862994705,
    "accuracy": 0.19921875,
    "f1_score": 0.07787070524412296,
    "precision": 0.18125,
    "recall": 0.0498046875,
    "sigui": 0.5265530569448786,
    "sse": 7456.471458488982,
    "sc": 0.07022373917261124,
    "ch": 54.18236865825406,
    "db": 2.3290628399203523,
    "bic": -15333.73002296884,
    "xb": 1526.833774908936
}