{
    "dataset": "blobs-P2-K2-N1024-dt0.30-S2",
    "algorithm": "kmeans",
    "k": 3,
    "n": 1024,
    "d": 2,
    "k_true": 2,
    "rand_score": 0.7381552419354839,
    "adjusted_rand_score": 0.47615271460106057,
    "accuracy": 0.6845703125,
    "f1_score": 0.5207843375773794,
    "precision": 0.6134259259259259,
    "recall": 0.4563802083333333,
    "sigui": 0.3822183055065749,
    "sse": 846.7344059119811,
    "sc": 0.3795807838962286,
    "ch": 724.2588347856672,
    "db": 0.8619492269269564,
    "bic": -3137.674530282907,
    "xb": 229.61087902842675
}