{
    "dataset": "blobs-P2-K16-N128-dt0.60-S5",
    "algorithm": "kmeans",
    "k": 8,
    "n": 128,
    "d": 2,
    "k_true": 16,
    "rand_score": 0.8841043307086615,
    "adjusted_rand_score": 0.4324816652593429,
    "accuracy": 0.5,
    "f1_score": 0.37951505241767264,
    "precision": 0.33317075436640653,
    "recall": 0.5,
    "sigui": 0.16423570044623398,
    "sse": 17.591571499029712,
    "sc": 0.563632466001587,
    "ch": 232.32726147693106,
    "db": 0.49939669469295517,
    "bic": -323.5012485158126,
    "xb": 27.42143136662437
}