{
    "dataset": "blobs-P2-K16-N128-dt1.00-S9",
    "algorithm": "kmeans",
    "k": 50,
    "n": 128,
    "d": 2,
    "k_true": 16,
    "rand_score": 0.9453740157480315,
    "adjusted_rand_score": 0.21724645326077904,
    "accuracy": 0.3515625,
    "f1_score": 0.1562164502164502,
    "precision": 0.2683333333333333,
    "recall": 0.1125,
    "sigui": 0.04223867768685243,
    "sse": 1.1709420301645828,
    "sc": 0.40046077498297805,
    "ch": 346.4272740186837,
    "db": 0.5468595726721808,
    "bic": -538.1139547548735,
    "xb": 127.20172140847137
}