{
    "dataset": "blobs-P10-K32-N1024-dt0.10-S0",
    "algorithm": "kmeans",
    "k": 8,
    "n": 1024,
    "d": 10,
    "k_true": 32,
    "rand_score": 0.8796775720918866,
    "adjusted_rand_score": 0.2955020006314218,
    "accuracy": 0.25,
    "f1_score": 0.11273816793539188,
    "precision": 0.07590283331823737,
    "recall": 0.25,
    "sigui": 0.4657920315734956,
    "sse": 5117.541984915626,
    "sc": 0.23248478278803372,
    "ch": 145.28228475607378,
    "db": 1.544472315271152,
    "bic": -13313.779553439319,
    "xb": 818.1401539138789
}