{
    "dataset": "blobs-P5-K32-N1024-dt0.60-S5",
    "algorithm": "kmeans",
    "k": 10,
    "n": 1024,
    "d": 5,
    "k_true": 32,
    "rand_score": 0.9075635386119257,
    "adjusted_rand_score": 0.2947121776886282,
    "accuracy": 0.3037109375,
    "f1_score": 0.1515486650645235,
    "precision": 0.10268519332401231,
    "recall": 0.3037109375,
    "sigui": 0.3953698071547042,
    "sse": 1785.5761409726529,
    "sc": 0.24154824094294308,
    "ch": 210.3961924837168,
    "db": 1.265536669789654,
    "bic": -7093.869078103543,
    "xb": 570.6222193059258
}