{
    "dataset": "blobs-P10-K2-N128-dt1.00-S9",
    "algorithm": "kmeans",
    "k": 32,
    "n": 128,
    "d": 10,
    "k_true": 2,
    "rand_score": 0.5046751968503937,
    "adjusted_rand_score": 0.002080535864847141,
    "accuracy": 0.1015625,
    "f1_score": 0.011189592846270928,
    "precision": 0.047309027777777776,
    "recall": 0.00634765625,
    "sigui": 0.38770548307088315,
    "sse": 467.2689935898577,
    "sc": 0.06825352752868215,
    "ch": 5.386285932673464,
    "db": 1.3354014378171881,
    "bic": -2465.1833171125427,
    "xb": 139.73317500496023
}