{
    "dataset": "blobs-P5-K2-N64-dt0.60-S5",
    "algorithm": "kmeans",
    "k": 3,
    "n": 64,
    "d": 5,
    "k_true": 2,
    "rand_score": 0.591765873015873,
    "adjusted_rand_score": 0.17899387202508193,
    "accuracy": 0.546875,
    "f1_score": 0.4341736694677871,
    "precision": 0.5409356725146198,
    "recall": 0.3645833333333333,
    "sigui": 0.4823098872239544,
    "sse": 207.83652544685046,
    "sc": 0.1884457728930652,
    "ch": 16.459984434958727,
    "db": 1.6183061871797975,
    "bic": -492.6366013833454,
    "xb": 47.53668243598044
}