{
    "dataset": "blobs-P5-K8-N1024-dt0.40-S3",
    "algorithm": "kmeans",
    "k": 10,
    "n": 1024,
    "d": 5,
    "k_true": 8,
    "rand_score": 0.9720472110215054,
    "adjusted_rand_score": 0.8642121991594266,
    "accuracy": 0.86328125,
    "f1_score": 0.7219109287685139,
    "precision": 0.7768315967083061,
    "recall": 0.690625,
    "sigui": 0.28151876542316917,
    "sse": 779.7673787794665,
    "sc": 0.3912428839589902,
    "ch": 627.1095140659191,
    "db": 1.0933280134299328,
    "bic": -4960.490036200389,
    "xb": 760.8561794366703
}