{
    "dataset": "blobs-P5-K2-N64-dt0.10-S0",
    "algorithm": "kmeans",
    "k": 16,
    "n": 64,
    "d": 5,
    "k_true": 2,
    "rand_score": 0.5798611111111112,
    "adjusted_rand_score": 0.1481457831132964,
    "accuracy": 0.265625,
    "f1_score": 0.05219780219780219,
    "precision": 0.125,
    "recall": 0.033203125,
    "sigui": 0.20723459110437703,
    "sse": 31.976545125369228,
    "sc": 0.18999853348228035,
    "ch": 28.8234720788391,
    "db": 0.9668021805386281,
    "bic": -455.99520802919017,
    "xb": 50.92297760140558
}