{
    "dataset": "blobs-P5-K2-N1024-dt0.70-S6",
    "algorithm": "kmeans",
    "k": 4,
    "n": 1024,
    "d": 5,
    "k_true": 2,
    "rand_score": 0.5557471132697948,
    "adjusted_rand_score": 0.11105880328453716,
    "accuracy": 0.3798828125,
    "f1_score": 0.25177208699061926,
    "precision": 0.37329423207285806,
    "recall": 0.18994140625,
    "sigui": 0.49417721592073627,
    "sse": 3475.0983008731937,
    "sc": 0.13997327785531044,
    "ch": 160.93546981464874,
    "db": 1.8111413039803301,
    "bic": -7775.2563385746935,
    "xb": 918.1160525510411
}