{
    "dataset": "blobs-P5-K4-N64-dt0.60-S5",
    "algorithm": "kmeans",
    "k": 3,
    "n": 64,
    "d": 5,
    "k_true": 4,
    "rand_score": 0.7415674603174603,
    "adjusted_rand_score": 0.37022966672422725,
    "accuracy": 0.625,
    "f1_score": 0.5400946139827059,
    "precision": 0.4792063492063492,
    "recall": 0.625,
    "sigui": 0.4575777117347234,
    "sse": 188.18482700165058,
    "sc": 0.22947721992063003,
    "ch": 21.363905052846775,
    "db": 1.3424339330233463,
    "bic": -476.46328935447883,
    "xb": 32.807932597003685
}