{
    "dataset": "blobs-P2-K32-N128-dt0.70-S6",
    "algorithm": "kmeans",
    "k": 20,
    "n": 128,
    "d": 2,
    "k_true": 32,
    "rand_score": 0.9730561023622047,
    "adjusted_rand_score": 0.6159539360130349,
    "accuracy": 0.625,
    "f1_score": 0.5034163752913753,
    "precision": 0.443204365079365,
    "recall": 0.625,
    "sigui": 0.08835126296276818,
    "sse": 4.305677285870921,
    "sc": 0.5913268978185884,
    "ch": 332.278390505569,
    "db": 0.5368227007238471,
    "bic": -363.17848817520553,
    "xb": 49.99240199860815
}