{
    "dataset": "blobs-P10-K16-N64-dt0.10-S0",
    "algorithm": "kmeans",
    "k": 50,
    "n": 64,
    "d": 10,
    "k_true": 16,
    "rand_score": 0.9613095238095238,
    "adjusted_rand_score": 0.3053435114503817,
    "accuracy": 0.46875,
    "f1_score": 0.19657142857142854,
    "precision": 0.32,
    "recall": 0.15,
    "sigui": 0.03098175696120338,
    "sse": 2.3573594482973608,
    "sc": 0.08469050843289208,
    "ch": 77.28291572920102,
    "db": 0.2616882345406888,
    "bic": -739.568814375825,
    "xb": 66.58739945298636
}