{
    "dataset": "blobs-P5-K2-N1024-dt1.00-S9",
    "algorithm": "kmeans",
    "k": 8,
    "n": 1024,
    "d": 5,
    "k_true": 2,
    "rand_score": 0.515787283113392,
    "adjusted_rand_score": 0.03086635471652286,
    "accuracy": 0.2001953125,
    "f1_score": 0.07835701170100147,
    "precision": 0.18102172386112783,
    "recall": 0.050048828125,
    "sigui": 0.45036574816341324,
    "sse": 2782.542791918331,
    "sc": 0.13471312329133503,
    "ch": 121.9263253077394,
    "db": 1.5199080297499505,
    "bic": -7991.123590153291,
    "xb": 706.1271520182925
}