{
    "dataset": "blobs-P5-K8-N64-dt0.70-S6",
    "algorithm": "kmeans",
    "k": 25,
    "n": 64,
    "d": 5,
    "k_true": 8,
    "rand_score": 0.8908730158730159,
    "adjusted_rand_score": 0.23136645962732919,
    "accuracy": 0.421875,
    "f1_score": 0.1747385947385947,
    "precision": 0.2606666666666666,
    "recall": 0.135,
    "sigui": 0.20366358044020919,
    "sse": 31.639848714042216,
    "sc": 0.20634085395715795,
    "ch": 14.809971124536904,
    "db": 0.723174434070591,
    "bic": -607.1678935010732,
    "xb": 29.646793635390555
}