{
    "dataset": "blobs-P5-K16-N64-dt0.90-S8",
    "algorithm": "kmeans",
    "k": 10,
    "n": 64,
    "d": 5,
    "k_true": 16,
    "rand_score": 0.8824404761904762,
    "adjusted_rand_score": 0.14145247541831982,
    "accuracy": 0.375,
    "f1_score": 0.2889423076923077,
    "precision": 0.2526041666666667,
    "recall": 0.375,
    "sigui": 0.3875085089885239,
    "sse": 113.37509054531913,
    "sc": 0.17816771574372803,
    "ch": 10.934936861042887,
    "db": 1.2767447703815504,
    "bic": -557.7256978796851,
    "xb": 52.274630109941256
}