{
    "dataset": "blobs-P5-K32-N128-dt0.80-S7",
    "algorithm": "kmeans",
    "k": 50,
    "n": 128,
    "d": 5,
    "k_true": 32,
    "rand_score": 0.9648129921259843,
    "adjusted_rand_score": 0.15087899756873013,
    "accuracy": 0.421875,
    "f1_score": 0.2972568542568542,
    "precision": 0.36604761904761907,
    "recall": 0.27,
    "sigui": 0.20740209234500312,
    "sse": 61.72819154525861,
    "sc": 0.186319731737909,
    "ch": 14.912380944470161,
    "db": 0.8210191632311372,
    "bic": -1402.4860529899888,
    "xb": 66.47459872667943
}