{
    "dataset": "blobs-P2-K32-N64-dt0.30-S2",
    "algorithm": "kmeans",
    "k": 20,
    "n": 64,
    "d": 2,
    "k_true": 32,
    "rand_score": 0.9677579365079365,
    "adjusted_rand_score": 0.4757393419536551,
    "accuracy": 0.625,
    "f1_score": 0.515625,
    "precision": 0.4661458333333333,
    "recall": 0.625,
    "sigui": 0.0843692728536388,
    "sse": 2.333073162785845,
    "sc": 0.605025421984529,
    "ch": 124.73597099388401,
    "db": 0.5029258239067089,
    "bic": -239.11774136097222,
    "xb": 41.903583314586044
}