{
    "dataset": "blobs-P10-K2-N64-dt0.30-S2",
    "algorithm": "kmeans",
    "k": 8,
    "n": 64,
    "d": 10,
    "k_true": 2,
    "rand_score": 0.5947420634920635,
    "adjusted_rand_score": 0.18061989588805577,
    "accuracy": 0.40625,
    "f1_score": 0.13818181818181818,
    "precision": 0.2222222222222222,
    "recall": 0.1015625,
    "sigui": 0.4635456185846619,
    "sse": 334.5173333547972,
    "sc": 0.09039687436857702,
    "ch": 7.305634385676524,
    "db": 1.7101906802260225,
    "bic": -1007.4138141687631,
    "xb": 64.3978990752677
}