{
    "dataset": "blobs-P5-K32-N128-dt0.10-S0",
    "algorithm": "kmeans",
    "k": 10,
    "n": 128,
    "d": 5,
    "k_true": 32,
    "rand_score": 0.9243356299212598,
    "adjusted_rand_score": 0.35612711759614196,
    "accuracy": 0.3125,
    "f1_score": 0.15324754901960785,
    "precision": 0.10274985431235431,
    "recall": 0.3125,
    "sigui": 0.36891297379885996,
    "sse": 184.8398833800764,
    "sc": 0.33262197726404497,
    "ch": 32.28553682907891,
    "db": 1.1566795575774718,
    "bic": -948.6118307719842,
    "xb": 54.042142810164464
}