{
    "dataset": "blobs-P10-K2-N64-dt0.70-S6",
    "algorithm": "kmeans",
    "k": 2,
    "n": 64,
    "d": 10,
    "k_true": 2,
    "rand_score": 0.49404761904761907,
    "adjusted_rand_score": 0.0019879480648568055,
    "accuracy": 0.53125,
    "f1_score": 0.3992490613266583,
    "precision": 0.7580645161290323,
    "recall": 0.53125,
    "sigui": 0.5655722716257955,
    "sse": 602.2926814794996,
    "sc": 0.22719137945761148,
    "ch": 3.881590828114024,
    "db": 1.107481369408184,
    "bic": -943.4959561830376,
    "xb": 31.14715210126646
}