{
    "dataset": "blobs-P5-K4-N1024-dt0.30-S2",
    "algorithm": "kmeans",
    "k": 32,
    "n": 1024,
    "d": 5,
    "k_true": 4,
    "rand_score": 0.7698863636363636,
    "adjusted_rand_score": 0.13222637641087476,
    "accuracy": 0.16015625,
    "f1_score": 0.03430266240909805,
    "precision": 0.12034361087591838,
    "recall": 0.02001953125,
    "sigui": 0.32431094286961304,
    "sse": 1168.9526333287686,
    "sc": 0.1451937872327378,
    "ch": 108.15965688313717,
    "db": 1.46558786579617,
    "bic": -7676.169824782458,
    "xb": 784.5850561766491
}