{
    "dataset": "blobs-P5-K8-N64-dt0.90-S8",
    "algorithm": "kmeans",
    "k": 8,
    "n": 64,
    "d": 5,
    "k_true": 8,
    "rand_score": 0.8080357142857143,
    "adjusted_rand_score": 0.0936768149882904,
    "accuracy": 0.421875,
    "f1_score": 0.4149872229593592,
    "precision": 0.4764520202020202,
    "recall": 0.421875,
    "sigui": 0.41916462021676365,
    "sse": 140.87795965601242,
    "sc": 0.15497111640634115,
    "ch": 10.171756648455574,
    "db": 1.3691319235440362,
    "bic": -551.6192022017681,
    "xb": 48.29126213696495
}