{
    "dataset": "blobs-P5-K4-N128-dt0.30-S2",
    "algorithm": "kmeans",
    "k": 2,
    "n": 128,
    "d": 5,
    "k_true": 4,
    "rand_score": 0.718503937007874,
    "adjusted_rand_score": 0.43501559376871446,
    "accuracy": 0.5,
    "f1_score": 0.33347807207989577,
    "precision": 0.25024437927663734,
    "recall": 0.5,
    "sigui": 0.4922320232048634,
    "sse": 418.8883529752859,
    "sc": 0.3174781234051173,
    "ch": 66.50953011041986,
    "db": 1.3180884369467898,
    "bic": -890.2962451617102,
    "xb": 57.413230997964504
}