{
    "dataset": "blobs-P10-K16-N1024-dt0.30-S2",
    "algorithm": "kmeans",
    "k": 4,
    "n": 1024,
    "d": 10,
    "k_true": 16,
    "rand_score": 0.7811889051808406,
    "adjusted_rand_score": 0.24866021712981884,
    "accuracy": 0.248046875,
    "f1_score": 0.10266205986815301,
    "precision": 0.06540786552365604,
    "recall": 0.248046875,
    "sigui": 0.524028305532643,
    "sse": 7219.132329322985,
    "sc": 0.1453153699641102,
    "ch": 142.27402424226062,
    "db": 2.0673724166660747,
    "bic": -14286.448840323106,
    "xb": 1319.660411548828
}