{
    "dataset": "blobs-P10-K16-N128-dt0.80-S7",
    "algorithm": "kmeans",
    "k": 32,
    "n": 128,
    "d": 10,
    "k_true": 16,
    "rand_score": 0.9224901574803149,
    "adjusted_rand_score": 0.06280747786159396,
    "accuracy": 0.2734375,
    "f1_score": 0.17169289044289043,
    "precision": 0.2534226190476191,
    "recall": 0.13671875,
    "sigui": 0.38145168652218153,
    "sse": 438.25784109564404,
    "sc": 0.08721653008894587,
    "ch": 5.947835157495429,
    "db": 1.3434351434688792,
    "bic": -2435.8867317216245,
    "xb": 102.29018862332684
}