{
    "dataset": "blobs-P5-K32-N64-dt0.20-S1",
    "algorithm": "kmeans",
    "k": 8,
    "n": 64,
    "d": 5,
    "k_true": 32,
    "rand_score": 0.8844246031746031,
    "adjusted_rand_score": 0.18716429481145136,
    "accuracy": 0.25,
    "f1_score": 0.11577380952380951,
    "precision": 0.08449519230769231,
    "recall": 0.25,
    "sigui": 0.37418960105247834,
    "sse": 104.46753002238829,
    "sc": 0.260876901452296,
    "ch": 16.50522185650767,
    "db": 1.1784787013129052,
    "bic": -503.5597899248715,
    "xb": 40.224890058118916
}