{
    "dataset": "blobs-P10-K16-N1024-dt0.30-S2",
    "algorithm": "kmeans",
    "k": 2,
    "n": 1024,
    "d": 10,
    "k_true": 16,
    "rand_score": 0.5497636394183774,
    "adjusted_rand_score": 0.09912008435524944,
    "accuracy": 0.125,
    "f1_score": 0.02778791213761288,
    "precision": 0.015632215492533096,
    "recall": 0.125,
    "sigui": 0.5557659125707816,
    "sse": 8828.831952819313,
    "sc": 0.1359125993317773,
    "ch": 163.3527234322454,
    "db": 2.44849625401963,
    "bic": -14556.544970273784,
    "xb": 1468.7386978470126
}