{
    "dataset": "blobs-P5-K8-N1024-dt0.50-S4",
    "algorithm": "kmeans",
    "k": 4,
    "n": 1024,
    "d": 5,
    "k_true": 8,
    "rand_score": 0.7496907074780058,
    "adjusted_rand_score": 0.23233385440432397,
    "accuracy": 0.408203125,
    "f1_score": 0.2839756550975586,
    "precision": 0.22247435552208408,
    "recall": 0.408203125,
    "sigui": 0.4688185032230156,
    "sse": 3082.2059336652183,
    "sc": 0.17547852226255778,
    "ch": 224.79029547838147,
    "db": 1.6451883615059364,
    "bic": -7430.931801241599,
    "xb": 834.2980165006735
}