{
    "dataset": "blobs-P5-K32-N64-dt0.40-S3",
    "algorithm": "kmeans",
    "k": 3,
    "n": 64,
    "d": 5,
    "k_true": 32,
    "rand_score": 0.625,
    "adjusted_rand_score": 0.04903761680376967,
    "accuracy": 0.09375,
    "f1_score": 0.020870535714285716,
    "precision": 0.012299679487179487,
    "recall": 0.09375,
    "sigui": 0.5050419476338337,
    "sse": 219.5522318231828,
    "sc": 0.1740815898773878,
    "ch": 13.954114262251045,
    "db": 1.5773645887164875,
    "bic": -494.1813736656784,
    "xb": 46.206510657369215
}