{
    "dataset": "blobs-P2-K8-N64-dt0.80-S7",
    "algorithm": "kmeans",
    "k": 3,
    "n": 64,
    "d": 2,
    "k_true": 8,
    "rand_score": 0.7108134920634921,
    "adjusted_rand_score": 0.2799505969534788,
    "accuracy": 0.375,
    "f1_score": 0.2190703428773418,
    "precision": 0.15946969696969698,
    "recall": 0.375,
    "sigui": 0.2614172432157709,
    "sse": 25.96986838888725,
    "sc": 0.5494362341192347,
    "ch": 119.828062566176,
    "db": 0.6119714730286346,
    "bic": -164.12731979894536,
    "xb": 8.016970188324372
}