{
    "dataset": "blobs-P5-K8-N64-dt0.30-S2",
    "algorithm": "kmeans",
    "k": 2,
    "n": 64,
    "d": 5,
    "k_true": 8,
    "rand_score": 0.6190476190476191,
    "adjusted_rand_score": 0.22857142857142856,
    "accuracy": 0.25,
    "f1_score": 0.1,
    "precision": 0.0625,
    "recall": 0.25,
    "sigui": 0.5126339487638554,
    "sse": 234.589920523633,
    "sc": 0.26752310744391616,
    "ch": 22.573113609121503,
    "db": 1.587223015119411,
    "bic": -473.7777164090559,
    "xb": 41.09672991794997
}