{
    "dataset": "blobs-P10-K2-N1024-dt0.60-S5",
    "algorithm": "kmeans",
    "k": 8,
    "n": 1024,
    "d": 10,
    "k_true": 2,
    "rand_score": 0.5307383308895406,
    "adjusted_rand_score": 0.060788840763040364,
    "accuracy": 0.232421875,
    "f1_score": 0.09076932401780116,
    "precision": 0.2078121167525141,
    "recall": 0.05810546875,
    "sigui": 0.5194271087359073,
    "sse": 7380.987867616689,
    "sc": 0.06950487810182653,
    "ch": 56.22081988792083,
    "db": 2.335063912461721,
    "bic": -15283.051919182322,
    "xb": 1659.6451950130077
}