{
    "dataset": "blobs-P5-K2-N128-dt0.40-S3",
    "algorithm": "kmeans",
    "k": 3,
    "n": 128,
    "d": 5,
    "k_true": 2,
    "rand_score": 0.6032234251968503,
    "adjusted_rand_score": 0.20442603876717358,
    "accuracy": 0.5234375,
    "f1_score": 0.43984718984718985,
    "precision": 0.5964285714285714,
    "recall": 0.3489583333333333,
    "sigui": 0.48777665531611947,
    "sse": 430.79175689776605,
    "sc": 0.16672270524975435,
    "ch": 30.352287351200783,
    "db": 1.7176647427154046,
    "bic": -963.8503871790983,
    "xb": 110.04326409683921
}