{
    "dataset": "blobs-P5-K8-N64-dt0.30-S2",
    "algorithm": "kmeans",
    "k": 4,
    "n": 64,
    "d": 5,
    "k_true": 8,
    "rand_score": 0.8020833333333334,
    "adjusted_rand_score": 0.4280936454849498,
    "accuracy": 0.5,
    "f1_score": 0.37512218963831867,
    "precision": 0.3334782608695652,
    "recall": 0.5,
    "sigui": 0.38513665615849646,
    "sse": 116.23748306934077,
    "sc": 0.4129656603527294,
    "ch": 35.05969185673194,
    "db": 0.9141122225370463,
    "bic": -422.57258034465553,
    "xb": 19.59892738976933
}