{
    "dataset": "blobs-P2-K8-N128-dt0.40-S3",
    "algorithm": "kmeans",
    "k": 2,
    "n": 128,
    "d": 2,
    "k_true": 8,
    "rand_score": 0.5654527559055118,
    "adjusted_rand_score": 0.1660146953831509,
    "accuracy": 0.25,
    "f1_score": 0.10416666666666666,
    "precision": 0.06666666666666667,
    "recall": 0.25,
    "sigui": 0.39105457281975664,
    "sse": 131.5123519287095,
    "sc": 0.39225554643806915,
    "ch": 119.26973722959053,
    "db": 0.8331751753991574,
    "bic": -377.2424261875072,
    "xb": 29.17719426921957
}