{
    "dataset": "blobs-P10-K32-N64-dt0.30-S2",
    "algorithm": "kmeans",
    "k": 4,
    "n": 64,
    "d": 10,
    "k_true": 32,
    "rand_score": 0.7584325396825397,
    "adjusted_rand_score": 0.047499301480860574,
    "accuracy": 0.125,
    "f1_score": 0.028406598883572567,
    "precision": 0.016073448610213315,
    "recall": 0.125,
    "sigui": 0.5374522443503928,
    "sse": 477.0660503272899,
    "sc": 0.08164129099586792,
    "ch": 6.830666301277555,
    "db": 2.2709472049874933,
    "bic": -994.0462846779178,
    "xb": 100.67294281316403
}