{
    "dataset": "blobs-P5-K16-N1024-dt0.90-S8",
    "algorithm": "kmeans",
    "k": 8,
    "n": 1024,
    "d": 5,
    "k_true": 16,
    "rand_score": 0.8765617363147605,
    "adjusted_rand_score": 0.3123770493081514,
    "accuracy": 0.41796875,
    "f1_score": 0.29081873515994694,
    "precision": 0.2283734017839814,
    "recall": 0.41796875,
    "sigui": 0.42952033788235733,
    "sse": 2214.4323252658737,
    "sc": 0.1956738295035152,
    "ch": 190.44266520188438,
    "db": 1.359318496242423,
    "bic": -7374.25755580767,
    "xb": 597.2358478199799
}