{
    "dataset": "blobs-P5-K2-N64-dt0.70-S6",
    "algorithm": "kmeans",
    "k": 10,
    "n": 64,
    "d": 5,
    "k_true": 2,
    "rand_score": 0.5669642857142857,
    "adjusted_rand_score": 0.1230886972049937,
    "accuracy": 0.296875,
    "f1_score": 0.08837209302325581,
    "precision": 0.17272727272727273,
    "recall": 0.059375,
    "sigui": 0.3940913638398186,
    "sse": 119.00785498363413,
    "sc": 0.15884597714697402,
    "ch": 10.133388844492972,
    "db": 1.3482609611079275,
    "bic": -561.858823965998,
    "xb": 48.58231470642702
}