{
    "dataset": "blobs-P10-K2-N64-dt0.80-S7",
    "algorithm": "kmeans",
    "k": 25,
    "n": 64,
    "d": 10,
    "k_true": 2,
    "rand_score": 0.5173611111111112,
    "adjusted_rand_score": 0.020454145959507182,
    "accuracy": 0.140625,
    "f1_score": 0.018905058905058905,
    "precision": 0.06057142857142857,
    "recall": 0.01125,
    "sigui": 0.32501374889620827,
    "sse": 179.24210515708012,
    "sc": 0.06937793731373057,
    "ch": 4.177208131223345,
    "db": 1.028435424283299,
    "bic": -1300.2391173338085,
    "xb": 34.93648617776427
}