{
    "dataset": "blobs-P5-K4-N64-dt0.10-S0",
    "algorithm": "kmeans",
    "k": 32,
    "n": 64,
    "d": 5,
    "k_true": 4,
    "rand_score": 0.7891865079365079,
    "adjusted_rand_score": 0.1647168928404305,
    "accuracy": 0.265625,
    "f1_score": 0.05238095238095238,
    "precision": 0.125,
    "recall": 0.033203125,
    "sigui": 0.07748217384154843,
    "sse": 4.368686695089338,
    "sc": 0.20183690821564315,
    "ch": 74.57915646343878,
    "db": 0.6225338412183214,
    "bic": -408.5264035990652,
    "xb": 74.10962942666335
}