{
    "dataset": "blobs-P2-K32-N64-dt0.20-S1",
    "algorithm": "kmeans",
    "k": 4,
    "n": 64,
    "d": 2,
    "k_true": 32,
    "rand_score": 0.7678571428571429,
    "adjusted_rand_score": 0.0932464017714356,
    "accuracy": 0.125,
    "f1_score": 0.028672889610389607,
    "precision": 0.016269841269841268,
    "recall": 0.125,
    "sigui": 0.2642683636233977,
    "sse": 19.42480555588249,
    "sc": 0.5692669079625512,
    "ch": 111.7902510084455,
    "db": 0.5622308588549598,
    "bic": -173.4987137395114,
    "xb": 7.326361331225046
}