{
    "dataset": "blobs-P10-K32-N128-dt0.50-S4",
    "algorithm": "kmeans",
    "k": 50,
    "n": 128,
    "d": 10,
    "k_true": 32,
    "rand_score": 0.9723179133858267,
    "adjusted_rand_score": 0.32626788956216257,
    "accuracy": 0.5546875,
    "f1_score": 0.3992857142857143,
    "precision": 0.5076666666666667,
    "recall": 0.355,
    "sigui": 0.30162460856841095,
    "sse": 272.92216819268236,
    "sc": 0.09373700967650014,
    "ch": 5.873848570025147,
    "db": 1.0535069198796705,
    "bic": -2710.4661155997783,
    "xb": 79.66711845882381
}