{
    "dataset": "blobs-P10-K8-N128-dt0.10-S0",
    "algorithm": "kmeans",
    "k": 20,
    "n": 128,
    "d": 10,
    "k_true": 8,
    "rand_score": 0.953371062992126,
    "adjusted_rand_score": 0.7300100405548668,
    "accuracy": 0.6953125,
    "f1_score": 0.3172169312169312,
    "precision": 0.4,
    "recall": 0.278125,
    "sigui": 0.17053843310548758,
    "sse": 60.20376478049319,
    "sc": 0.3089828808761088,
    "ch": 115.16852186030833,
    "db": 1.2952278831288981,
    "bic": -750.7913382734549,
    "xb": 180.56022247186743
}