{
    "dataset": "blobs-P10-K2-N1024-dt0.50-S4",
    "algorithm": "kmeans",
    "k": 16,
    "n": 1024,
    "d": 10,
    "k_true": 2,
    "rand_score": 0.5228246425953079,
    "adjusted_rand_score": 0.04483529780853451,
    "accuracy": 0.1328125,
    "f1_score": 0.02869205892921308,
    "precision": 0.10899897593445981,
    "recall": 0.0166015625,
    "sigui": 0.49949320644343465,
    "sse": 6287.171547659107,
    "sc": 0.07467091691758446,
    "ch": 42.24953462518607,
    "db": 2.1067368371573654,
    "bic": -15462.634774001965,
    "xb": 1420.6710030398776
}