{
    "dataset": "blobs-P5-K32-N1024-dt0.10-S0",
    "algorithm": "kmeans",
    "k": 32,
    "n": 1024,
    "d": 5,
    "k_true": 32,
    "rand_score": 1.0,
    "adjusted_rand_score": 1.0,
    "accuracy": 1.0,
    "f1_score": 1.0,
    "precision": 1.0,
    "recall": 1.0,
    "sigui": 0.04324479936189438,
    "sse": 13.834621302130635,
    "sc": 0.872822660814732,
    "ch": 11810.752788236246,
    "db": 0.17924103827228788,
    "bic": 3658.586007212052,
    "xb": 78.95229949422685
}