{
    "dataset": "blobs-P2-K4-N1024-dt0.90-S8",
    "algorithm": "kmeans",
    "k": 25,
    "n": 1024,
    "d": 2,
    "k_true": 4,
    "rand_score": 0.7616710196725318,
    "adjusted_rand_score": 0.12494396941748279,
    "accuracy": 0.193359375,
    "f1_score": 0.04889430153626138,
    "precision": 0.1197137134423662,
    "recall": 0.0309375,
    "sigui": 0.16803590748124222,
    "sse": 104.51870020422024,
    "sc": 0.34320211075172546,
    "ch": 774.1023322310568,
    "db": 0.8376603412396071,
    "bic": -3323.603200208146,
    "xb": 272.23727010111094
}