{
    "dataset": "blobs-P2-K2-N128-dt0.50-S4",
    "algorithm": "kmeans",
    "k": 4,
    "n": 128,
    "d": 2,
    "k_true": 2,
    "rand_score": 0.5830462598425197,
    "adjusted_rand_score": 0.16287948777295208,
    "accuracy": 0.4609375,
    "f1_score": 0.2958678520913316,
    "precision": 0.41355325914149443,
    "recall": 0.23046875,
    "sigui": 0.31579786737198784,
    "sse": 83.78395903058897,
    "sc": 0.3576232019281675,
    "ch": 84.95973583841776,
    "db": 0.8987370793703019,
    "bic": -423.49753240653234,
    "xb": 35.03957648859791
}