{
    "dataset": "blobs-P2-K8-N1024-dt0.40-S3",
    "algorithm": "kmeans",
    "k": 2,
    "n": 1024,
    "d": 2,
    "k_true": 8,
    "rand_score": 0.5933547928885631,
    "adjusted_rand_score": 0.222149312410076,
    "accuracy": 0.25,
    "f1_score": 0.10409915851485878,
    "precision": 0.06659756518911449,
    "recall": 0.25,
    "sigui": 0.3681425010564168,
    "sse": 1102.177302153199,
    "sc": 0.4824765788181014,
    "ch": 877.0193282977542,
    "db": 0.7809522837106659,
    "bic": -2970.286041000169,
    "xb": 249.30206750430025
}