{
    "dataset": "blobs-P5-K4-N1024-dt0.90-S8",
    "algorithm": "kmeans",
    "k": 25,
    "n": 1024,
    "d": 5,
    "k_true": 4,
    "rand_score": 0.7437301441837733,
    "adjusted_rand_score": 0.04876943479776513,
    "accuracy": 0.1181640625,
    "f1_score": 0.032273115220483636,
    "precision": 0.11054545454545454,
    "recall": 0.01890625,
    "sigui": 0.38101922496493973,
    "sse": 1704.8810156141767,
    "sc": 0.13457028761476098,
    "ch": 83.3807910482536,
    "db": 1.4677084121145731,
    "bic": -8253.035640865332,
    "xb": 962.5815531105642
}