{
    "dataset": "blobs-P2-K16-N1024-dt0.70-S6",
    "algorithm": "kmeans",
    "k": 50,
    "n": 1024,
    "d": 2,
    "k_true": 16,
    "rand_score": 0.9524166819403714,
    "adjusted_rand_score": 0.4164663763168955,
    "accuracy": 0.408203125,
    "f1_score": 0.17964437152736423,
    "precision": 0.2984246785684448,
    "recall": 0.130625,
    "sigui": 0.0745475291368304,
    "sse": 18.86259897165414,
    "sc": 0.33901874039543567,
    "ch": 2138.320508057872,
    "db": 0.8867121757334415,
    "bic": -2535.8323073776796,
    "xb": 478.15735232801
}