{
    "dataset": "blobs-P2-K16-N64-dt1.00-S9",
    "algorithm": "kmeans",
    "k": 3,
    "n": 64,
    "d": 2,
    "k_true": 16,
    "rand_score": 0.6889880952380952,
    "adjusted_rand_score": 0.15806637253021294,
    "accuracy": 0.1875,
    "f1_score": 0.06462041156840934,
    "precision": 0.04009259259259259,
    "recall": 0.1875,
    "sigui": 0.38437352098701166,
    "sse": 52.60008993891227,
    "sc": 0.3861246914023937,
    "ch": 43.7204054124994,
    "db": 1.060381120038875,
    "bic": -210.38584689100637,
    "xb": 21.667347468426275
}