{
    "dataset": "blobs-P2-K8-N128-dt0.90-S8",
    "algorithm": "kmeans",
    "k": 50,
    "n": 128,
    "d": 2,
    "k_true": 8,
    "rand_score": 0.8801673228346457,
    "adjusted_rand_score": 0.09871325940282413,
    "accuracy": 0.2265625,
    "f1_score": 0.05644565960355434,
    "precision": 0.13133333333333333,
    "recall": 0.03625,
    "sigui": 0.056545140838307334,
    "sse": 2.253481063323326,
    "sc": 0.37519190824937976,
    "ch": 179.24403125376665,
    "db": 0.46454933573748414,
    "bic": -612.862726411703,
    "xb": 85.26281670621712
}