{
    "dataset": "blobs-P10-K2-N128-dt0.40-S3",
    "algorithm": "kmeans",
    "k": 4,
    "n": 128,
    "d": 10,
    "k_true": 2,
    "rand_score": 0.6274606299212598,
    "adjusted_rand_score": 0.2519238999338599,
    "accuracy": 0.4453125,
    "f1_score": 0.29393617021276597,
    "precision": 0.43472222222222223,
    "recall": 0.22265625,
    "sigui": 0.5267982755948571,
    "sse": 977.7415437546106,
    "sc": 0.07257009749253052,
    "ch": 12.777762798984599,
    "db": 2.605640871128645,
    "bic": -1927.9861605614026,
    "xb": 246.85148092917188
}