{
    "dataset": "blobs-P2-K32-N128-dt0.20-S1",
    "algorithm": "kmeans",
    "k": 10,
    "n": 128,
    "d": 2,
    "k_true": 32,
    "rand_score": 0.9173228346456693,
    "adjusted_rand_score": 0.3380491437081162,
    "accuracy": 0.3125,
    "f1_score": 0.15892857142857142,
    "precision": 0.109375,
    "recall": 0.3125,
    "sigui": 0.17879470459022426,
    "sse": 15.564078026883115,
    "sc": 0.526289712989279,
    "ch": 202.54216681817016,
    "db": 0.7318916166926177,
    "bic": -364.8954667229352,
    "xb": 50.64015172930357
}