{
    "dataset": "blobs-P2-K16-N64-dt0.70-S6",
    "algorithm": "kmeans",
    "k": 8,
    "n": 64,
    "d": 2,
    "k_true": 16,
    "rand_score": 0.9072420634920635,
    "adjusted_rand_score": 0.4489967728356952,
    "accuracy": 0.5,
    "f1_score": 0.3621031746031746,
    "precision": 0.30606060606060603,
    "recall": 0.5,
    "sigui": 0.17197275302048604,
    "sse": 8.875612273922963,
    "sc": 0.5032553720286504,
    "ch": 107.37232231387213,
    "db": 0.6296782893018138,
    "bic": -188.518427612461,
    "xb": 16.433265650094715
}