{
    "dataset": "blobs-P2-K4-N64-dt0.90-S8",
    "algorithm": "kmeans",
    "k": 20,
    "n": 64,
    "d": 2,
    "k_true": 4,
    "rand_score": 0.7614087301587301,
    "adjusted_rand_score": 0.09383690679106486,
    "accuracy": 0.25,
    "f1_score": 0.07769423558897243,
    "precision": 0.18,
    "recall": 0.05,
    "sigui": 0.12419174361438448,
    "sse": 3.858276107742495,
    "sc": 0.3363241672500983,
    "ch": 74.51154075204632,
    "db": 0.6015209115326077,
    "bic": -269.1163001065198,
    "xb": 34.578064280188016
}