{
    "dataset": "blobs-P10-K32-N1024-dt0.40-S3",
    "algorithm": "kmeans",
    "k": 20,
    "n": 1024,
    "d": 10,
    "k_true": 32,
    "rand_score": 0.9562102883675464,
    "adjusted_rand_score": 0.4448696754244038,
    "accuracy": 0.5400390625,
    "f1_score": 0.4252716706615779,
    "precision": 0.3592468637856684,
    "recall": 0.5400390625,
    "sigui": 0.4523196669170599,
    "sse": 4728.025661562182,
    "sc": 0.135271634610444,
    "ch": 61.60379597079426,
    "db": 1.7685335844805459,
    "bic": -14376.848297076513,
    "xb": 965.9857179683694
}