{
    "dataset": "blobs-P2-K4-N1024-dt0.60-S5",
    "algorithm": "kmeans",
    "k": 16,
    "n": 1024,
    "d": 2,
    "k_true": 4,
    "rand_score": 0.7833424975562072,
    "adjusted_rand_score": 0.23467462673342776,
    "accuracy": 0.27734375,
    "f1_score": 0.10640972512224564,
    "precision": 0.2324131845888175,
    "recall": 0.0693359375,
    "sigui": 0.17851266215315253,
    "sse": 138.56144441192143,
    "sc": 0.32607181388344697,
    "ch": 926.0459969950995,
    "db": 0.8781674617186799,
    "bic": -3100.2269512358885,
    "xb": 324.98434302516563
}