{
    "dataset": "blobs-P2-K16-N128-dt0.30-S2",
    "algorithm": "kmeans",
    "k": 20,
    "n": 128,
    "d": 2,
    "k_true": 16,
    "rand_score": 0.9916338582677166,
    "adjusted_rand_score": 0.9146572851608823,
    "accuracy": 0.90625,
    "f1_score": 0.7513186813186813,
    "precision": 0.7928571428571429,
    "recall": 0.725,
    "sigui": 0.04327522541114122,
    "sse": 0.9249485071076393,
    "sc": 0.6625967289116159,
    "ch": 1567.5470380836146,
    "db": 0.45277197837774874,
    "bic": -165.65708239737594,
    "xb": 75.05623228068505
}