{
    "dataset": "blobs-P5-K16-N128-dt0.20-S1",
    "algorithm": "kmeans",
    "k": 16,
    "n": 128,
    "d": 5,
    "k_true": 16,
    "rand_score": 0.9965551181102362,
    "adjusted_rand_score": 0.967065535509206,
    "accuracy": 0.984375,
    "f1_score": 0.9841269841269842,
    "precision": 0.9875,
    "recall": 0.984375,
    "sigui": 0.11724481132927461,
    "sse": 14.093069237675879,
    "sc": 0.6813225749221861,
    "ch": 331.6125350370729,
    "db": 0.4666458807054358,
    "bic": -277.0829590891886,
    "xb": 40.37034505026931
}