{
    "dataset": "blobs-P2-K2-N64-dt0.60-S5",
    "algorithm": "kmeans",
    "k": 20,
    "n": 64,
    "d": 2,
    "k_true": 2,
    "rand_score": 0.5262896825396826,
    "adjusted_rand_score": 0.03866741231924582,
    "accuracy": 0.140625,
    "f1_score": 0.024324324324324326,
    "precision": 0.09,
    "recall": 0.0140625,
    "sigui": 0.1091827855139424,
    "sse": 4.432556669130019,
    "sc": 0.3982761818446057,
    "ch": 64.55781751164011,
    "db": 0.5846807214850661,
    "bic": -280.6821504089844,
    "xb": 38.15132336487976
}