{
    "dataset": "blobs-P5-K2-N128-dt0.70-S6",
    "algorithm": "kmeans",
    "k": 4,
    "n": 128,
    "d": 5,
    "k_true": 2,
    "rand_score": 0.5744340551181102,
    "adjusted_rand_score": 0.14567179505131303,
    "accuracy": 0.484375,
    "f1_score": 0.29616230078769,
    "precision": 0.3814102564102564,
    "recall": 0.2421875,
    "sigui": 0.4716456221732182,
    "sse": 417.26936685231925,
    "sc": 0.14410676241812925,
    "ch": 22.062965160573953,
    "db": 1.7166764260033107,
    "bic": -1002.3530400818503,
    "xb": 109.43060052167219
}