{
    "dataset": "blobs-P2-K8-N64-dt0.60-S5",
    "algorithm": "kmeans",
    "k": 8,
    "n": 64,
    "d": 2,
    "k_true": 8,
    "rand_score": 0.8764880952380952,
    "adjusted_rand_score": 0.4432298136645963,
    "accuracy": 0.640625,
    "f1_score": 0.6230540293040293,
    "precision": 0.6568910256410256,
    "recall": 0.640625,
    "sigui": 0.12774048551268086,
    "sse": 4.216949252412636,
    "sc": 0.395583857498528,
    "ch": 234.82957624262144,
    "db": 0.8092090591291584,
    "bic": -139.63315203472825,
    "xb": 25.404838902020167
}