{
    "dataset": "blobs-P5-K16-N128-dt0.90-S8",
    "algorithm": "kmeans",
    "k": 50,
    "n": 128,
    "d": 5,
    "k_true": 16,
    "rand_score": 0.9441437007874016,
    "adjusted_rand_score": 0.22396295997200463,
    "accuracy": 0.375,
    "f1_score": 0.15813519813519814,
    "precision": 0.2518095238095238,
    "recall": 0.12,
    "sigui": 0.18891315087278723,
    "sse": 55.28321036678348,
    "sc": 0.17354009412174443,
    "ch": 16.83646190145417,
    "db": 0.8222955124255868,
    "bic": -1366.1105613494456,
    "xb": 82.24565205626351
}