{
    "dataset": "blobs-P10-K2-N1024-dt0.10-S0",
    "algorithm": "kmeans",
    "k": 10,
    "n": 1024,
    "d": 10,
    "k_true": 2,
    "rand_score": 0.6018832478005866,
    "adjusted_rand_score": 0.20314551693408003,
    "accuracy": 0.240234375,
    "f1_score": 0.077383504008891,
    "precision": 0.2,
    "recall": 0.048046875,
    "sigui": 0.4648441187341529,
    "sse": 5419.528490426924,
    "sc": 0.09674419122119086,
    "ch": 100.21286126728157,
    "db": 2.071640825142067,
    "bic": -13999.844206780132,
    "xb": 1324.0990966548563
}