{
    "dataset": "blobs-P10-K8-N128-dt0.10-S0",
    "algorithm": "kmeans",
    "k": 25,
    "n": 128,
    "d": 10,
    "k_true": 8,
    "rand_score": 0.9303641732283464,
    "adjusted_rand_score": 0.5511246549850753,
    "accuracy": 0.53125,
    "f1_score": 0.21620237154150196,
    "precision": 0.32,
    "recall": 0.17,
    "sigui": 0.16221685408252529,
    "sse": 53.049205218410364,
    "sc": 0.17553866250703282,
    "ch": 99.25999467710983,
    "db": 1.4968753493365703,
    "bic": -849.3971757510741,
    "xb": 188.8723100690406
}