{
    "dataset": "blobs-P2-K16-N1024-dt0.90-S8",
    "algorithm": "kmeans",
    "k": 16,
    "n": 1024,
    "d": 2,
    "k_true": 16,
    "rand_score": 0.9577147482893451,
    "adjusted_rand_score": 0.6451823951090823,
    "accuracy": 0.7451171875,
    "f1_score": 0.7365826114120677,
    "precision": 0.7473861060070928,
    "recall": 0.7451171875,
    "sigui": 0.11641626575491153,
    "sse": 47.913565427997526,
    "sc": 0.43338730764551947,
    "ch": 2805.172339036591,
    "db": 0.7938983055054127,
    "bic": -2030.40515858158,
    "xb": 263.1987030241329
}