{
    "dataset": "blobs-P2-K32-N64-dt0.10-S0",
    "algorithm": "kmeans",
    "k": 20,
    "n": 64,
    "d": 2,
    "k_true": 32,
    "rand_score": 0.9761904761904762,
    "adjusted_rand_score": 0.5614849187935035,
    "accuracy": 0.625,
    "f1_score": 0.49999999999999994,
    "precision": 0.4375,
    "recall": 0.625,
    "sigui": 0.064222173342078,
    "sse": 0.9830598801090586,
    "sc": 0.7508769617567768,
    "ch": 299.2132003968968,
    "db": 0.36005789540893474,
    "bic": -187.2836460557466,
    "xb": 18.070478217147592
}