{
    "dataset": "blobs-P2-K2-N64-dt0.20-S1",
    "algorithm": "kmeans",
    "k": 16,
    "n": 64,
    "d": 2,
    "k_true": 2,
    "rand_score": 0.5669642857142857,
    "adjusted_rand_score": 0.12174440700701021,
    "accuracy": 0.234375,
    "f1_score": 0.047435897435897434,
    "precision": 0.125,
    "recall": 0.029296875,
    "sigui": 0.1341701214745074,
    "sse": 4.858997270119888,
    "sc": 0.33500619470769466,
    "ch": 81.09722784962457,
    "db": 0.6807050513699734,
    "bic": -243.85258361057743,
    "xb": 40.81310143323471
}