{
    "dataset": "blobs-P5-K8-N1024-dt0.10-S0",
    "algorithm": "kmeans",
    "k": 4,
    "n": 1024,
    "d": 5,
    "k_true": 8,
    "rand_score": 0.8748778103616813,
    "adjusted_rand_score": 0.5983510011778563,
    "accuracy": 0.5,
    "f1_score": 0.3333333333333333,
    "precision": 0.25,
    "recall": 0.5,
    "sigui": 0.2920789018542009,
    "sse": 768.4521281294838,
    "sc": 0.6138456111243678,
    "ch": 1925.3330458428716,
    "db": 0.6818439440272139,
    "bic": -3912.60744873566,
    "xb": 167.25669576025302
}