{
    "dataset": "blobs-P5-K8-N1024-dt0.80-S7",
    "algorithm": "kmeans",
    "k": 10,
    "n": 1024,
    "d": 5,
    "k_true": 8,
    "rand_score": 0.8589511546920822,
    "adjusted_rand_score": 0.29511804207971365,
    "accuracy": 0.490234375,
    "f1_score": 0.4311481892650383,
    "precision": 0.48486976349754485,
    "recall": 0.3921875,
    "sigui": 0.42695845185687653,
    "sse": 2147.368085752377,
    "sc": 0.15766110130393807,
    "ch": 155.96605501747823,
    "db": 1.5523266802415576,
    "bic": -7596.437856187793,
    "xb": 769.3994978975466
}