{
    "dataset": "blobs-P2-K32-N1024-dt0.80-S7",
    "algorithm": "kmeans",
    "k": 3,
    "n": 1024,
    "d": 2,
    "k_true": 32,
    "rand_score": 0.6765048417644184,
    "adjusted_rand_score": 0.10744323675372607,
    "accuracy": 0.09375,
    "f1_score": 0.01712452180198566,
    "precision": 0.009499988636679283,
    "recall": 0.09375,
    "sigui": 0.3616703465065157,
    "sse": 763.0613215339488,
    "sc": 0.4325328820028673,
    "ch": 859.6441424108226,
    "db": 0.8415004594675676,
    "bic": -3016.8439309685114,
    "xb": 203.59294734727033
}