{
    "dataset": "blobs-P2-K4-N1024-dt0.30-S2",
    "algorithm": "kmeans",
    "k": 10,
    "n": 1024,
    "d": 2,
    "k_true": 4,
    "rand_score": 0.8410370081867058,
    "adjusted_rand_score": 0.47227369158238464,
    "accuracy": 0.45703125,
    "f1_score": 0.248333120927686,
    "precision": 0.38931797651309846,
    "recall": 0.1828125,
    "sigui": 0.1215770036347858,
    "sse": 67.14276580960828,
    "sc": 0.32931284362703295,
    "ch": 3324.1552163921488,
    "db": 0.9977965956822267,
    "bic": -1844.1302079310487,
    "xb": 285.0366902606695
}