{
    "dataset": "blobs-P10-K8-N64-dt0.40-S3",
    "algorithm": "kmeans",
    "k": 2,
    "n": 64,
    "d": 10,
    "k_true": 8,
    "rand_score": 0.4126984126984127,
    "adjusted_rand_score": 0.050944068400427506,
    "accuracy": 0.21875,
    "f1_score": 0.10266457680250783,
    "precision": 0.07357142857142857,
    "recall": 0.21875,
    "sigui": 0.5587247050972112,
    "sse": 557.7319879093973,
    "sc": 0.14966544446438393,
    "ch": 9.145282788488649,
    "db": 2.116747067008378,
    "bic": -943.6198389932792,
    "xb": 70.46603365035537
}