{
    "dataset": "blobs-P10-K4-N128-dt0.40-S3",
    "algorithm": "kmeans",
    "k": 4,
    "n": 128,
    "d": 10,
    "k_true": 4,
    "rand_score": 0.7883858267716536,
    "adjusted_rand_score": 0.44346213229111997,
    "accuracy": 0.7109375,
    "f1_score": 0.70214568040655,
    "precision": 0.7239783261522392,
    "recall": 0.7109375,
    "sigui": 0.5035100752355398,
    "sse": 842.0784511489446,
    "sc": 0.12196636500496907,
    "ch": 21.495333751639578,
    "db": 2.0498063971396525,
    "bic": -1827.2335285105696,
    "xb": 152.30351129767067
}