{
    "dataset": "blobs-P10-K32-N64-dt0.90-S8",
    "algorithm": "kmeans",
    "k": 2,
    "n": 64,
    "d": 10,
    "k_true": 32,
    "rand_score": 0.4905753968253968,
    "adjusted_rand_score": 0.012454782728146893,
    "accuracy": 0.0625,
    "f1_score": 0.0076784101174345075,
    "precision": 0.0041025641025641026,
    "recall": 0.0625,
    "sigui": 0.5580562470200431,
    "sse": 569.2308187991093,
    "sc": 0.09159250312203819,
    "ch": 7.708102037960294,
    "db": 2.6732294535394665,
    "bic": -959.3473825289566,
    "xb": 111.5327203088594
}