{
    "dataset": "blobs-P5-K2-N1024-dt1.00-S9",
    "algorithm": "kmeans",
    "k": 16,
    "n": 1024,
    "d": 5,
    "k_true": 2,
    "rand_score": 0.5081847965542522,
    "adjusted_rand_score": 0.01553055885775019,
    "accuracy": 0.1103515625,
    "f1_score": 0.02383878925299667,
    "precision": 0.08771219135802469,
    "recall": 0.0137939453125,
    "sigui": 0.41122507468314773,
    "sse": 2100.7555558427352,
    "sc": 0.13588564013657425,
    "ch": 96.58107345382037,
    "db": 1.4730820230194965,
    "bic": -8135.887779610728,
    "xb": 711.9790312986067
}