{
    "dataset": "blobs-P2-K2-N1024-dt0.80-S7",
    "algorithm": "kmeans",
    "k": 2,
    "n": 1024,
    "d": 2,
    "k_true": 2,
    "rand_score": 0.5540402767595308,
    "adjusted_rand_score": 0.10807978448291258,
    "accuracy": 0.6650390625,
    "f1_score": 0.6650310762185149,
    "precision": 0.6650548033526757,
    "recall": 0.6650390625,
    "sigui": 0.3956619202544327,
    "sse": 1349.5978049555247,
    "sc": 0.327110270449357,
    "ch": 529.1413301082606,
    "db": 1.2014709303330586,
    "bic": -3209.4499197614678,
    "xb": 418.8921593387218
}