{
    "dataset": "blobs-P2-K2-N64-dt1.00-S9",
    "algorithm": "kmeans",
    "k": 4,
    "n": 64,
    "d": 2,
    "k_true": 2,
    "rand_score": 0.5798611111111112,
    "adjusted_rand_score": 0.15309410065548273,
    "accuracy": 0.46875,
    "f1_score": 0.3027823240589198,
    "precision": 0.43333333333333335,
    "recall": 0.234375,
    "sigui": 0.31950269270181475,
    "sse": 37.3382002955865,
    "sc": 0.34981347028147347,
    "ch": 48.56249041822727,
    "db": 0.8717490309819591,
    "bic": -214.52197063380368,
    "xb": 22.486721822215603
}