{
    "dataset": "blobs-P10-K32-N128-dt0.90-S8",
    "algorithm": "kmeans",
    "k": 3,
    "n": 128,
    "d": 10,
    "k_true": 32,
    "rand_score": 0.6660925196850394,
    "adjusted_rand_score": 0.015531995110192051,
    "accuracy": 0.09375,
    "f1_score": 0.016194855868768912,
    "precision": 0.008869830827067668,
    "recall": 0.09375,
    "sigui": 0.5535934174954429,
    "sse": 1058.423702372736,
    "sc": 0.088273655895208,
    "ch": 13.084097201015897,
    "db": 2.5256910479307586,
    "bic": -1914.8594422201365,
    "xb": 200.591603733288
}