{
    "dataset": "blobs-P5-K16-N128-dt0.70-S6",
    "algorithm": "kmeans",
    "k": 50,
    "n": 128,
    "d": 5,
    "k_true": 16,
    "rand_score": 0.9541092519685039,
    "adjusted_rand_score": 0.3475338484635621,
    "accuracy": 0.453125,
    "f1_score": 0.19244888444888442,
    "precision": 0.30200000000000005,
    "recall": 0.145,
    "sigui": 0.17754541561145695,
    "sse": 40.97904344889356,
    "sc": 0.18930337959504212,
    "ch": 23.269053722025387,
    "db": 0.87641189221141,
    "bic": -1276.0996077308712,
    "xb": 78.4028380221383
}