{
    "dataset": "blobs-P5-K4-N64-dt0.40-S3",
    "algorithm": "kmeans",
    "k": 20,
    "n": 64,
    "d": 5,
    "k_true": 4,
    "rand_score": 0.7951388888888888,
    "adjusted_rand_score": 0.22500223393798588,
    "accuracy": 0.34375,
    "f1_score": 0.10095238095238095,
    "precision": 0.2,
    "recall": 0.06875,
    "sigui": 0.22965128278882538,
    "sse": 36.09109568810551,
    "sc": 0.18457473872467764,
    "ch": 18.217048819257258,
    "db": 0.9800653052153475,
    "bic": -546.7002642872276,
    "xb": 45.67103037216524
}