{
    "dataset": "blobs-P10-K4-N64-dt0.40-S3",
    "algorithm": "kmeans",
    "k": 16,
    "n": 64,
    "d": 10,
    "k_true": 4,
    "rand_score": 0.78125,
    "adjusted_rand_score": 0.23418506574051104,
    "accuracy": 0.390625,
    "f1_score": 0.12329744816586923,
    "precision": 0.20188492063492064,
    "recall": 0.09765625,
    "sigui": 0.37417882322302964,
    "sse": 217.2570964814336,
    "sc": 0.12985954938261213,
    "ch": 6.226619581906355,
    "db": 1.169685660667848,
    "bic": -1100.2896690397624,
    "xb": 40.3223511731957
}