{
    "dataset": "blobs-P10-K4-N64-dt0.50-S4",
    "algorithm": "kmeans",
    "k": 8,
    "n": 64,
    "d": 10,
    "k_true": 4,
    "rand_score": 0.7579365079365079,
    "adjusted_rand_score": 0.21471264367816092,
    "accuracy": 0.4375,
    "f1_score": 0.266592617152962,
    "precision": 0.3479967948717949,
    "recall": 0.21875,
    "sigui": 0.4798538983417143,
    "sse": 383.66951786445685,
    "sc": 0.0716523546753658,
    "ch": 5.344818291790379,
    "db": 1.8838937784207703,
    "bic": -1055.7810409993579,
    "xb": 93.00458727877606
}