{
    "dataset": "blobs-P2-K8-N128-dt0.70-S6",
    "algorithm": "kmeans",
    "k": 4,
    "n": 128,
    "d": 2,
    "k_true": 8,
    "rand_score": 0.7849409448818898,
    "adjusted_rand_score": 0.36933671208281726,
    "accuracy": 0.4921875,
    "f1_score": 0.3494778613199666,
    "precision": 0.2811979686979687,
    "recall": 0.4921875,
    "sigui": 0.3032078992976207,
    "sse": 58.80541499644931,
    "sc": 0.4359122727759814,
    "ch": 138.60474437553478,
    "db": 0.72636325970729,
    "bic": -370.7969544169617,
    "xb": 25.39351598820624
}