{
    "dataset": "blobs-P10-K4-N64-dt0.80-S7",
    "algorithm": "kmeans",
    "k": 20,
    "n": 64,
    "d": 10,
    "k_true": 4,
    "rand_score": 0.7266865079365079,
    "adjusted_rand_score": -0.01992066989863376,
    "accuracy": 0.171875,
    "f1_score": 0.04925358851674642,
    "precision": 0.09722222222222222,
    "recall": 0.034375,
    "sigui": 0.3682919457318936,
    "sse": 224.45357975171353,
    "sc": 0.08643681036911924,
    "ch": 4.287381056263999,
    "db": 1.2355274585729448,
    "bic": -1228.8432658318216,
    "xb": 59.31953065710552
}