{
    "dataset": "blobs-P5-K16-N64-dt0.80-S7",
    "algorithm": "kmeans",
    "k": 32,
    "n": 64,
    "d": 5,
    "k_true": 16,
    "rand_score": 0.9657738095238095,
    "adjusted_rand_score": 0.5018906840838776,
    "accuracy": 0.625,
    "f1_score": 0.3715277777777778,
    "precision": 0.48333333333333334,
    "recall": 0.3125,
    "sigui": 0.1287938960529699,
    "sse": 10.182722168363123,
    "sc": 0.25721492487895214,
    "ch": 31.40725812609999,
    "db": 0.6495507950811487,
    "bic": -547.3753792601445,
    "xb": 30.42690668350474
}