{
    "dataset": "blobs-P2-K4-N64-dt1.00-S9",
    "algorithm": "kmeans",
    "k": 25,
    "n": 64,
    "d": 2,
    "k_true": 4,
    "rand_score": 0.7668650793650794,
    "adjusted_rand_score": 0.09764125068568294,
    "accuracy": 0.234375,
    "f1_score": 0.059107769423558894,
    "precision": 0.14400000000000002,
    "recall": 0.0375,
    "sigui": 0.09328248395489505,
    "sse": 2.5550963411700645,
    "sc": 0.3186429334946431,
    "ch": 79.78093239030268,
    "db": 0.5211524847939379,
    "bic": -289.17972492657293,
    "xb": 52.22802263498837
}