{
    "dataset": "blobs-P2-K8-N64-dt0.40-S3",
    "algorithm": "kmeans",
    "k": 10,
    "n": 64,
    "d": 2,
    "k_true": 8,
    "rand_score": 0.9657738095238095,
    "adjusted_rand_score": 0.8155628155628155,
    "accuracy": 0.859375,
    "f1_score": 0.7207142857142858,
    "precision": 0.775,
    "recall": 0.6875,
    "sigui": 0.0961942877013508,
    "sse": 2.541925440706358,
    "sc": 0.5483330235802423,
    "ch": 296.13317342092694,
    "db": 0.5793972953222213,
    "bic": -137.69824425424582,
    "xb": 25.980285641672236
}