{
    "dataset": "blobs-P5-K8-N128-dt0.50-S4",
    "algorithm": "kmeans",
    "k": 50,
    "n": 128,
    "d": 5,
    "k_true": 8,
    "rand_score": 0.8800442913385826,
    "adjusted_rand_score": 0.092012348485404,
    "accuracy": 0.2109375,
    "f1_score": 0.05388972431077693,
    "precision": 0.1383333333333333,
    "recall": 0.03375,
    "sigui": 0.1939902558361899,
    "sse": 57.11012295788939,
    "sc": 0.18856216440536405,
    "ch": 16.246953613477572,
    "db": 0.8143770303636073,
    "bic": -1378.0391812886394,
    "xb": 55.93222484770838
}