{
    "dataset": "blobs-P10-K32-N128-dt0.20-S1",
    "algorithm": "kmeans",
    "k": 2,
    "n": 128,
    "d": 10,
    "k_true": 32,
    "rand_score": 0.4799458661417323,
    "adjusted_rand_score": 0.03437080100802789,
    "accuracy": 0.0625,
    "f1_score": 0.007975604034717334,
    "precision": 0.00428380187416332,
    "recall": 0.0625,
    "sigui": 0.5673426870848889,
    "sse": 1137.7419024524143,
    "sc": 0.11396271852718995,
    "ch": 15.754469666942292,
    "db": 2.6347591724399693,
    "bic": -1877.2875721508797,
    "xb": 212.57028298195303
}