{
    "dataset": "blobs-P2-K2-N1024-dt0.20-S1",
    "algorithm": "kmeans",
    "k": 3,
    "n": 1024,
    "d": 2,
    "k_true": 2,
    "rand_score": 0.7737907044232649,
    "adjusted_rand_score": 0.5474423449410177,
    "accuracy": 0.724609375,
    "f1_score": 0.5565787064248496,
    "precision": 0.6627979779523723,
    "recall": 0.4830729166666667,
    "sigui": 0.33155058083591166,
    "sse": 795.5755957104783,
    "sc": 0.4162344969864359,
    "ch": 803.6479020184462,
    "db": 0.8482179512517094,
    "bic": -3078.592605903399,
    "xb": 212.9662795999731
}