{
    "dataset": "blobs-P5-K8-N128-dt0.70-S6",
    "algorithm": "kmeans",
    "k": 16,
    "n": 128,
    "d": 5,
    "k_true": 8,
    "rand_score": 0.8937007874015748,
    "adjusted_rand_score": 0.35318667326872744,
    "accuracy": 0.46875,
    "f1_score": 0.29363255605103433,
    "precision": 0.40287472943722946,
    "recall": 0.234375,
    "sigui": 0.32028910483500067,
    "sse": 140.7950422456067,
    "sc": 0.1685498077374108,
    "ch": 26.4739223657982,
    "db": 1.3441366269173396,
    "bic": -1008.8692688423489,
    "xb": 124.38524379083296
}