{
    "dataset": "blobs-P10-K8-N128-dt1.00-S9",
    "algorithm": "kmeans",
    "k": 4,
    "n": 128,
    "d": 10,
    "k_true": 8,
    "rand_score": 0.7102608267716536,
    "adjusted_rand_score": 0.0834020331046065,
    "accuracy": 0.3046875,
    "f1_score": 0.20818977591036414,
    "precision": 0.16317586245024326,
    "recall": 0.3046875,
    "sigui": 0.5378460632932178,
    "sse": 1001.861286530324,
    "sc": 0.0812241213432556,
    "ch": 11.47504181597961,
    "db": 2.3920486699591503,
    "bic": -1939.731736526374,
    "xb": 214.6437055422073
}