{
    "dataset": "blobs-P5-K8-N64-dt0.60-S5",
    "algorithm": "kmeans",
    "k": 20,
    "n": 64,
    "d": 5,
    "k_true": 8,
    "rand_score": 0.8983134920634921,
    "adjusted_rand_score": 0.32243848696290855,
    "accuracy": 0.453125,
    "f1_score": 0.23039215686274508,
    "precision": 0.35277777777777775,
    "recall": 0.18125,
    "sigui": 0.2591258674094616,
    "sse": 51.80149104989058,
    "sc": 0.2076744615233435,
    "ch": 11.989834101228555,
    "db": 0.8744228125717409,
    "bic": -605.4763871942946,
    "xb": 41.87949275616702
}