{
    "dataset": "blobs-P5-K2-N128-dt0.60-S5",
    "algorithm": "kmeans",
    "k": 16,
    "n": 128,
    "d": 5,
    "k_true": 2,
    "rand_score": 0.5178395669291339,
    "adjusted_rand_score": 0.029116005610185725,
    "accuracy": 0.171875,
    "f1_score": 0.03530979347101932,
    "precision": 0.1,
    "recall": 0.021484375,
    "sigui": 0.37733712234771827,
    "sse": 213.77565738539053,
    "sc": 0.1515863738989594,
    "ch": 14.886985405382768,
    "db": 1.327852508418064,
    "bic": -1132.666979665482,
    "xb": 82.81061291755259
}