{
    "dataset": "blobs-P5-K16-N1024-dt0.10-S0",
    "algorithm": "kmeans",
    "k": 20,
    "n": 1024,
    "d": 5,
    "k_true": 16,
    "rand_score": 0.9926724401270772,
    "adjusted_rand_score": 0.9328713921703414,
    "accuracy": 0.90234375,
    "f1_score": 0.7510850779147697,
    "precision": 0.8,
    "recall": 0.721875,
    "sigui": 0.06118063820411683,
    "sse": 30.558577085830407,
    "sc": 0.6828313259153853,
    "ch": 8801.310785412348,
    "db": 0.8117344669828201,
    "bic": 2420.712167422348,
    "xb": 606.611534102382
}