{
    "dataset": "blobs-P5-K16-N64-dt1.00-S9",
    "algorithm": "kmeans",
    "k": 25,
    "n": 64,
    "d": 5,
    "k_true": 16,
    "rand_score": 0.9360119047619048,
    "adjusted_rand_score": 0.17634539373669808,
    "accuracy": 0.46875,
    "f1_score": 0.34425396825396826,
    "precision": 0.444,
    "recall": 0.3,
    "sigui": 0.2498823377757303,
    "sse": 42.95641096439148,
    "sc": 0.14536329408224208,
    "ch": 10.480294374594088,
    "db": 0.9253658602094805,
    "bic": -660.9743465262662,
    "xb": 34.097282015584895
}