{
    "dataset": "blobs-P10-K4-N64-dt0.20-S1",
    "algorithm": "kmeans",
    "k": 10,
    "n": 64,
    "d": 10,
    "k_true": 4,
    "rand_score": 0.8814484126984127,
    "adjusted_rand_score": 0.6057654544026392,
    "accuracy": 0.59375,
    "f1_score": 0.28787878787878785,
    "precision": 0.4,
    "recall": 0.2375,
    "sigui": 0.3896757355209401,
    "sse": 212.56669740338575,
    "sc": 0.15915920221297142,
    "ch": 12.064918197006511,
    "db": 1.6325562862613416,
    "bic": -926.5288295698961,
    "xb": 62.75157644274431
}