{
    "dataset": "blobs-P5-K8-N1024-dt0.40-S3",
    "algorithm": "kmeans",
    "k": 2,
    "n": 1024,
    "d": 5,
    "k_true": 8,
    "rand_score": 0.5967761027614858,
    "adjusted_rand_score": 0.20647359664334555,
    "accuracy": 0.25,
    "f1_score": 0.10146877036002092,
    "precision": 0.06394629510372149,
    "recall": 0.25,
    "sigui": 0.5213555363312283,
    "sse": 3843.738026290456,
    "sc": 0.2595923768646841,
    "ch": 339.35631961413674,
    "db": 1.6827103966592416,
    "bic": -7270.742293177446,
    "xb": 687.9676856683757
}