{
    "dataset": "blobs-P5-K4-N1024-dt0.60-S5",
    "algorithm": "kmeans",
    "k": 20,
    "n": 1024,
    "d": 5,
    "k_true": 4,
    "rand_score": 0.7449081286656891,
    "adjusted_rand_score": 0.07441371200391514,
    "accuracy": 0.1689453125,
    "f1_score": 0.05496364251146949,
    "precision": 0.14895489430726552,
    "recall": 0.0337890625,
    "sigui": 0.3877081656773772,
    "sse": 1797.1318246519206,
    "sc": 0.13858279661124168,
    "ch": 97.7042126174297,
    "db": 1.5222356911609125,
    "bic": -8032.765751759736,
    "xb": 733.1854263246968
}