{
    "dataset": "blobs-P5-K4-N128-dt0.20-S1",
    "algorithm": "kmeans",
    "k": 10,
    "n": 128,
    "d": 5,
    "k_true": 4,
    "rand_score": 0.8463336614173228,
    "adjusted_rand_score": 0.47916126257170344,
    "accuracy": 0.46875,
    "f1_score": 0.25289543283464255,
    "precision": 0.39333333333333337,
    "recall": 0.1875,
    "sigui": 0.28543179352882925,
    "sse": 97.82445205387258,
    "sc": 0.23433456254220209,
    "ch": 72.66612489620195,
    "db": 1.3848792241213403,
    "bic": -744.0339363730695,
    "xb": 101.35549916713646
}