{
    "dataset": "blobs-P2-K16-N64-dt0.50-S4",
    "algorithm": "kmeans",
    "k": 32,
    "n": 64,
    "d": 2,
    "k_true": 16,
    "rand_score": 0.9742063492063492,
    "adjusted_rand_score": 0.6318273769386379,
    "accuracy": 0.703125,
    "f1_score": 0.4017857142857143,
    "precision": 0.4895833333333333,
    "recall": 0.3515625,
    "sigui": 0.026232196420843543,
    "sse": 0.19999630815585298,
    "sc": 0.42425203737619543,
    "ch": 659.6250984457807,
    "db": 0.3587637647040053,
    "bic": -193.19922659174557,
    "xb": 92.55843957929945
}