{
    "dataset": "blobs-P5-K16-N128-dt0.70-S6",
    "algorithm": "kmeans",
    "k": 2,
    "n": 128,
    "d": 5,
    "k_true": 16,
    "rand_score": 0.5433070866141733,
    "adjusted_rand_score": 0.0874133725657207,
    "accuracy": 0.125,
    "f1_score": 0.027972027972027972,
    "precision": 0.015763546798029555,
    "recall": 0.125,
    "sigui": 0.511574882082539,
    "sse": 497.3454739551538,
    "sc": 0.21393699039080305,
    "ch": 36.14081402753733,
    "db": 1.7645540280108507,
    "bic": -944.7331818930847,
    "xb": 100.419150453918
}