{
    "dataset": "blobs-P5-K32-N64-dt0.90-S8",
    "algorithm": "kmeans",
    "k": 16,
    "n": 64,
    "d": 5,
    "k_true": 32,
    "rand_score": 0.9384920634920635,
    "adjusted_rand_score": 0.22407628128724671,
    "accuracy": 0.453125,
    "f1_score": 0.3275297619047619,
    "precision": 0.2875,
    "recall": 0.453125,
    "sigui": 0.297125964934035,
    "sse": 58.18954661872287,
    "sc": 0.2583717562002047,
    "ch": 14.397662458337855,
    "db": 0.8832687028296851,
    "bic": -555.5036526933478,
    "xb": 27.799047304937524
}