{
    "dataset": "blobs-P5-K4-N1024-dt0.20-S1",
    "algorithm": "kmeans",
    "k": 3,
    "n": 1024,
    "d": 5,
    "k_true": 4,
    "rand_score": 0.8701505987292277,
    "adjusted_rand_score": 0.7012482548623612,
    "accuracy": 0.75,
    "f1_score": 0.6640465188641322,
    "precision": 0.6179762977687558,
    "recall": 0.75,
    "sigui": 0.38095898802917144,
    "sse": 1699.5071995478197,
    "sc": 0.4430394088709726,
    "ch": 1027.4517078217916,
    "db": 0.9229127027008918,
    "bic": -5575.526028460968,
    "xb": 273.97475900235514
}