{
    "dataset": "blobs-P2-K2-N1024-dt0.20-S1",
    "algorithm": "kmeans",
    "k": 4,
    "n": 1024,
    "d": 2,
    "k_true": 2,
    "rand_score": 0.7457252718719453,
    "adjusted_rand_score": 0.4912019384053849,
    "accuracy": 0.5234375,
    "f1_score": 0.34311103824240685,
    "precision": 0.4981403387487038,
    "recall": 0.26171875,
    "sigui": 0.2912569562414229,
    "sse": 511.24879096374815,
    "sc": 0.4284377494960506,
    "ch": 1021.9983309640244,
    "db": 0.7730906734435417,
    "bic": -2944.422863786479,
    "xb": 185.97377089589529
}