{
    "dataset": "blobs-P5-K32-N1024-dt1.00-S9",
    "algorithm": "kmeans",
    "k": 8,
    "n": 1024,
    "d": 5,
    "k_true": 32,
    "rand_score": 0.8776270772238515,
    "adjusted_rand_score": 0.20331575117402723,
    "accuracy": 0.2412109375,
    "f1_score": 0.10076116589536491,
    "precision": 0.06471472989272921,
    "recall": 0.2412109375,
    "sigui": 0.41534345698789665,
    "sse": 2144.1026934171064,
    "sc": 0.1968357404758379,
    "ch": 201.45034982106978,
    "db": 1.4171051932561558,
    "bic": -7302.399245166218,
    "xb": 677.543759310156
}