{
    "dataset": "blobs-P2-K4-N128-dt0.60-S5",
    "algorithm": "kmeans",
    "k": 50,
    "n": 128,
    "d": 2,
    "k_true": 4,
    "rand_score": 0.7623031496062992,
    "adjusted_rand_score": 0.059684676053315344,
    "accuracy": 0.1328125,
    "f1_score": 0.018476371107950054,
    "precision": 0.07266666666666667,
    "recall": 0.010625,
    "sigui": 0.06133709080845441,
    "sse": 2.115261379191226,
    "sc": 0.3546423546763249,
    "ch": 191.06057402195935,
    "db": 0.5670843646508655,
    "bic": -612.6243511542816,
    "xb": 89.72339003626476
}