{
    "dataset": "blobs-P2-K8-N64-dt0.60-S5",
    "algorithm": "kmeans",
    "k": 10,
    "n": 64,
    "d": 2,
    "k_true": 8,
    "rand_score": 0.8874007936507936,
    "adjusted_rand_score": 0.44828517418309477,
    "accuracy": 0.640625,
    "f1_score": 0.5155466102524926,
    "precision": 0.5588461538461539,
    "recall": 0.5125,
    "sigui": 0.10056688759217222,
    "sse": 3.2394773061463904,
    "sc": 0.38614550056161656,
    "ch": 231.07528326957026,
    "db": 0.7355426041437132,
    "bic": -145.9170883765893,
    "xb": 30.997386856294103
}