{
    "dataset": "blobs-P10-K8-N64-dt0.10-S0",
    "algorithm": "kmeans",
    "k": 4,
    "n": 64,
    "d": 10,
    "k_true": 8,
    "rand_score": 0.8412698412698413,
    "adjusted_rand_score": 0.5054945054945055,
    "accuracy": 0.5,
    "f1_score": 0.35416666666666663,
    "precision": 0.29166666666666663,
    "recall": 0.5,
    "sigui": 0.41952270247374146,
    "sse": 248.47995580902287,
    "sc": 0.40384640939906136,
    "ch": 31.513209418943422,
    "db": 0.9904178452880827,
    "bic": -782.0513514749423,
    "xb": 20.48922224021901
}