{
    "dataset": "blobs-P5-K32-N128-dt1.00-S9",
    "algorithm": "kmeans",
    "k": 32,
    "n": 128,
    "d": 5,
    "k_true": 32,
    "rand_score": 0.9697342519685039,
    "adjusted_rand_score": 0.4429625931605035,
    "accuracy": 0.640625,
    "f1_score": 0.6321315836940836,
    "precision": 0.6897118506493506,
    "recall": 0.640625,
    "sigui": 0.23723499583733565,
    "sse": 70.82061230077397,
    "sc": 0.2496923179911495,
    "ch": 24.888517368937983,
    "db": 0.9264447710127941,
    "bic": -1109.0545256990708,
    "xb": 69.7649308448817
}