{
    "dataset": "blobs-P5-K4-N1024-dt0.60-S5",
    "algorithm": "kmeans",
    "k": 3,
    "n": 1024,
    "d": 5,
    "k_true": 4,
    "rand_score": 0.6918549150782014,
    "adjusted_rand_score": 0.2604445715444096,
    "accuracy": 0.572265625,
    "f1_score": 0.48967449372580024,
    "precision": 0.42854860442879356,
    "recall": 0.572265625,
    "sigui": 0.48834849446754613,
    "sse": 3533.6969806383004,
    "sc": 0.16570849466188636,
    "ch": 229.1672703746857,
    "db": 1.8092536360849343,
    "bic": -7501.317125894276,
    "xb": 941.2014235963078
}