{
    "dataset": "blobs-P10-K8-N128-dt0.50-S4",
    "algorithm": "kmeans",
    "k": 25,
    "n": 128,
    "d": 10,
    "k_true": 8,
    "rand_score": 0.8763533464566929,
    "adjusted_rand_score": 0.17238897426420527,
    "accuracy": 0.3046875,
    "f1_score": 0.13347973507973507,
    "precision": 0.22856565656565656,
    "recall": 0.0975,
    "sigui": 0.40126586000385767,
    "sse": 473.91932633834125,
    "sc": 0.07893687020252795,
    "ch": 7.299616971788552,
    "db": 1.6453102690081267,
    "bic": -2260.8334713168742,
    "xb": 128.56924285874894
}