{
    "dataset": "blobs-P5-K2-N64-dt0.20-S1",
    "algorithm": "kmeans",
    "k": 16,
    "n": 64,
    "d": 5,
    "k_true": 2,
    "rand_score": 0.5823412698412699,
    "adjusted_rand_score": 0.15324202662580214,
    "accuracy": 0.234375,
    "f1_score": 0.047435897435897434,
    "precision": 0.125,
    "recall": 0.029296875,
    "sigui": 0.2864969652187298,
    "sse": 65.89673642473171,
    "sc": 0.09632175119689797,
    "ch": 12.339464555572171,
    "db": 1.0561331186968608,
    "bic": -569.1110824398111,
    "xb": 55.176029029620736
}