{
    "dataset": "blobs-P5-K8-N1024-dt0.20-S1",
    "algorithm": "kmeans",
    "k": 2,
    "n": 1024,
    "d": 5,
    "k_true": 8,
    "rand_score": 0.6236635508308895,
    "adjusted_rand_score": 0.24678227772786698,
    "accuracy": 0.25,
    "f1_score": 0.10000097657203683,
    "precision": 0.06250095368886854,
    "recall": 0.25,
    "sigui": 0.48386874175799194,
    "sse": 2945.0061739502344,
    "sc": 0.39207699442841826,
    "ch": 754.7840510097425,
    "db": 1.129111934226391,
    "bic": -6600.542485031935,
    "xb": 328.30557472472793
}