{
    "dataset": "blobs-P10-K32-N1024-dt0.60-S5",
    "algorithm": "kmeans",
    "k": 32,
    "n": 1024,
    "d": 10,
    "k_true": 32,
    "rand_score": 0.9488712732160313,
    "adjusted_rand_score": 0.14550260969114948,
    "accuracy": 0.33203125,
    "f1_score": 0.3308687901510311,
    "precision": 0.33658105669400296,
    "recall": 0.33203125,
    "sigui": 0.4629911246024097,
    "sse": 5140.889167424386,
    "sc": 0.07914242278217806,
    "ch": 31.739946403895996,
    "db": 1.9438552433536145,
    "bic": -15754.593430625575,
    "xb": 1418.8074123779713
}