{
    "dataset": "blobs-P2-K32-N1024-dt0.70-S6",
    "algorithm": "kmeans",
    "k": 25,
    "n": 1024,
    "d": 2,
    "k_true": 32,
    "rand_score": 0.9802090970185728,
    "adjusted_rand_score": 0.7268349788704727,
    "accuracy": 0.755859375,
    "f1_score": 0.6859925039689672,
    "precision": 0.6492117395031489,
    "recall": 0.755859375,
    "sigui": 0.0706528103825784,
    "sse": 16.604348741356837,
    "sc": 0.5804868251459139,
    "ch": 5092.451700501404,
    "db": 0.5750601045843974,
    "bic": -1469.430185909015,
    "xb": 238.1874423905381
}