{
    "dataset": "blobs-P10-K8-N1024-dt0.10-S0",
    "algorithm": "kmeans",
    "k": 25,
    "n": 1024,
    "d": 10,
    "k_true": 8,
    "rand_score": 0.9199600592619745,
    "adjusted_rand_score": 0.4911594543894521,
    "accuracy": 0.41796875,
    "f1_score": 0.1863942373778991,
    "precision": 0.32,
    "recall": 0.13375,
    "sigui": 0.21948086258655228,
    "sse": 797.5226794969459,
    "sc": 0.11013601169930536,
    "ch": 492.8300204752291,
    "db": 2.240574784489728,
    "bic": -5649.651029968241,
    "xb": 1577.7922333684808
}