{
    "dataset": "blobs-P10-K2-N64-dt0.80-S7",
    "algorithm": "kmeans",
    "k": 10,
    "n": 64,
    "d": 10,
    "k_true": 2,
    "rand_score": 0.5054563492063492,
    "adjusted_rand_score": -0.0003185169849182208,
    "accuracy": 0.265625,
    "f1_score": 0.07157598499061914,
    "precision": 0.12166666666666667,
    "recall": 0.053125,
    "sigui": 0.47002771749223393,
    "sse": 362.12919109415225,
    "sc": 0.0645829591616687,
    "ch": 4.603950453145362,
    "db": 1.6895688122303774,
    "bic": -1091.4868338072893,
    "xb": 59.40727294168252
}