{
    "dataset": "blobs-P2-K4-N1024-dt1.00-S9",
    "algorithm": "kmeans",
    "k": 10,
    "n": 1024,
    "d": 2,
    "k_true": 4,
    "rand_score": 0.7376302083333334,
    "adjusted_rand_score": 0.13245749038753776,
    "accuracy": 0.2890625,
    "f1_score": 0.15599553757599907,
    "precision": 0.24999057727688895,
    "recall": 0.115625,
    "sigui": 0.23361430487448503,
    "sse": 288.4656893142732,
    "sc": 0.32318011618558595,
    "ch": 687.2251120812335,
    "db": 0.8706898041466378,
    "bic": -3329.004104051674,
    "xb": 368.45896747098635
}