{
    "dataset": "blobs-P10-K16-N64-dt0.50-S4",
    "algorithm": "kmeans",
    "k": 8,
    "n": 64,
    "d": 10,
    "k_true": 16,
    "rand_score": 0.8591269841269841,
    "adjusted_rand_score": 0.12832505115463314,
    "accuracy": 0.359375,
    "f1_score": 0.2380426864801865,
    "precision": 0.1860457251082251,
    "recall": 0.359375,
    "sigui": 0.4902376985701244,
    "sse": 378.7559193060601,
    "sc": 0.06641339456052783,
    "ch": 5.517940549630588,
    "db": 1.891989790511624,
    "bic": -1055.0526702787556,
    "xb": 80.6450726328121
}