{
    "dataset": "blobs-P2-K32-N64-dt0.30-S2",
    "algorithm": "kmeans",
    "k": 25,
    "n": 64,
    "d": 2,
    "k_true": 32,
    "rand_score": 0.9861111111111112,
    "adjusted_rand_score": 0.6892177589852009,
    "accuracy": 0.78125,
    "f1_score": 0.7083333333333333,
    "precision": 0.671875,
    "recall": 0.78125,
    "sigui": 0.047756862660360985,
    "sse": 0.6339656022998582,
    "sc": 0.7519174875621439,
    "ch": 326.4685105081908,
    "db": 0.29797147501843724,
    "bic": -206.98318250344,
    "xb": 32.51932129255894
}