{
    "dataset": "blobs-P2-K16-N64-dt0.90-S8",
    "algorithm": "kmeans",
    "k": 16,
    "n": 64,
    "d": 2,
    "k_true": 16,
    "rand_score": 0.9662698412698413,
    "adjusted_rand_score": 0.6554054054054054,
    "accuracy": 0.78125,
    "f1_score": 0.7693452380952381,
    "precision": 0.7916666666666667,
    "recall": 0.78125,
    "sigui": 0.09993963534685293,
    "sse": 2.8826508039929863,
    "sc": 0.5351983198302213,
    "ch": 138.89143869685182,
    "db": 0.5251248721005278,
    "bic": -214.73890382919708,
    "xb": 23.983999330699444
}