{
    "dataset": "blobs-P2-K8-N1024-dt0.70-S6",
    "algorithm": "kmeans",
    "k": 20,
    "n": 1024,
    "d": 2,
    "k_true": 8,
    "rand_score": 0.8982026667888563,
    "adjusted_rand_score": 0.3799934529440899,
    "accuracy": 0.4033203125,
    "f1_score": 0.2174212088299307,
    "precision": 0.3416321780397544,
    "recall": 0.161328125,
    "sigui": 0.12695583587384052,
    "sse": 74.78226850126555,
    "sc": 0.33960899957239704,
    "ch": 1394.300830459846,
    "db": 0.9190606958044352,
    "bic": -2748.2925380309107,
    "xb": 321.01530568442723
}