{
    "dataset": "blobs-P5-K16-N1024-dt1.00-S9",
    "algorithm": "kmeans",
    "k": 4,
    "n": 1024,
    "d": 5,
    "k_true": 16,
    "rand_score": 0.7546031127810362,
    "adjusted_rand_score": 0.13041399451314525,
    "accuracy": 0.2060546875,
    "f1_score": 0.08289489885377363,
    "precision": 0.05199571586960376,
    "recall": 0.2060546875,
    "sigui": 0.48257566635024396,
    "sse": 3292.361129147954,
    "sc": 0.15872946315618452,
    "ch": 188.73908168467244,
    "db": 1.6624354610320538,
    "bic": -7632.469912825856,
    "xb": 740.8684762956908
}