{
    "dataset": "blobs-P2-K4-N128-dt0.10-S0",
    "algorithm": "kmeans",
    "k": 3,
    "n": 128,
    "d": 2,
    "k_true": 4,
    "rand_score": 0.8740157480314961,
    "adjusted_rand_score": 0.7093821510297483,
    "accuracy": 0.75,
    "f1_score": 0.6666666666666666,
    "precision": 0.625,
    "recall": 0.75,
    "sigui": 0.19424646689376307,
    "sse": 24.751842810320536,
    "sc": 0.7606874070707687,
    "ch": 583.9165162413133,
    "db": 0.3705522860404779,
    "bic": -219.1588546020486,
    "xb": 9.960847906216204
}