{
    "dataset": "blobs-P2-K4-N64-dt0.70-S6",
    "algorithm": "kmeans",
    "k": 50,
    "n": 64,
    "d": 2,
    "k_true": 4,
    "rand_score": 0.7624007936507936,
    "adjusted_rand_score": 0.022353970259500436,
    "accuracy": 0.140625,
    "f1_score": 0.019007911936704508,
    "precision": 0.07333333333333333,
    "recall": 0.01125,
    "sigui": 0.01457984018244772,
    "sse": 0.11570860483804908,
    "sc": 0.17650197493856326,
    "ch": 315.77918531804085,
    "db": 0.17098809922175842,
    "bic": -336.57934284528176,
    "xb": 125.91226360787562
}