{
    "dataset": "blobs-P2-K8-N1024-dt0.60-S5",
    "algorithm": "kmeans",
    "k": 2,
    "n": 1024,
    "d": 2,
    "k_true": 8,
    "rand_score": 0.5004963954056696,
    "adjusted_rand_score": 0.15656361737527305,
    "accuracy": 0.25,
    "f1_score": 0.11869573784933524,
    "precision": 0.08290323233549901,
    "recall": 0.25,
    "sigui": 0.41565532538706956,
    "sse": 1108.6855344804346,
    "sc": 0.48040262811349177,
    "ch": 865.871659641409,
    "db": 0.7516724970700566,
    "bic": -2876.3833780262717,
    "xb": 207.48088022276124
}