{
    "dataset": "blobs-P10-K32-N128-dt0.70-S6",
    "algorithm": "kmeans",
    "k": 3,
    "n": 128,
    "d": 10,
    "k_true": 32,
    "rand_score": 0.6740895669291339,
    "adjusted_rand_score": 0.03877769682424034,
    "accuracy": 0.09375,
    "f1_score": 0.01619960179193629,
    "precision": 0.008873547460503983,
    "recall": 0.09375,
    "sigui": 0.5383126571056284,
    "sse": 1036.6896314992885,
    "sc": 0.09928462692918333,
    "ch": 14.66870852108538,
    "db": 2.4257153464065717,
    "bic": -1901.5874012548431,
    "xb": 196.15470845981483
}