{
    "dataset": "blobs-P2-K8-N64-dt0.70-S6",
    "algorithm": "kmeans",
    "k": 10,
    "n": 64,
    "d": 2,
    "k_true": 8,
    "rand_score": 0.8993055555555556,
    "adjusted_rand_score": 0.48722986247544203,
    "accuracy": 0.65625,
    "f1_score": 0.5442756589815414,
    "precision": 0.6615384615384615,
    "recall": 0.525,
    "sigui": 0.1569499897228237,
    "sse": 6.903954378589413,
    "sc": 0.4279524534950302,
    "ch": 105.24059602446485,
    "db": 0.6513936623733219,
    "bic": -197.34580497404667,
    "xb": 23.163575167743996
}