{
    "dataset": "blobs-P2-K8-N64-dt0.50-S4",
    "algorithm": "kmeans",
    "k": 20,
    "n": 64,
    "d": 2,
    "k_true": 8,
    "rand_score": 0.908234126984127,
    "adjusted_rand_score": 0.391669711362806,
    "accuracy": 0.515625,
    "f1_score": 0.24868131868131868,
    "precision": 0.32166666666666666,
    "recall": 0.20625,
    "sigui": 0.08884979625356627,
    "sse": 2.07902446031567,
    "sc": 0.42123876495423573,
    "ch": 140.26120194207414,
    "db": 0.5648881507781994,
    "bic": -228.17972897462306,
    "xb": 28.99147689630972
}