{
    "dataset": "blobs-P10-K16-N1024-dt0.60-S5",
    "algorithm": "kmeans",
    "k": 25,
    "n": 1024,
    "d": 10,
    "k_true": 16,
    "rand_score": 0.9364862078445748,
    "adjusted_rand_score": 0.3480204565780492,
    "accuracy": 0.4931640625,
    "f1_score": 0.36680951691895897,
    "precision": 0.44639224909886727,
    "recall": 0.315625,
    "sigui": 0.4587052540307793,
    "sse": 4922.127079580678,
    "sc": 0.08870776734759651,
    "ch": 44.97170770554585,
    "db": 2.17071093822716,
    "bic": -15006.575527883697,
    "xb": 1670.8269608575686
}