{
    "dataset": "blobs-P5-K32-N128-dt0.20-S1",
    "algorithm": "kmeans",
    "k": 4,
    "n": 128,
    "d": 5,
    "k_true": 32,
    "rand_score": 0.7539370078740157,
    "adjusted_rand_score": 0.12297663112535219,
    "accuracy": 0.125,
    "f1_score": 0.03023538961038961,
    "precision": 0.017424242424242425,
    "recall": 0.125,
    "sigui": 0.47195410560778533,
    "sse": 356.3782218566079,
    "sc": 0.25180706948118914,
    "ch": 32.89492111925518,
    "db": 1.491576538268582,
    "bic": -949.96483387573,
    "xb": 80.66152141979393
}