{
    "dataset": "blobs-P5-K32-N64-dt0.90-S8",
    "algorithm": "kmeans",
    "k": 8,
    "n": 64,
    "d": 5,
    "k_true": 32,
    "rand_score": 0.8849206349206349,
    "adjusted_rand_score": 0.12885922040767672,
    "accuracy": 0.234375,
    "f1_score": 0.09587981462981462,
    "precision": 0.06113816738816739,
    "recall": 0.234375,
    "sigui": 0.38686486899280487,
    "sse": 121.86470478454021,
    "sc": 0.1971056605419616,
    "ch": 13.006902733044344,
    "db": 1.3096692906633296,
    "bic": -531.5682925110307,
    "xb": 33.12599477243076
}