{
    "dataset": "blobs-P5-K32-N1024-dt0.50-S4",
    "algorithm": "kmeans",
    "k": 10,
    "n": 1024,
    "d": 5,
    "k_true": 32,
    "rand_score": 0.9105056359970675,
    "adjusted_rand_score": 0.29537831949408905,
    "accuracy": 0.298828125,
    "f1_score": 0.14525804619618754,
    "precision": 0.09665143338516355,
    "recall": 0.298828125,
    "sigui": 0.40663770440243374,
    "sse": 1962.4788158309598,
    "sc": 0.19795085889746333,
    "ch": 181.27451052208187,
    "db": 1.3748537527009572,
    "bic": -7357.352418532557,
    "xb": 757.7956711336394
}