{
    "dataset": "blobs-P5-K2-N128-dt0.30-S2",
    "algorithm": "kmeans",
    "k": 32,
    "n": 128,
    "d": 5,
    "k_true": 2,
    "rand_score": 0.5291584645669292,
    "adjusted_rand_score": 0.05131568417333732,
    "accuracy": 0.1171875,
    "f1_score": 0.013106416275430358,
    "precision": 0.0625,
    "recall": 0.00732421875,
    "sigui": 0.2604658356566878,
    "sse": 98.91952575108706,
    "sc": 0.166335001545929,
    "ch": 16.939062703386856,
    "db": 1.0121788833355458,
    "bic": -1214.2110585352025,
    "xb": 76.3346054056009
}