{
    "dataset": "blobs-P5-K4-N1024-dt0.70-S6",
    "algorithm": "kmeans",
    "k": 3,
    "n": 1024,
    "d": 5,
    "k_true": 4,
    "rand_score": 0.6891972904447703,
    "adjusted_rand_score": 0.25410734394886475,
    "accuracy": 0.5673828125,
    "f1_score": 0.4862058337984314,
    "precision": 0.42599378782136355,
    "recall": 0.5673828125,
    "sigui": 0.5039974500379382,
    "sse": 3637.540448862079,
    "sc": 0.16285128640072885,
    "ch": 208.05145990683238,
    "db": 1.7514948784247484,
    "bic": -7575.421501362224,
    "xb": 854.1017424078187
}