{
    "dataset": "blobs-P5-K2-N1024-dt0.90-S8",
    "algorithm": "kmeans",
    "k": 8,
    "n": 1024,
    "d": 5,
    "k_true": 2,
    "rand_score": 0.518120341520039,
    "adjusted_rand_score": 0.035532807266766275,
    "accuracy": 0.20703125,
    "f1_score": 0.08261100418938752,
    "precision": 0.2045976497256025,
    "recall": 0.0517578125,
    "sigui": 0.44477686480032885,
    "sse": 2696.4050275780564,
    "sc": 0.13812061701324163,
    "ch": 130.45795986011314,
    "db": 1.5255810507253136,
    "bic": -7917.378592330415,
    "xb": 729.4660140248026
}