{
    "dataset": "blobs-P10-K2-N128-dt0.40-S3",
    "algorithm": "kmeans",
    "k": 32,
    "n": 128,
    "d": 10,
    "k_true": 2,
    "rand_score": 0.5216535433070866,
    "adjusted_rand_score": 0.03636917168216201,
    "accuracy": 0.1328125,
    "f1_score": 0.01460791777693186,
    "precision": 0.0625,
    "recall": 0.00830078125,
    "sigui": 0.37005780143630107,
    "sse": 428.2490497355731,
    "sc": 0.0839168492090176,
    "ch": 6.159220583765119,
    "db": 1.2127633480986644,
    "bic": -2402.319390218632,
    "xb": 108.07860369240083
}