{
    "dataset": "blobs-P2-K8-N128-dt0.40-S3",
    "algorithm": "kmeans",
    "k": 25,
    "n": 128,
    "d": 2,
    "k_true": 8,
    "rand_score": 0.9162155511811023,
    "adjusted_rand_score": 0.4468549134981293,
    "accuracy": 0.4609375,
    "f1_score": 0.19435363126517546,
    "precision": 0.3032867132867133,
    "recall": 0.1475,
    "sigui": 0.06328823036360438,
    "sse": 2.197170185942224,
    "sc": 0.40094666396263884,
    "ch": 495.74546004116723,
    "db": 0.6792617136561945,
    "bic": -333.8557835030766,
    "xb": 67.0844981377473
}