{
    "dataset": "blobs-P5-K2-N128-dt0.70-S6",
    "algorithm": "kmeans",
    "k": 32,
    "n": 128,
    "d": 5,
    "k_true": 2,
    "rand_score": 0.5132874015748031,
    "adjusted_rand_score": 0.0193777569582699,
    "accuracy": 0.1171875,
    "f1_score": 0.012883041492196422,
    "precision": 0.054910714285714285,
    "recall": 0.00732421875,
    "sigui": 0.28796797232939964,
    "sse": 124.22401296692604,
    "sc": 0.13990177378775576,
    "ch": 12.857753731730018,
    "db": 1.0449907195411967,
    "bic": -1283.314934801554,
    "xb": 141.30680294740299
}