{
    "dataset": "blobs-P5-K16-N128-dt0.10-S0",
    "algorithm": "kmeans",
    "k": 25,
    "n": 128,
    "d": 5,
    "k_true": 16,
    "rand_score": 0.9849901574803149,
    "adjusted_rand_score": 0.8347024558858045,
    "accuracy": 0.796875,
    "f1_score": 0.5573626373626374,
    "precision": 0.64,
    "recall": 0.51,
    "sigui": 0.0674747535791413,
    "sse": 4.500206122580676,
    "sc": 0.49492752558735137,
    "ch": 606.0507469585053,
    "db": 0.8521772669076192,
    "bic": -91.81408313404609,
    "xb": 197.28267786725564
}