{
    "dataset": "blobs-P10-K2-N1024-dt0.30-S2",
    "algorithm": "kmeans",
    "k": 4,
    "n": 1024,
    "d": 10,
    "k_true": 2,
    "rand_score": 0.729756613514174,
    "adjusted_rand_score": 0.45929547508468066,
    "accuracy": 0.595703125,
    "f1_score": 0.3516947207061768,
    "precision": 0.4705620188690166,
    "recall": 0.2978515625,
    "sigui": 0.5257640412345063,
    "sse": 7743.0335484031875,
    "sc": 0.1018798724653455,
    "ch": 109.64289231550538,
    "db": 2.4137032391571616,
    "bic": -14589.495878675285,
    "xb": 1854.002273855179
}