{
    "dataset": "blobs-P2-K16-N1024-dt1.00-S9",
    "algorithm": "kmeans",
    "k": 8,
    "n": 1024,
    "d": 2,
    "k_true": 16,
    "rand_score": 0.8984222262952102,
    "adjusted_rand_score": 0.4266999483407679,
    "accuracy": 0.4609375,
    "f1_score": 0.31394848227704525,
    "precision": 0.24610712343229646,
    "recall": 0.4609375,
    "sigui": 0.20280868636779661,
    "sse": 164.5293170406281,
    "sc": 0.4182342065187276,
    "ch": 1661.5416704247682,
    "db": 0.7924471140416167,
    "bic": -2502.3094927970124,
    "xb": 236.93820359769305
}