{
    "dataset": "blobs-P5-K2-N64-dt0.90-S8",
    "algorithm": "kmeans",
    "k": 2,
    "n": 64,
    "d": 5,
    "k_true": 2,
    "rand_score": 0.5520833333333334,
    "adjusted_rand_score": 0.10395501582951377,
    "accuracy": 0.671875,
    "f1_score": 0.6717948717948719,
    "precision": 0.6720430107526881,
    "recall": 0.671875,
    "sigui": 0.5261155938238313,
    "sse": 269.4330356526897,
    "sc": 0.14798881481438858,
    "ch": 11.636107583980833,
    "db": 2.1738715502195256,
    "bic": -495.9034073135885,
    "xb": 74.4082778891615
}