{
    "dataset": "blobs-P2-K4-N1024-dt0.90-S8",
    "algorithm": "kmeans",
    "k": 3,
    "n": 1024,
    "d": 2,
    "k_true": 4,
    "rand_score": 0.7618390304252199,
    "adjusted_rand_score": 0.4391053119742893,
    "accuracy": 0.6318359375,
    "f1_score": 0.5468676369767651,
    "precision": 0.49147957028185163,
    "recall": 0.6318359375,
    "sigui": 0.3777567266490935,
    "sse": 789.824077567431,
    "sc": 0.3953142372359517,
    "ch": 813.2416851368986,
    "db": 0.8757369931703525,
    "bic": -3061.0539647305864,
    "xb": 238.9881474694223
}