{
    "dataset": "blobs-P10-K32-N128-dt0.20-S1",
    "algorithm": "kmeans",
    "k": 50,
    "n": 128,
    "d": 10,
    "k_true": 32,
    "rand_score": 0.9915108267716536,
    "adjusted_rand_score": 0.7847933397185589,
    "accuracy": 0.796875,
    "f1_score": 0.5542857142857143,
    "precision": 0.632,
    "recall": 0.51,
    "sigui": 0.205633162110841,
    "sse": 102.42010854469767,
    "sc": 0.25408083303939605,
    "ch": 18.302215804011883,
    "db": 0.753160136245177,
    "bic": -2087.5242457630015,
    "xb": 64.86961074604129
}