{
    "dataset": "blobs-P10-K16-N1024-dt0.10-S0",
    "algorithm": "kmeans",
    "k": 32,
    "n": 1024,
    "d": 10,
    "k_true": 16,
    "rand_score": 0.9781967864125122,
    "adjusted_rand_score": 0.7739763634654071,
    "accuracy": 0.693359375,
    "f1_score": 0.39632741112744135,
    "precision": 0.5,
    "recall": 0.3466796875,
    "sigui": 0.17887185532905595,
    "sse": 531.1595737644775,
    "sc": 0.3148923787586569,
    "ch": 584.9144192914373,
    "db": 1.985815506026934,
    "bic": -4000.9155001847325,
    "xb": 2105.926407351285
}