{
    "dataset": "blobs-P5-K2-N128-dt0.90-S8",
    "algorithm": "kmeans",
    "k": 50,
    "n": 128,
    "d": 5,
    "k_true": 2,
    "rand_score": 0.5038139763779528,
    "adjusted_rand_score": 5.075973659601302e-05,
    "accuracy": 0.0703125,
    "f1_score": 0.005210084033613445,
    "precision": 0.03666666666666667,
    "recall": 0.0028125,
    "sigui": 0.2067732568907205,
    "sse": 64.56293043209796,
    "sc": 0.1814647936850725,
    "ch": 14.187736828429108,
    "db": 0.7839384024897003,
    "bic": -1416.019906486734,
    "xb": 82.08539132374817
}