{
    "dataset": "blobs-P5-K8-N64-dt0.30-S2",
    "algorithm": "kmeans",
    "k": 50,
    "n": 64,
    "d": 5,
    "k_true": 8,
    "rand_score": 0.8963293650793651,
    "adjusted_rand_score": 0.11315417256011315,
    "accuracy": 0.25,
    "f1_score": 0.06335353535353536,
    "precision": 0.16,
    "recall": 0.04,
    "sigui": 0.04040631781362377,
    "sse": 1.8026824322425976,
    "sc": 0.11417902492070321,
    "ch": 50.43235440641315,
    "db": 0.3508694649434043,
    "bic": -613.6548298540872,
    "xb": 52.68981495803553
}