{
    "dataset": "blobs-P2-K2-N64-dt0.30-S2",
    "algorithm": "kmeans",
    "k": 50,
    "n": 64,
    "d": 2,
    "k_true": 2,
    "rand_score": 0.5148809523809523,
    "adjusted_rand_score": 0.014365241873560277,
    "accuracy": 0.09375,
    "f1_score": 0.006857142857142857,
    "precision": 0.04,
    "recall": 0.00375,
    "sigui": 0.016242843316305496,
    "sse": 0.12925855465738312,
    "sc": 0.2314455863766839,
    "ch": 282.64665075864184,
    "db": 0.1869877465368099,
    "bic": -345.05297766648147,
    "xb": 99.92135810213384
}