{
    "dataset": "blobs-P10-K32-N128-dt1.00-S9",
    "algorithm": "kmeans",
    "k": 25,
    "n": 128,
    "d": 10,
    "k_true": 32,
    "rand_score": 0.9319635826771654,
    "adjusted_rand_score": 0.04303097194402431,
    "accuracy": 0.3125,
    "f1_score": 0.2843781728892023,
    "precision": 0.3336519383394383,
    "recall": 0.3125,
    "sigui": 0.4076350715054945,
    "sse": 525.6023060951926,
    "sc": 0.07778601026540438,
    "ch": 6.159834914718002,
    "db": 1.3505408752718118,
    "bic": -2311.9834245303255,
    "xb": 112.59817940727815
}