{
    "dataset": "blobs-P10-K32-N64-dt0.10-S0",
    "algorithm": "kmeans",
    "k": 3,
    "n": 64,
    "d": 10,
    "k_true": 32,
    "rand_score": 0.6785714285714286,
    "adjusted_rand_score": 0.05613613243318228,
    "accuracy": 0.09375,
    "f1_score": 0.016617063492063492,
    "precision": 0.009151005244755244,
    "recall": 0.09375,
    "sigui": 0.5451132170406277,
    "sse": 504.1696672283921,
    "sc": 0.10975123424252614,
    "ch": 8.217124945871285,
    "db": 2.2471887642593327,
    "bic": -969.8611325285129,
    "xb": 83.18432942129999
}