{
    "dataset": "blobs-P10-K2-N1024-dt0.60-S5",
    "algorithm": "kmeans",
    "k": 20,
    "n": 1024,
    "d": 10,
    "k_true": 2,
    "rand_score": 0.5148384042033236,
    "adjusted_rand_score": 0.02882328959151619,
    "accuracy": 0.103515625,
    "f1_score": 0.018441371118275922,
    "precision": 0.08522256728778468,
    "recall": 0.0103515625,
    "sigui": 0.48742923602307486,
    "sse": 6069.768937475418,
    "sc": 0.07192432678377392,
    "ch": 36.30513633180742,
    "db": 2.0385757658491377,
    "bic": -15669.046058634765,
    "xb": 1355.897537121837
}