{
    "dataset": "blobs-P10-K4-N1024-dt0.30-S2",
    "algorithm": "kmeans",
    "k": 32,
    "n": 1024,
    "d": 10,
    "k_true": 4,
    "rand_score": 0.7779260599951124,
    "adjusted_rand_score": 0.1637733916607556,
    "accuracy": 0.169921875,
    "f1_score": 0.03606766623338872,
    "precision": 0.12069013926325248,
    "recall": 0.021240234375,
    "sigui": 0.35387539048419464,
    "sse": 2580.785336526391,
    "sc": 0.08592802022618602,
    "ch": 94.96910330443875,
    "db": 2.0379560453625585,
    "bic": -12209.054106977654,
    "xb": 1590.678524519182
}