{
    "dataset": "blobs-P5-K4-N1024-dt0.70-S6",
    "algorithm": "kmeans",
    "k": 20,
    "n": 1024,
    "d": 5,
    "k_true": 4,
    "rand_score": 0.7427698099951124,
    "adjusted_rand_score": 0.06442538579370614,
    "accuracy": 0.14453125,
    "f1_score": 0.048250180885550144,
    "precision": 0.1494318137514815,
    "recall": 0.02890625,
    "sigui": 0.3969048257858433,
    "sse": 1839.9868444589129,
    "sc": 0.13365848500734223,
    "ch": 94.197847637663,
    "db": 1.5046719195176963,
    "bic": -8106.664856731202,
    "xb": 929.0732971134164
}