{
    "dataset": "blobs-P5-K2-N128-dt0.30-S2",
    "algorithm": "kmeans",
    "k": 50,
    "n": 128,
    "d": 5,
    "k_true": 2,
    "rand_score": 0.5173474409448819,
    "adjusted_rand_score": 0.027312962821962043,
    "accuracy": 0.0859375,
    "f1_score": 0.0063271221532091105,
    "precision": 0.04,
    "recall": 0.0034375,
    "sigui": 0.19259894725527754,
    "sse": 57.91439966305116,
    "sc": 0.1588318907492624,
    "ch": 15.99922034491615,
    "db": 0.8361217035066733,
    "bic": -1382.6125001789758,
    "xb": 65.3933748779407
}