{
    "dataset": "blobs-P2-K4-N64-dt0.20-S1",
    "algorithm": "kmeans",
    "k": 25,
    "n": 64,
    "d": 2,
    "k_true": 4,
    "rand_score": 0.8020833333333334,
    "adjusted_rand_score": 0.23625922887612796,
    "accuracy": 0.328125,
    "f1_score": 0.07844306418219461,
    "precision": 0.16,
    "recall": 0.0525,
    "sigui": 0.0335463566702547,
    "sse": 0.34335952802874325,
    "sc": 0.36268457588650693,
    "ch": 604.1540246688244,
    "db": 0.46095960583514123,
    "bic": -159.83537873851535,
    "xb": 69.54492661174417
}