{
    "dataset": "blobs-P5-K2-N128-dt0.80-S7",
    "algorithm": "kmeans",
    "k": 4,
    "n": 128,
    "d": 5,
    "k_true": 2,
    "rand_score": 0.546628937007874,
    "adjusted_rand_score": 0.08961193321415163,
    "accuracy": 0.3828125,
    "f1_score": 0.259963768115942,
    "precision": 0.40625,
    "recall": 0.19140625,
    "sigui": 0.4734652176114572,
    "sse": 409.5108689869804,
    "sc": 0.16071309613777757,
    "ch": 23.264056715853293,
    "db": 1.6974328787005952,
    "bic": -1000.6557607829567,
    "xb": 104.91168623690528
}