{
    "dataset": "blobs-P2-K4-N128-dt0.80-S7",
    "algorithm": "kmeans",
    "k": 2,
    "n": 128,
    "d": 2,
    "k_true": 4,
    "rand_score": 0.6215551181102362,
    "adjusted_rand_score": 0.29164007195079494,
    "accuracy": 0.4921875,
    "f1_score": 0.35138888888888886,
    "precision": 0.28806818181818183,
    "recall": 0.4921875,
    "sigui": 0.42041828906516476,
    "sse": 132.98476632685856,
    "sc": 0.457828710628745,
    "ch": 116.55409766799248,
    "db": 0.8372740645268216,
    "bic": -373.48651462779594,
    "xb": 27.63930719919578
}