{
    "dataset": "blobs-P2-K16-N128-dt0.90-S8",
    "algorithm": "kmeans",
    "k": 10,
    "n": 128,
    "d": 2,
    "k_true": 16,
    "rand_score": 0.9340551181102362,
    "adjusted_rand_score": 0.5614087084262206,
    "accuracy": 0.6015625,
    "f1_score": 0.4812973830836682,
    "precision": 0.4202323717948718,
    "recall": 0.6015625,
    "sigui": 0.1285161661542087,
    "sse": 10.568565771321078,
    "sc": 0.48820604512908594,
    "ch": 304.4763948069117,
    "db": 0.6578122466536998,
    "bic": -314.80622910310785,
    "xb": 41.20119786488085
}