{
    "dataset": "blobs-P5-K8-N64-dt1.00-S9",
    "algorithm": "kmeans",
    "k": 8,
    "n": 64,
    "d": 5,
    "k_true": 8,
    "rand_score": 0.8055555555555556,
    "adjusted_rand_score": 0.045454545454545456,
    "accuracy": 0.34375,
    "f1_score": 0.33656617505301717,
    "precision": 0.3409361471861472,
    "recall": 0.34375,
    "sigui": 0.38883086031800407,
    "sse": 124.21917415637212,
    "sc": 0.19196665467437107,
    "ch": 12.608734661022366,
    "db": 1.3410313429835825,
    "bic": -534.8987410156601,
    "xb": 47.67959167284642
}