{
    "dataset": "blobs-P10-K16-N64-dt0.10-S0",
    "algorithm": "kmeans",
    "k": 3,
    "n": 64,
    "d": 10,
    "k_true": 16,
    "rand_score": 0.7063492063492064,
    "adjusted_rand_score": 0.176033934252386,
    "accuracy": 0.1875,
    "f1_score": 0.06145833333333334,
    "precision": 0.03705357142857143,
    "recall": 0.1875,
    "sigui": 0.5191099793942393,
    "sse": 432.3306271380549,
    "sc": 0.21715309192319085,
    "ch": 14.650629575375268,
    "db": 1.7171260738878995,
    "bic": -920.1670954137289,
    "xb": 50.92754960680916
}