{
    "dataset": "blobs-P10-K16-N1024-dt0.10-S0",
    "algorithm": "kmeans",
    "k": 20,
    "n": 1024,
    "d": 10,
    "k_true": 16,
    "rand_score": 0.992666712487781,
    "adjusted_rand_score": 0.9328158295547032,
    "accuracy": 0.9033203125,
    "f1_score": 0.7517924901563928,
    "precision": 0.8,
    "recall": 0.72265625,
    "sigui": 0.18688465340856353,
    "sse": 576.9800220117737,
    "sc": 0.5272923314188143,
    "ch": 884.9774677751878,
    "db": 1.308002561402724,
    "bic": -3575.4682962543116,
    "xb": 1831.0108155810922
}