{
    "dataset": "blobs-P5-K4-N128-dt1.00-S9",
    "algorithm": "kmeans",
    "k": 32,
    "n": 128,
    "d": 5,
    "k_true": 4,
    "rand_score": 0.7475393700787402,
    "adjusted_rand_score": 0.03214017782201457,
    "accuracy": 0.1484375,
    "f1_score": 0.03109886201991465,
    "precision": 0.09791666666666667,
    "recall": 0.0185546875,
    "sigui": 0.27821109551483747,
    "sse": 120.03689273437524,
    "sc": 0.15397829458413076,
    "ch": 13.414278689640724,
    "db": 1.04381390399363,
    "bic": -1273.7984964094403,
    "xb": 103.74639389774885
}