{
    "dataset": "blobs-P2-K32-N1024-dt0.60-S5",
    "algorithm": "kmeans",
    "k": 2,
    "n": 1024,
    "d": 2,
    "k_true": 32,
    "rand_score": 0.5291116813294232,
    "adjusted_rand_score": 0.05870956639521264,
    "accuracy": 0.0625,
    "f1_score": 0.007362893183909912,
    "precision": 0.003912219573323553,
    "recall": 0.0625,
    "sigui": 0.42608214249423626,
    "sse": 1235.4510472518555,
    "sc": 0.37846869940889705,
    "ch": 672.1634431050959,
    "db": 1.1339037413187016,
    "bic": -3118.225905854619,
    "xb": 336.68760924915773
}