{
    "dataset": "blobs-P2-K32-N1024-dt0.50-S4",
    "algorithm": "kmeans",
    "k": 50,
    "n": 1024,
    "d": 2,
    "k_true": 32,
    "rand_score": 0.986715695259042,
    "adjusted_rand_score": 0.7419197482297404,
    "accuracy": 0.7275390625,
    "f1_score": 0.5141469557820034,
    "precision": 0.5997690797690798,
    "recall": 0.465625,
    "sigui": 0.03808729842285379,
    "sse": 4.751278891104874,
    "sc": 0.46385519834396793,
    "ch": 8548.178634022697,
    "db": 0.8403604103240535,
    "bic": -1127.4177231199983,
    "xb": 350.2782101827022
}