{
    "dataset": "blobs-P2-K32-N1024-dt0.70-S6",
    "algorithm": "kmeans",
    "k": 16,
    "n": 1024,
    "d": 2,
    "k_true": 32,
    "rand_score": 0.9541693395650049,
    "adjusted_rand_score": 0.5404918149751065,
    "accuracy": 0.5,
    "f1_score": 0.3622642666815639,
    "precision": 0.30514716007518483,
    "recall": 0.5,
    "sigui": 0.10712304704240418,
    "sse": 46.06766437259898,
    "sc": 0.5849778719333746,
    "ch": 2920.266412164353,
    "db": 0.5600963118951299,
    "bic": -1927.6137644358064,
    "xb": 144.82385917838187
}