{
    "dataset": "blobs-P10-K16-N64-dt0.70-S6",
    "algorithm": "kmeans",
    "k": 16,
    "n": 64,
    "d": 10,
    "k_true": 16,
    "rand_score": 0.8938492063492064,
    "adjusted_rand_score": 0.10442407333599044,
    "accuracy": 0.390625,
    "f1_score": 0.36926892551892554,
    "precision": 0.47777777777777775,
    "recall": 0.390625,
    "sigui": 0.4016747974399879,
    "sse": 292.4011278806491,
    "sc": 0.043307877587979604,
    "ch": 3.804076950195429,
    "db": 1.4226572318889459,
    "bic": -1197.8770372538543,
    "xb": 77.69596660669562
}