{
    "dataset": "blobs-P2-K4-N64-dt0.30-S2",
    "algorithm": "kmeans",
    "k": 2,
    "n": 64,
    "d": 2,
    "k_true": 4,
    "rand_score": 0.6190476190476191,
    "adjusted_rand_score": 0.3225806451612903,
    "accuracy": 0.5,
    "f1_score": 0.375,
    "precision": 0.3333333333333333,
    "recall": 0.5,
    "sigui": 0.37698892308935766,
    "sse": 68.05074207453484,
    "sc": 0.4882898481405932,
    "ch": 54.618860545382944,
    "db": 0.6619143132134169,
    "bic": -189.68844312551414,
    "xb": 13.291402972427008
}