{
    "dataset": "blobs-P10-K2-N128-dt0.50-S4",
    "algorithm": "kmeans",
    "k": 16,
    "n": 128,
    "d": 10,
    "k_true": 2,
    "rand_score": 0.5218996062992126,
    "adjusted_rand_score": 0.03729698307981008,
    "accuracy": 0.1640625,
    "f1_score": 0.03376543209876543,
    "precision": 0.09926470588235295,
    "recall": 0.0205078125,
    "sigui": 0.4533395875227586,
    "sse": 638.9140868179448,
    "sc": 0.08305980056296666,
    "ch": 7.492047705922596,
    "db": 1.6699084549663947,
    "bic": -2141.264847362253,
    "xb": 128.22901840764976
}