{
    "dataset": "blobs-P5-K16-N64-dt0.60-S5",
    "algorithm": "kmeans",
    "k": 16,
    "n": 64,
    "d": 5,
    "k_true": 16,
    "rand_score": 0.9444444444444444,
    "adjusted_rand_score": 0.46203110704483075,
    "accuracy": 0.65625,
    "f1_score": 0.644612332112332,
    "precision": 0.6715277777777777,
    "recall": 0.65625,
    "sigui": 0.28326699896910024,
    "sse": 50.67902916066917,
    "sc": 0.24458615138756096,
    "ch": 17.005596219169547,
    "db": 1.0257929059582083,
    "bic": -535.5278001530598,
    "xb": 43.47117199630371
}