{
    "dataset": "blobs-P10-K4-N64-dt0.90-S8",
    "algorithm": "kmeans",
    "k": 3,
    "n": 64,
    "d": 10,
    "k_true": 4,
    "rand_score": 0.5362103174603174,
    "adjusted_rand_score": 0.02531645569620253,
    "accuracy": 0.34375,
    "f1_score": 0.2672827417380661,
    "precision": 0.33088235294117646,
    "recall": 0.34375,
    "sigui": 0.542531244152213,
    "sse": 532.0130167404516,
    "sc": 0.10262262068375236,
    "ch": 6.190831588286205,
    "db": 2.2110138463038456,
    "bic": -971.9579391946778,
    "xb": 102.9555410451608
}