{
    "dataset": "blobs-P5-K4-N1024-dt0.20-S1",
    "algorithm": "kmeans",
    "k": 2,
    "n": 1024,
    "d": 5,
    "k_true": 4,
    "rand_score": 0.624824352394917,
    "adjusted_rand_score": 0.32727243083877333,
    "accuracy": 0.5,
    "f1_score": 0.37144346958670565,
    "precision": 0.3250342214374987,
    "recall": 0.5,
    "sigui": 0.4557186465071794,
    "sse": 2705.7686363562616,
    "sc": 0.4474347685594763,
    "ch": 911.8830119069469,
    "db": 0.7775561337260118,
    "bic": -6260.430976720237,
    "xb": 212.99404518563466
}