{
    "dataset": "blobs-P5-K16-N64-dt0.20-S1",
    "algorithm": "kmeans",
    "k": 2,
    "n": 64,
    "d": 5,
    "k_true": 16,
    "rand_score": 0.45436507936507936,
    "adjusted_rand_score": 0.06051732552464617,
    "accuracy": 0.125,
    "f1_score": 0.03272727272727273,
    "precision": 0.01932367149758454,
    "recall": 0.125,
    "sigui": 0.5229113344325282,
    "sse": 238.55726492166963,
    "sc": 0.26489580643642563,
    "ch": 21.166614131472706,
    "db": 1.469100764661304,
    "bic": -470.12388474358005,
    "xb": 36.03371444788919
}