{
    "dataset": "blobs-P10-K4-N1024-dt0.60-S5",
    "algorithm": "kmeans",
    "k": 8,
    "n": 1024,
    "d": 10,
    "k_true": 4,
    "rand_score": 0.7421321328201369,
    "adjusted_rand_score": 0.17363971261919964,
    "accuracy": 0.3857421875,
    "f1_score": 0.25034401323071037,
    "precision": 0.35779481848560796,
    "recall": 0.19287109375,
    "sigui": 0.5197087720837317,
    "sse": 7222.567379365518,
    "sc": 0.0765707531055084,
    "ch": 60.63755016618774,
    "db": 2.339774706656845,
    "bic": -15172.84489945386,
    "xb": 1619.4186167441014
}