{
    "dataset": "blobs-P2-K4-N1024-dt0.40-S3",
    "algorithm": "kmeans",
    "k": 10,
    "n": 1024,
    "d": 2,
    "k_true": 4,
    "rand_score": 0.8267751863391984,
    "adjusted_rand_score": 0.4258250882824006,
    "accuracy": 0.4453125,
    "f1_score": 0.2422152686244133,
    "precision": 0.39051924697890883,
    "recall": 0.178125,
    "sigui": 0.18561147375431247,
    "sse": 155.73351288337238,
    "sc": 0.33791827335836033,
    "ch": 1369.1986839751955,
    "db": 0.957489097646216,
    "bic": -2703.0970214551235,
    "xb": 327.0441420030278
}