{
    "dataset": "blobs-P2-K32-N64-dt0.70-S6",
    "algorithm": "kmeans",
    "k": 8,
    "n": 64,
    "d": 2,
    "k_true": 32,
    "rand_score": 0.8759920634920635,
    "adjusted_rand_score": 0.16991672815431644,
    "accuracy": 0.25,
    "f1_score": 0.11766277023629965,
    "precision": 0.08603896103896104,
    "recall": 0.25,
    "sigui": 0.21265549806595935,
    "sse": 13.273544067533317,
    "sc": 0.4653212761428162,
    "ch": 69.14593742184293,
    "db": 0.6645322882930403,
    "bic": -213.05118152323732,
    "xb": 16.016139657065274
}