{
    "dataset": "blobs-P5-K2-N64-dt1.00-S9",
    "algorithm": "kmeans",
    "k": 32,
    "n": 64,
    "d": 5,
    "k_true": 2,
    "rand_score": 0.5158730158730159,
    "adjusted_rand_score": 0.01688411358403684,
    "accuracy": 0.09375,
    "f1_score": 0.010424710424710425,
    "precision": 0.05,
    "recall": 0.005859375,
    "sigui": 0.19380800639663556,
    "sse": 30.092289350494767,
    "sc": 0.19249047412404335,
    "ch": 9.944725999334443,
    "db": 0.6748016978390838,
    "bic": -720.2243858735299,
    "xb": 23.9142332933641
}