{
    "dataset": "blobs-P10-K32-N1024-dt0.30-S2",
    "algorithm": "kmeans",
    "k": 50,
    "n": 1024,
    "d": 10,
    "k_true": 32,
    "rand_score": 0.9918457508553274,
    "adjusted_rand_score": 0.8432603031303901,
    "accuracy": 0.8076171875,
    "f1_score": 0.5607850683899954,
    "precision": 0.634907403834611,
    "recall": 0.516875,
    "sigui": 0.3152712289166355,
    "sse": 1877.2059611872166,
    "sc": 0.20510845279409554,
    "ch": 88.55281126133588,
    "db": 1.7889408970063578,
    "bic": -11647.133974657758,
    "xb": 1961.6576576953637
}