{
    "dataset": "blobs-P2-K16-N1024-dt0.60-S5",
    "algorithm": "kmeans",
    "k": 50,
    "n": 1024,
    "d": 2,
    "k_true": 16,
    "rand_score": 0.9495795912756598,
    "adjusted_rand_score": 0.3720045637304766,
    "accuracy": 0.375,
    "f1_score": 0.1673844112738618,
    "precision": 0.2842014762429024,
    "recall": 0.12,
    "sigui": 0.09330778601466258,
    "sse": 30.3829430710245,
    "sc": 0.33838874832934224,
    "ch": 1319.9934547156806,
    "db": 0.8719986927518165,
    "bic": -3060.416881696241,
    "xb": 441.99807505378345
}