{
    "dataset": "blobs-P2-K32-N1024-dt0.50-S4",
    "algorithm": "kmeans",
    "k": 20,
    "n": 1024,
    "d": 2,
    "k_true": 32,
    "rand_score": 0.9705771169354839,
    "adjusted_rand_score": 0.6522910056057284,
    "accuracy": 0.625,
    "f1_score": 0.509396658939729,
    "precision": 0.4547498069082509,
    "recall": 0.625,
    "sigui": 0.06750712719467664,
    "sse": 20.303361767664956,
    "sc": 0.6604605928043786,
    "ch": 5277.764604543822,
    "db": 0.48536007698660055,
    "bic": -1373.7485547746282,
    "xb": 210.82520104992258
}