{
    "dataset": "blobs-P2-K16-N128-dt0.50-S4",
    "algorithm": "kmeans",
    "k": 25,
    "n": 128,
    "d": 2,
    "k_true": 16,
    "rand_score": 0.9715797244094488,
    "adjusted_rand_score": 0.704475627323186,
    "accuracy": 0.7421875,
    "f1_score": 0.5077695637695637,
    "precision": 0.5676190476190476,
    "recall": 0.475,
    "sigui": 0.053523676782317134,
    "sse": 1.4353081612360716,
    "sc": 0.5012884980788841,
    "ch": 761.1653246184013,
    "db": 0.5278772318036035,
    "bic": -274.2918497476804,
    "xb": 72.41187821470346
}