{
    "dataset": "blobs-P2-K32-N64-dt1.00-S9",
    "algorithm": "kmeans",
    "k": 16,
    "n": 64,
    "d": 2,
    "k_true": 32,
    "rand_score": 0.9543650793650794,
    "adjusted_rand_score": 0.3791773778920309,
    "accuracy": 0.5,
    "f1_score": 0.35987103174603174,
    "precision": 0.3000744047619047,
    "recall": 0.5,
    "sigui": 0.12174228840087903,
    "sse": 3.835962966958295,
    "sc": 0.4843731804972894,
    "ch": 103.57892449123146,
    "db": 0.5697268815130113,
    "bic": -231.06790591958423,
    "xb": 23.450007071510584
}