{
    "dataset": "blobs-P10-K16-N128-dt0.20-S1",
    "algorithm": "kmeans",
    "k": 32,
    "n": 128,
    "d": 10,
    "k_true": 16,
    "rand_score": 0.9758858267716536,
    "adjusted_rand_score": 0.7084289931124959,
    "accuracy": 0.6953125,
    "f1_score": 0.40554029304029304,
    "precision": 0.5,
    "recall": 0.34765625,
    "sigui": 0.23334427069378794,
    "sse": 124.59507190678879,
    "sc": 0.18628716679703877,
    "ch": 28.71725269434779,
    "db": 1.2404338897123082,
    "bic": -1630.9921886190314,
    "xb": 108.64922497054974
}