{
    "dataset": "blobs-P5-K16-N128-dt0.10-S0",
    "algorithm": "kmeans",
    "k": 10,
    "n": 128,
    "d": 5,
    "k_true": 16,
    "rand_score": 0.937007874015748,
    "adjusted_rand_score": 0.6068111455108359,
    "accuracy": 0.625,
    "f1_score": 0.5208333333333333,
    "precision": 0.47916666666666663,
    "recall": 0.625,
    "sigui": 0.20198100910074984,
    "sse": 62.30358063427299,
    "sc": 0.5995274530043107,
    "ch": 121.56993010171423,
    "db": 0.5697388784566451,
    "bic": -589.2656615996669,
    "xb": 30.62580867769731
}