{
    "dataset": "blobs-P5-K4-N128-dt0.50-S4",
    "algorithm": "kmeans",
    "k": 3,
    "n": 128,
    "d": 5,
    "k_true": 4,
    "rand_score": 0.8414124015748031,
    "adjusted_rand_score": 0.6265242754772166,
    "accuracy": 0.734375,
    "f1_score": 0.6440971963360023,
    "precision": 0.5880786212790201,
    "recall": 0.734375,
    "sigui": 0.4302159054432025,
    "sse": 308.99373753133585,
    "sc": 0.29798396907109337,
    "ch": 66.95246178636064,
    "db": 1.1985801284227344,
    "bic": -855.0228534499295,
    "xb": 53.087288888044846
}