{
    "dataset": "blobs-P2-K4-N128-dt1.00-S9",
    "algorithm": "kmeans",
    "k": 50,
    "n": 128,
    "d": 2,
    "k_true": 4,
    "rand_score": 0.7528297244094488,
    "adjusted_rand_score": 0.028259884294436002,
    "accuracy": 0.1171875,
    "f1_score": 0.016641784641784643,
    "precision": 0.076,
    "recall": 0.009375,
    "sigui": 0.06250180827374072,
    "sse": 2.6003125084855916,
    "sc": 0.3414187774717927,
    "ch": 155.12402059084135,
    "db": 0.4995144757093884,
    "bic": -629.9324663239862,
    "xb": 133.1072660234026
}