{
    "dataset": "blobs-P2-K16-N128-dt0.90-S8",
    "algorithm": "kmeans",
    "k": 25,
    "n": 128,
    "d": 2,
    "k_true": 16,
    "rand_score": 0.953617125984252,
    "adjusted_rand_score": 0.49827620534638317,
    "accuracy": 0.578125,
    "f1_score": 0.4162141192141192,
    "precision": 0.5073003663003663,
    "recall": 0.37,
    "sigui": 0.0825692613996675,
    "sse": 3.7413896778971107,
    "sc": 0.34615215442848213,
    "ch": 289.3603613905082,
    "db": 0.7922855687515092,
    "bic": -404.2330924203425,
    "xb": 89.7510833139957
}