{
    "dataset": "blobs-P5-K8-N1024-dt0.40-S3",
    "algorithm": "kmeans",
    "k": 8,
    "n": 1024,
    "d": 5,
    "k_true": 8,
    "rand_score": 0.9866927847018573,
    "adjusted_rand_score": 0.9388456450051921,
    "accuracy": 0.9716796875,
    "f1_score": 0.9717167073760434,
    "precision": 0.972417120663793,
    "recall": 0.9716796875,
    "sigui": 0.2831036254259953,
    "sse": 844.3717401262002,
    "sc": 0.45564024729415026,
    "ch": 734.9569771556713,
    "db": 0.8547492540354971,
    "bic": -4946.0815545345795,
    "xb": 326.06510704729016
}