{
    "dataset": "blobs-P5-K4-N64-dt0.80-S7",
    "algorithm": "kmeans",
    "k": 50,
    "n": 64,
    "d": 5,
    "k_true": 4,
    "rand_score": 0.7564484126984127,
    "adjusted_rand_score": 0.0,
    "accuracy": 0.109375,
    "f1_score": 0.015241830065359476,
    "precision": 0.07,
    "recall": 0.00875,
    "sigui": 0.06809098890516675,
    "sse": 7.751312927466596,
    "sc": 0.0742300975984185,
    "ch": 11.509522506313086,
    "db": 0.4037599984191955,
    "bic": -844.2560720569156,
    "xb": 17.218977401652634
}