{
    "dataset": "blobs-P10-K2-N128-dt0.30-S2",
    "algorithm": "kmeans",
    "k": 10,
    "n": 128,
    "d": 10,
    "k_true": 2,
    "rand_score": 0.5981791338582677,
    "adjusted_rand_score": 0.19137612389559955,
    "accuracy": 0.328125,
    "f1_score": 0.09815508392287418,
    "precision": 0.2,
    "recall": 0.065625,
    "sigui": 0.4686351978186376,
    "sse": 718.6400953605635,
    "sc": 0.08626438313376994,
    "ch": 10.24163852054154,
    "db": 1.989343851310344,
    "bic": -2001.0752245394042,
    "xb": 196.8330486717661
}