{
    "dataset": "blobs-P5-K8-N64-dt0.10-S0",
    "algorithm": "kmeans",
    "k": 20,
    "n": 64,
    "d": 5,
    "k_true": 8,
    "rand_score": 0.9365079365079365,
    "adjusted_rand_score": 0.5714285714285714,
    "accuracy": 0.5625,
    "f1_score": 0.2814685314685314,
    "precision": 0.4,
    "recall": 0.225,
    "sigui": 0.06503333638390893,
    "sse": 2.27140865947474,
    "sc": 0.2969824594390451,
    "ch": 323.9366567727411,
    "db": 0.9258208894718551,
    "bic": -105.90509418278342,
    "xb": 96.08024591819856
}