{
    "dataset": "blobs-P10-K16-N1024-dt0.20-S1",
    "algorithm": "kmeans",
    "k": 4,
    "n": 1024,
    "d": 10,
    "k_true": 16,
    "rand_score": 0.7869929130009775,
    "adjusted_rand_score": 0.2862883470501415,
    "accuracy": 0.25,
    "f1_score": 0.1074767420713659,
    "precision": 0.07087891521439652,
    "recall": 0.25,
    "sigui": 0.5068938547587966,
    "sse": 6615.2887776348325,
    "sc": 0.18600505207963358,
    "ch": 186.29599659665635,
    "db": 1.7411239770334628,
    "bic": -13816.604487423927,
    "xb": 883.2335750996194
}