{
    "dataset": "blobs-P10-K32-N64-dt1.00-S9",
    "algorithm": "kmeans",
    "k": 10,
    "n": 64,
    "d": 10,
    "k_true": 32,
    "rand_score": 0.8581349206349206,
    "adjusted_rand_score": 0.005629139072847682,
    "accuracy": 0.234375,
    "f1_score": 0.13623511904761904,
    "precision": 0.12046130952380951,
    "recall": 0.234375,
    "sigui": 0.4649563182001845,
    "sse": 375.1256306100466,
    "sc": 0.058629846642631815,
    "ch": 4.236570595710068,
    "db": 1.7174308343520628,
    "bic": -1102.5958808239093,
    "xb": 90.77981082852241
}