{
    "dataset": "blobs-P2-K32-N128-dt0.50-S4",
    "algorithm": "kmeans",
    "k": 4,
    "n": 128,
    "d": 2,
    "k_true": 32,
    "rand_score": 0.7244094488188977,
    "adjusted_rand_score": 0.10725045189797149,
    "accuracy": 0.125,
    "f1_score": 0.032539682539682535,
    "precision": 0.01915922619047619,
    "recall": 0.125,
    "sigui": 0.32137523837816145,
    "sse": 66.2921606580411,
    "sc": 0.44353446979557193,
    "ch": 118.28332764586854,
    "db": 0.7684213284314282,
    "bic": -383.58465646943165,
    "xb": 25.34638231947794
}