{
    "dataset": "blobs-P5-K32-N128-dt0.30-S2",
    "algorithm": "kmeans",
    "k": 16,
    "n": 128,
    "d": 5,
    "k_true": 32,
    "rand_score": 0.952755905511811,
    "adjusted_rand_score": 0.4816326530612245,
    "accuracy": 0.5,
    "f1_score": 0.36874999999999997,
    "precision": 0.3177083333333333,
    "recall": 0.5,
    "sigui": 0.2564425479861452,
    "sse": 88.86456428569373,
    "sc": 0.42399425639988075,
    "ch": 46.308048880281476,
    "db": 0.7841089371544321,
    "bic": -851.5696670842158,
    "xb": 51.75599534121432
}