{
    "dataset": "blobs-P5-K32-N1024-dt0.50-S4",
    "algorithm": "kmeans",
    "k": 3,
    "n": 1024,
    "d": 5,
    "k_true": 32,
    "rand_score": 0.6741335990957967,
    "adjusted_rand_score": 0.07408779744609752,
    "accuracy": 0.09375,
    "f1_score": 0.016523047216506846,
    "precision": 0.009089770965565534,
    "recall": 0.09375,
    "sigui": 0.5044786696835135,
    "sse": 3554.689068080732,
    "sc": 0.17975342418367174,
    "ch": 224.7991921206873,
    "db": 1.7278512044236785,
    "bic": -7502.609813903308,
    "xb": 782.7663817197194
}