{
    "dataset": "blobs-P10-K2-N128-dt0.20-S1",
    "algorithm": "kmeans",
    "k": 3,
    "n": 128,
    "d": 10,
    "k_true": 2,
    "rand_score": 0.90501968503937,
    "adjusted_rand_score": 0.8097976223732812,
    "accuracy": 0.8984375,
    "f1_score": 0.6269755747126436,
    "precision": 0.6614583333333334,
    "recall": 0.5989583333333334,
    "sigui": 0.5201325344355127,
    "sse": 914.6264806903363,
    "sc": 0.17352913322417696,
    "ch": 24.96739974073139,
    "db": 1.998266547207696,
    "bic": -1800.9824627785856,
    "xb": 158.22716774308165
}