{
    "dataset": "blobs-P10-K2-N1024-dt1.00-S9",
    "algorithm": "kmeans",
    "k": 3,
    "n": 1024,
    "d": 10,
    "k_true": 2,
    "rand_score": 0.5213755498533724,
    "adjusted_rand_score": 0.04243810218964366,
    "accuracy": 0.431640625,
    "f1_score": 0.3451756045921026,
    "precision": 0.43135443398916457,
    "recall": 0.2877604166666667,
    "sigui": 0.5591610059834633,
    "sse": 8898.414523029423,
    "sc": 0.07039490910851928,
    "ch": 76.96645107069203,
    "db": 2.972393732095666,
    "bic": -15050.115872317876,
    "xb": 2272.749980233582
}