{
    "dataset": "blobs-P2-K2-N64-dt0.80-S7",
    "algorithm": "kmeans",
    "k": 8,
    "n": 64,
    "d": 2,
    "k_true": 2,
    "rand_score": 0.5317460317460317,
    "adjusted_rand_score": 0.05229945501481977,
    "accuracy": 0.28125,
    "f1_score": 0.10332980972515857,
    "precision": 0.19507575757575757,
    "recall": 0.0703125,
    "sigui": 0.24022675255902468,
    "sse": 17.371289051990566,
    "sc": 0.3516803328329329,
    "ch": 50.947841863391275,
    "db": 0.7412020043436729,
    "bic": -232.56587214446168,
    "xb": 28.42555710816942
}