{
    "dataset": "blobs-P10-K2-N128-dt1.00-S9",
    "algorithm": "kmeans",
    "k": 50,
    "n": 128,
    "d": 10,
    "k_true": 2,
    "rand_score": 0.5024606299212598,
    "adjusted_rand_score": -0.0026276642680607993,
    "accuracy": 0.0625,
    "f1_score": 0.004507936507936508,
    "precision": 0.02333333333333333,
    "recall": 0.0025,
    "sigui": 0.3027853262697872,
    "sse": 297.8820634834999,
    "sc": 0.08807836201643049,
    "ch": 5.248289846210603,
    "db": 0.9997782519638543,
    "bic": -2757.6321359822705,
    "xb": 89.20214235960935
}