{
    "dataset": "blobs-P2-K32-N64-dt0.40-S3",
    "algorithm": "kmeans",
    "k": 50,
    "n": 64,
    "d": 2,
    "k_true": 32,
    "rand_score": 0.9900793650793651,
    "adjusted_rand_score": 0.5609756097560976,
    "accuracy": 0.703125,
    "f1_score": 0.51,
    "precision": 0.63,
    "recall": 0.45,
    "sigui": 0.005062702051563429,
    "sse": 0.010652013443338928,
    "sc": 0.3622925094414272,
    "ch": 3433.0021580928137,
    "db": 0.07756682351986673,
    "bic": -186.35126479539488,
    "xb": 165.78414459195
}