{
    "dataset": "blobs-P5-K8-N64-dt0.80-S7",
    "algorithm": "kmeans",
    "k": 50,
    "n": 64,
    "d": 5,
    "k_true": 8,
    "rand_score": 0.8839285714285714,
    "adjusted_rand_score": 0.010338345864661654,
    "accuracy": 0.171875,
    "f1_score": 0.04460606060606061,
    "precision": 0.13333333333333333,
    "recall": 0.0275,
    "sigui": 0.06653244743353662,
    "sse": 5.7669815046560915,
    "sc": 0.13065747881218936,
    "ch": 15.568085722965243,
    "db": 0.37848819984468773,
    "bic": -799.1912635979108,
    "xb": 18.08303721618072
}