{
    "dataset": "blobs-P5-K2-N128-dt0.30-S2",
    "algorithm": "kmeans",
    "k": 2,
    "n": 128,
    "d": 5,
    "k_true": 2,
    "rand_score": 0.9389763779527559,
    "adjusted_rand_score": 0.877946134470064,
    "accuracy": 0.96875,
    "f1_score": 0.9687423687423687,
    "precision": 0.969208211143695,
    "recall": 0.96875,
    "sigui": 0.4907732893896469,
    "sse": 404.94455717105063,
    "sc": 0.31605942524178376,
    "ch": 73.13837233262828,
    "db": 1.2502791078306137,
    "bic": -879.4628813619727,
    "xb": 52.50412810557349
}