{
    "dataset": "blobs-P2-K4-N64-dt0.90-S8",
    "algorithm": "kmeans",
    "k": 25,
    "n": 64,
    "d": 2,
    "k_true": 4,
    "rand_score": 0.7574404761904762,
    "adjusted_rand_score": 0.06772582841579664,
    "accuracy": 0.203125,
    "f1_score": 0.049040387530090046,
    "precision": 0.1078095238095238,
    "recall": 0.0325,
    "sigui": 0.09628675830679245,
    "sse": 2.5396084147741407,
    "sc": 0.3282142306741029,
    "ch": 80.27739045908123,
    "db": 0.46164739990507714,
    "bic": -286.8520565848244,
    "xb": 31.55770790069899
}