{
    "dataset": "blobs-P5-K8-N128-dt0.60-S5",
    "algorithm": "kmeans",
    "k": 10,
    "n": 128,
    "d": 5,
    "k_true": 8,
    "rand_score": 0.8743848425196851,
    "adjusted_rand_score": 0.3621982951555068,
    "accuracy": 0.5703125,
    "f1_score": 0.48465010505499945,
    "precision": 0.5394961763382816,
    "recall": 0.45625,
    "sigui": 0.39791326117191883,
    "sse": 223.3538810533664,
    "sc": 0.16735056835504292,
    "ch": 24.45757169635802,
    "db": 1.53785166070184,
    "bic": -1006.2224965460991,
    "xb": 104.23829020824594
}