{
    "dataset": "blobs-P5-K16-N64-dt0.50-S4",
    "algorithm": "kmeans",
    "k": 8,
    "n": 64,
    "d": 5,
    "k_true": 16,
    "rand_score": 0.8571428571428571,
    "adjusted_rand_score": 0.35051546391752575,
    "accuracy": 0.5,
    "f1_score": 0.3928571428571428,
    "precision": 0.3541666666666667,
    "recall": 0.5,
    "sigui": 0.2941777612141406,
    "sse": 72.26374822000871,
    "sc": 0.4561857740293196,
    "ch": 27.425784892945472,
    "db": 0.7714408125632026,
    "bic": -434.9667220550711,
    "xb": 23.49549712659011
}