{
    "dataset": "blobs-P10-K32-N64-dt0.50-S4",
    "algorithm": "kmeans",
    "k": 32,
    "n": 64,
    "d": 10,
    "k_true": 32,
    "rand_score": 0.9598214285714286,
    "adjusted_rand_score": 0.12903225806451613,
    "accuracy": 0.53125,
    "f1_score": 0.533234126984127,
    "precision": 0.6297619047619047,
    "recall": 0.53125,
    "sigui": 0.24919785710722642,
    "sse": 111.71385978950651,
    "sc": 0.09138319022661333,
    "ch": 4.8814679721199985,
    "db": 0.822089718361135,
    "bic": -1352.4583139899967,
    "xb": 26.279468090239362
}