{
    "dataset": "blobs-P10-K32-N1024-dt0.50-S4",
    "algorithm": "kmeans",
    "k": 16,
    "n": 1024,
    "d": 10,
    "k_true": 32,
    "rand_score": 0.9414119776392962,
    "adjusted_rand_score": 0.3767422881420086,
    "accuracy": 0.46484375,
    "f1_score": 0.32539389041066474,
    "precision": 0.25878888044021325,
    "recall": 0.46484375,
    "sigui": 0.4631325001445238,
    "sse": 5077.374170258296,
    "sc": 0.13575541359212123,
    "ch": 68.3283217122038,
    "db": 1.7507131079789455,
    "bic": -14337.797480470987,
    "xb": 1220.5561854605385
}