{
    "dataset": "blobs-P2-K32-N128-dt1.00-S9",
    "algorithm": "kmeans",
    "k": 3,
    "n": 128,
    "d": 2,
    "k_true": 32,
    "rand_score": 0.6855314960629921,
    "adjusted_rand_score": 0.08548665186671024,
    "accuracy": 0.09375,
    "f1_score": 0.016416910331384014,
    "precision": 0.009017379679144386,
    "recall": 0.09375,
    "sigui": 0.3234068134038514,
    "sse": 69.82375741684734,
    "sc": 0.5033576071847456,
    "ch": 166.64836714501214,
    "db": 0.6799128838881114,
    "bic": -357.8782374300811,
    "xb": 19.232422018848215
}