{
    "dataset": "blobs-P5-K2-N128-dt0.10-S0",
    "algorithm": "kmeans",
    "k": 25,
    "n": 128,
    "d": 5,
    "k_true": 2,
    "rand_score": 0.5536417322834646,
    "adjusted_rand_score": 0.10090776399697152,
    "accuracy": 0.1796875,
    "f1_score": 0.024221988057604494,
    "precision": 0.08,
    "recall": 0.014375,
    "sigui": 0.20344873613744915,
    "sse": 48.07496656874771,
    "sc": 0.2107611584998233,
    "ch": 52.84132504823975,
    "db": 0.9961727909430764,
    "bic": -836.0046833816275,
    "xb": 91.55688612392709
}