{
    "dataset": "blobs-P10-K16-N1024-dt0.30-S2",
    "algorithm": "kmeans",
    "k": 32,
    "n": 1024,
    "d": 10,
    "k_true": 16,
    "rand_score": 0.9689237383919843,
    "adjusted_rand_score": 0.6664614722308171,
    "accuracy": 0.6328125,
    "f1_score": 0.3749677389177703,
    "precision": 0.4843556165277229,
    "recall": 0.31640625,
    "sigui": 0.3695254174480924,
    "sse": 2894.4375312703996,
    "sc": 0.12701484697317433,
    "ch": 81.21025120074978,
    "db": 2.3335633755843928,
    "bic": -12745.044454957724,
    "xb": 2231.9784676280783
}