{
    "dataset": "blobs-P10-K2-N1024-dt0.90-S8",
    "algorithm": "kmeans",
    "k": 2,
    "n": 1024,
    "d": 10,
    "k_true": 2,
    "rand_score": 0.5736058925953079,
    "adjusted_rand_score": 0.1472109734999514,
    "accuracy": 0.6923828125,
    "f1_score": 0.6923825191331092,
    "precision": 0.6923835463849883,
    "recall": 0.6923828125,
    "sigui": 0.5646253898302862,
    "sse": 9327.59068490415,
    "sc": 0.08622877723487711,
    "ch": 99.97033012362961,
    "db": 3.1172732845431916,
    "bic": -14838.14396731004,
    "xb": 2295.98832123418
}