{
    "dataset": "blobs-P2-K8-N128-dt0.80-S7",
    "algorithm": "kmeans",
    "k": 32,
    "n": 128,
    "d": 2,
    "k_true": 8,
    "rand_score": 0.889886811023622,
    "adjusted_rand_score": 0.23706060423001282,
    "accuracy": 0.3203125,
    "f1_score": 0.11179202741702741,
    "precision": 0.20563446969696972,
    "recall": 0.080078125,
    "sigui": 0.07364024974647537,
    "sse": 3.028055646308322,
    "sc": 0.40740672771330705,
    "ch": 258.7128773281811,
    "db": 0.5883771256208179,
    "bic": -456.54796344357715,
    "xb": 81.01502707326063
}