{
    "dataset": "blobs-P10-K16-N1024-dt0.20-S1",
    "algorithm": "kmeans",
    "k": 32,
    "n": 1024,
    "d": 10,
    "k_true": 16,
    "rand_score": 0.9740461571358748,
    "adjusted_rand_score": 0.7210941237854754,
    "accuracy": 0.65234375,
    "f1_score": 0.38790725389077085,
    "precision": 0.5,
    "recall": 0.326171875,
    "sigui": 0.26513179009202664,
    "sse": 1281.3575953723134,
    "sc": 0.1985765621054162,
    "ch": 223.72876859936108,
    "db": 2.0678442814100793,
    "bic": -8572.31425475285,
    "xb": 1808.8783478837568
}