{
    "dataset": "blobs-P10-K8-N1024-dt0.90-S8",
    "algorithm": "kmeans",
    "k": 50,
    "n": 1024,
    "d": 10,
    "k_true": 8,
    "rand_score": 0.8657154967008798,
    "adjusted_rand_score": 0.03663119366788836,
    "accuracy": 0.1044921875,
    "f1_score": 0.027882029976461224,
    "precision": 0.0864603917821309,
    "recall": 0.01671875,
    "sigui": 0.450975302890825,
    "sse": 4776.1824188923465,
    "sc": 0.07304873688946134,
    "ch": 22.73935608176747,
    "db": 1.8816382469207147,
    "bic": -16511.841927065754,
    "xb": 1210.9152035774807
}