{
    "dataset": "blobs-P10-K2-N64-dt0.60-S5",
    "algorithm": "kmeans",
    "k": 20,
    "n": 64,
    "d": 10,
    "k_true": 2,
    "rand_score": 0.5203373015873016,
    "adjusted_rand_score": 0.02668115224233516,
    "accuracy": 0.125,
    "f1_score": 0.021337126600284494,
    "precision": 0.07333333333333333,
    "recall": 0.0125,
    "sigui": 0.37191767999736147,
    "sse": 228.29330298542953,
    "sc": 0.07526985741931061,
    "ch": 4.176320648584632,
    "db": 1.263577232367289,
    "bic": -1238.8662080405688,
    "xb": 58.07494160268075
}