{
    "dataset": "blobs-P5-K4-N128-dt0.10-S0",
    "algorithm": "kmeans",
    "k": 10,
    "n": 128,
    "d": 5,
    "k_true": 4,
    "rand_score": 0.8834891732283464,
    "adjusted_rand_score": 0.6234215165339587,
    "accuracy": 0.5859375,
    "f1_score": 0.2843803330337578,
    "precision": 0.4,
    "recall": 0.234375,
    "sigui": 0.13834581299694246,
    "sse": 22.07339978297528,
    "sc": 0.3537847193899415,
    "ch": 367.0347292946332,
    "db": 1.2380084697491363,
    "bic": -252.74161305016543,
    "xb": 119.38265247644175
}