{
    "dataset": "blobs-P10-K8-N1024-dt0.40-S3",
    "algorithm": "kmeans",
    "k": 16,
    "n": 1024,
    "d": 10,
    "k_true": 8,
    "rand_score": 0.8981301166911045,
    "adjusted_rand_score": 0.413664914725602,
    "accuracy": 0.5166015625,
    "f1_score": 0.3215971172250829,
    "precision": 0.43247148602241514,
    "recall": 0.25830078125,
    "sigui": 0.45707642580948993,
    "sse": 5061.847379021546,
    "sc": 0.08992627588487989,
    "ch": 68.74404344388095,
    "db": 2.3975939028176927,
    "bic": -14335.795219067617,
    "xb": 2050.127763314366
}