{
    "dataset": "blobs-P2-K32-N128-dt0.30-S2",
    "algorithm": "kmeans",
    "k": 20,
    "n": 128,
    "d": 2,
    "k_true": 32,
    "rand_score": 0.968503937007874,
    "adjusted_rand_score": 0.5863192182410424,
    "accuracy": 0.625,
    "f1_score": 0.5177083333333332,
    "precision": 0.47135416666666663,
    "recall": 0.625,
    "sigui": 0.04629174775325766,
    "sse": 1.0022138551568758,
    "sc": 0.778199910322293,
    "ch": 1446.2592916008498,
    "db": 0.29132072790605446,
    "bic": -170.49049268785126,
    "xb": 21.079012782982588
}