{
    "dataset": "blobs-P10-K16-N1024-dt0.60-S5",
    "algorithm": "kmeans",
    "k": 50,
    "n": 1024,
    "d": 10,
    "k_true": 16,
    "rand_score": 0.9354418682795699,
    "adjusted_rand_score": 0.19740601730370524,
    "accuracy": 0.2841796875,
    "f1_score": 0.12717333698547867,
    "precision": 0.22136409916846642,
    "recall": 0.0909375,
    "sigui": 0.42914810236189754,
    "sse": 4139.331535021924,
    "sc": 0.08431764038545408,
    "ch": 29.29611886489169,
    "db": 1.9180615908279908,
    "bic": -15740.51393965536,
    "xb": 1721.4031799334216
}