{
    "dataset": "blobs-P2-K32-N64-dt1.00-S9",
    "algorithm": "kmeans",
    "k": 4,
    "n": 64,
    "d": 2,
    "k_true": 32,
    "rand_score": 0.7495039682539683,
    "adjusted_rand_score": 0.07860059659995945,
    "accuracy": 0.125,
    "f1_score": 0.029930595720069404,
    "precision": 0.017170788770053475,
    "recall": 0.125,
    "sigui": 0.30026659186494314,
    "sse": 30.163423088479565,
    "sc": 0.4533392833530925,
    "ch": 64.87100394708686,
    "db": 0.6828862025011329,
    "bic": -199.73715216877292,
    "xb": 11.558587834010515
}