{
    "dataset": "blobs-P2-K8-N64-dt0.80-S7",
    "algorithm": "kmeans",
    "k": 2,
    "n": 64,
    "d": 2,
    "k_true": 8,
    "rand_score": 0.5877976190476191,
    "adjusted_rand_score": 0.1812807881773399,
    "accuracy": 0.25,
    "f1_score": 0.10158730158730159,
    "precision": 0.06406406406406406,
    "recall": 0.25,
    "sigui": 0.3764479080597747,
    "sse": 52.74128985798332,
    "sc": 0.5206167633823561,
    "ch": 88.47034347034932,
    "db": 0.7773833269944482,
    "bic": -180.96523328959668,
    "xb": 10.817246910502856
}