{
    "dataset": "blobs-P2-K4-N1024-dt0.50-S4",
    "algorithm": "kmeans",
    "k": 50,
    "n": 1024,
    "d": 2,
    "k_true": 4,
    "rand_score": 0.7658980174731183,
    "adjusted_rand_score": 0.10302419690032287,
    "accuracy": 0.130859375,
    "f1_score": 0.018406079838743376,
    "precision": 0.07755469755469756,
    "recall": 0.01046875,
    "sigui": 0.10100302696387049,
    "sse": 35.28063935543158,
    "sc": 0.33704842771346083,
    "ch": 1133.9911212469653,
    "db": 0.8186980967958952,
    "bic": -3155.3457102079483,
    "xb": 437.14893917009846
}