{
    "dataset": "blobs-P5-K2-N1024-dt0.60-S5",
    "algorithm": "kmeans",
    "k": 4,
    "n": 1024,
    "d": 5,
    "k_true": 2,
    "rand_score": 0.547396215175953,
    "adjusted_rand_score": 0.09435076347846323,
    "accuracy": 0.40625,
    "f1_score": 0.2665068018226243,
    "precision": 0.38860002829654783,
    "recall": 0.203125,
    "sigui": 0.4973009742577165,
    "sse": 3431.358650835725,
    "sc": 0.1448753563582285,
    "ch": 167.3209119588884,
    "db": 1.711867757763443,
    "bic": -7740.624636472879,
    "xb": 824.4504170903737
}