{
    "dataset": "blobs-P10-K16-N64-dt0.80-S7",
    "algorithm": "kmeans",
    "k": 10,
    "n": 64,
    "d": 10,
    "k_true": 16,
    "rand_score": 0.8338293650793651,
    "adjusted_rand_score": 0.05329027048849415,
    "accuracy": 0.328125,
    "f1_score": 0.2601707137891348,
    "precision": 0.2972222222222222,
    "recall": 0.328125,
    "sigui": 0.4593040830440909,
    "sse": 340.9911614095189,
    "sc": 0.1011038765675505,
    "ch": 5.261288955781141,
    "db": 1.5157799135942538,
    "bic": -1069.720799910232,
    "xb": 60.603767117880786
}