{
    "dataset": "blobs-P10-K16-N1024-dt0.60-S5",
    "algorithm": "kmeans",
    "k": 20,
    "n": 1024,
    "d": 10,
    "k_true": 16,
    "rand_score": 0.9297466856060606,
    "adjusted_rand_score": 0.34748505047018263,
    "accuracy": 0.5244140625,
    "f1_score": 0.44749769971750497,
    "precision": 0.48841593144519857,
    "recall": 0.41953125,
    "sigui": 0.4626762727948219,
    "sse": 5218.295172483867,
    "sc": 0.09031164642731629,
    "ch": 50.8513693313764,
    "db": 2.144980611766653,
    "bic": -14873.938232273222,
    "xb": 1962.7536513368746
}