{
    "dataset": "blobs-P5-K4-N128-dt0.60-S5",
    "algorithm": "kmeans",
    "k": 50,
    "n": 128,
    "d": 5,
    "k_true": 4,
    "rand_score": 0.76685531496063,
    "adjusted_rand_score": 0.08066986779126223,
    "accuracy": 0.140625,
    "f1_score": 0.019529002686897425,
    "precision": 0.076,
    "recall": 0.01125,
    "sigui": 0.1708282344442482,
    "sse": 46.01096046978728,
    "sc": 0.18712866333346,
    "ch": 20.55018116282539,
    "db": 0.8112152590596773,
    "bic": -1308.341061902347,
    "xb": 108.76051886321935
}