{
    "dataset": "blobs-P2-K32-N1024-dt1.00-S9",
    "algorithm": "kmeans",
    "k": 2,
    "n": 1024,
    "d": 2,
    "k_true": 32,
    "rand_score": 0.5042174517350929,
    "adjusted_rand_score": 0.0525119403366281,
    "accuracy": 0.0625,
    "f1_score": 0.007696906027710277,
    "precision": 0.004113788019395868,
    "recall": 0.0625,
    "sigui": 0.44401130840758324,
    "sse": 1198.8156030351552,
    "sc": 0.40356076093302684,
    "ch": 723.9421514789584,
    "db": 1.0590504291899459,
    "bic": -3062.1310851131016,
    "xb": 301.32117012110666
}