{
    "dataset": "blobs-P5-K2-N1024-dt0.80-S7",
    "algorithm": "kmeans",
    "k": 3,
    "n": 1024,
    "d": 5,
    "k_true": 2,
    "rand_score": 0.5692223393206256,
    "adjusted_rand_score": 0.13816672593981968,
    "accuracy": 0.5302734375,
    "f1_score": 0.41452618426628574,
    "precision": 0.5010152802224433,
    "recall": 0.353515625,
    "sigui": 0.5097065319048589,
    "sse": 3795.4743505057018,
    "sc": 0.1416787367254434,
    "ch": 178.1517358895463,
    "db": 1.9102214196937346,
    "bic": -7682.329831425525,
    "xb": 1013.2116336754663
}