{
    "dataset": "blobs-P2-K2-N1024-dt0.70-S6",
    "algorithm": "kmeans",
    "k": 2,
    "n": 1024,
    "d": 2,
    "k_true": 2,
    "rand_score": 0.6256128574046921,
    "adjusted_rand_score": 0.2512258070396743,
    "accuracy": 0.7509765625,
    "f1_score": 0.7509079097613536,
    "precision": 0.7512535563575261,
    "recall": 0.7509765625,
    "sigui": 0.4342842068282101,
    "sse": 1203.0609455839356,
    "sc": 0.36704738594967046,
    "ch": 717.775534799762,
    "db": 1.047006517032767,
    "bic": -3091.238162323215,
    "xb": 317.1151914742821
}