{
    "dataset": "blobs-P10-K32-N1024-dt0.30-S2",
    "algorithm": "kmeans",
    "k": 2,
    "n": 1024,
    "d": 10,
    "k_true": 32,
    "rand_score": 0.5088892961876833,
    "adjusted_rand_score": 0.04587022320055679,
    "accuracy": 0.0625,
    "f1_score": 0.0075694328491122615,
    "precision": 0.004036581520025229,
    "recall": 0.0625,
    "sigui": 0.5642495397899308,
    "sse": 9027.331538720435,
    "sc": 0.11570315788554825,
    "ch": 137.28831849277324,
    "db": 2.622499037240885,
    "bic": -14653.998473516789,
    "xb": 1674.173829308037
}