{
    "dataset": "blobs-P2-K2-N1024-dt0.20-S1",
    "algorithm": "kmeans",
    "k": 16,
    "n": 1024,
    "d": 2,
    "k_true": 2,
    "rand_score": 0.5713873869745846,
    "adjusted_rand_score": 0.14205778708503078,
    "accuracy": 0.2021484375,
    "f1_score": 0.04176071936437116,
    "precision": 0.125,
    "recall": 0.0252685546875,
    "sigui": 0.18708120412570542,
    "sse": 141.92182172859566,
    "sc": 0.3434683062053615,
    "ch": 902.5675830210191,
    "db": 0.8912131275862945,
    "bic": -3080.571169420494,
    "xb": 304.10199601388786
}