{
    "dataset": "blobs-P10-K2-N1024-dt0.50-S4",
    "algorithm": "kmeans",
    "k": 25,
    "n": 1024,
    "d": 10,
    "k_true": 2,
    "rand_score": 0.514616935483871,
    "adjusted_rand_score": 0.028360157742290584,
    "accuracy": 0.083984375,
    "f1_score": 0.012254848070359339,
    "precision": 0.07346516007532956,
    "recall": 0.00671875,
    "sigui": 0.4773884352446498,
    "sse": 5686.0072522091805,
    "sc": 0.07352432972131379,
    "ch": 33.337971571025236,
    "db": 2.0320253626017832,
    "bic": -15756.223885950045,
    "xb": 1342.7768116359136
}