{
    "dataset": "blobs-P5-K8-N64-dt0.70-S6",
    "algorithm": "kmeans",
    "k": 16,
    "n": 64,
    "d": 5,
    "k_true": 8,
    "rand_score": 0.8993055555555556,
    "adjusted_rand_score": 0.36496350364963503,
    "accuracy": 0.53125,
    "f1_score": 0.3141941391941392,
    "precision": 0.39107142857142857,
    "recall": 0.265625,
    "sigui": 0.27133503431821704,
    "sse": 55.96057736753516,
    "sc": 0.2035234188804499,
    "ch": 15.098596050477152,
    "db": 0.9600295854118819,
    "bic": -550.3589498793257,
    "xb": 40.23293426623579
}