{
    "dataset": "blobs-P10-K4-N128-dt0.10-S0",
    "algorithm": "kmeans",
    "k": 50,
    "n": 128,
    "d": 10,
    "k_true": 4,
    "rand_score": 0.7792814960629921,
    "adjusted_rand_score": 0.13801557215172633,
    "accuracy": 0.2265625,
    "f1_score": 0.029147741147741147,
    "precision": 0.08,
    "recall": 0.018125,
    "sigui": 0.14973721993550776,
    "sse": 53.185102410625234,
    "sc": 0.08358293030733197,
    "ch": 36.718722577139,
    "db": 1.0428832113306477,
    "bic": -1653.593479409131,
    "xb": 119.24425230997187
}