{
    "dataset": "blobs-P2-K2-N128-dt0.90-S8",
    "algorithm": "kmeans",
    "k": 3,
    "n": 128,
    "d": 2,
    "k_true": 2,
    "rand_score": 0.5589320866141733,
    "adjusted_rand_score": 0.11561778262955574,
    "accuracy": 0.546875,
    "f1_score": 0.41680618671769115,
    "precision": 0.48661166594297295,
    "recall": 0.3645833333333333,
    "sigui": 0.38208502069088524,
    "sse": 104.47656230285868,
    "sc": 0.3678633518782932,
    "ch": 90.64439571258956,
    "db": 0.8692797864489635,
    "bic": -408.90282975047137,
    "xb": 29.7184087708141
}