{
    "dataset": "blobs-P2-K16-N1024-dt0.60-S5",
    "algorithm": "kmeans",
    "k": 32,
    "n": 1024,
    "d": 2,
    "k_true": 16,
    "rand_score": 0.954478632086999,
    "adjusted_rand_score": 0.49625393502095383,
    "accuracy": 0.509765625,
    "f1_score": 0.3195672288737209,
    "precision": 0.44328488854486625,
    "recall": 0.2548828125,
    "sigui": 0.11485896282625047,
    "sse": 47.245338889428446,
    "sc": 0.34958259726288665,
    "ch": 1355.1421295840098,
    "db": 0.9080636667891473,
    "bic": -2887.6534546372686,
    "xb": 400.1021412722208
}