{
    "dataset": "blobs-P5-K2-N128-dt0.10-S0",
    "algorithm": "kmeans",
    "k": 20,
    "n": 128,
    "d": 5,
    "k_true": 2,
    "rand_score": 0.5648375984251969,
    "adjusted_rand_score": 0.12361503748836719,
    "accuracy": 0.2109375,
    "f1_score": 0.03483183483183483,
    "precision": 0.1,
    "recall": 0.02109375,
    "sigui": 0.22658101037865636,
    "sse": 60.049173612534176,
    "sc": 0.2054920645866513,
    "ch": 54.897717883149625,
    "db": 1.0764598785737218,
    "bic": -806.1346197321086,
    "xb": 83.75948116196511
}