{
    "dataset": "blobs-P2-K2-N1024-dt0.10-S0",
    "algorithm": "kmeans",
    "k": 2,
    "n": 1024,
    "d": 2,
    "k_true": 2,
    "rand_score": 1.0,
    "adjusted_rand_score": 1.0,
    "accuracy": 1.0,
    "f1_score": 1.0,
    "precision": 1.0,
    "recall": 1.0,
    "sigui": 0.33649882660938213,
    "sse": 1060.61569808104,
    "sc": 0.5087246522977422,
    "ch": 951.4348678667918,
    "db": 0.8532394742143536,
    "bic": -2962.758740661322,
    "xb": 244.31489894723643
}