{
    "dataset": "blobs-P10-K4-N64-dt0.70-S6",
    "algorithm": "kmeans",
    "k": 10,
    "n": 64,
    "d": 10,
    "k_true": 4,
    "rand_score": 0.7127976190476191,
    "adjusted_rand_score": 0.0979301135099043,
    "accuracy": 0.40625,
    "f1_score": 0.19025518613242398,
    "precision": 0.24898989898989896,
    "recall": 0.1625,
    "sigui": 0.4585627819892431,
    "sse": 358.3278142387296,
    "sc": 0.06582004826205129,
    "ch": 4.716444125773802,
    "db": 1.527778509982941,
    "bic": -1081.896344155238,
    "xb": 66.21348998467363
}