{
    "dataset": "blobs-P5-K4-N1024-dt0.40-S3",
    "algorithm": "kmeans",
    "k": 16,
    "n": 1024,
    "d": 5,
    "k_true": 4,
    "rand_score": 0.7913993768328446,
    "adjusted_rand_score": 0.2598708852464409,
    "accuracy": 0.2724609375,
    "f1_score": 0.10316977622010651,
    "precision": 0.21543775251222227,
    "recall": 0.068115234375,
    "sigui": 0.34356793600329194,
    "sse": 1351.6407243564722,
    "sc": 0.1625524455283327,
    "ch": 187.3528510646287,
    "db": 1.5676538232560344,
    "bic": -7000.620237834003,
    "xb": 1082.4599295813766
}