{
    "dataset": "blobs-P10-K16-N1024-dt0.90-S8",
    "algorithm": "kmeans",
    "k": 16,
    "n": 1024,
    "d": 10,
    "k_true": 16,
    "rand_score": 0.8986360581622679,
    "adjusted_rand_score": 0.12929367372518738,
    "accuracy": 0.3037109375,
    "f1_score": 0.3012378698394154,
    "precision": 0.30088752595205603,
    "recall": 0.3037109375,
    "sigui": 0.49586550264462687,
    "sse": 6243.79448415148,
    "sc": 0.07601239547832903,
    "ch": 43.00990549042954,
    "db": 2.0958580009222856,
    "bic": -15438.853075417319,
    "xb": 1514.83578413325
}