{
    "dataset": "blobs-P2-K4-N128-dt0.90-S8",
    "algorithm": "kmeans",
    "k": 10,
    "n": 128,
    "d": 2,
    "k_true": 4,
    "rand_score": 0.7448326771653543,
    "adjusted_rand_score": 0.16386365223574526,
    "accuracy": 0.328125,
    "f1_score": 0.16180805449809657,
    "precision": 0.24,
    "recall": 0.13125,
    "sigui": 0.20963894412818018,
    "sse": 27.63868460916328,
    "sc": 0.3582040020690137,
    "ch": 108.32898243558591,
    "db": 0.8919217955716521,
    "bic": -432.09170452103035,
    "xb": 50.82567289000078
}