{
    "dataset": "blobs-P5-K2-N1024-dt0.90-S8",
    "algorithm": "kmeans",
    "k": 3,
    "n": 1024,
    "d": 5,
    "k_true": 2,
    "rand_score": 0.5399331011730205,
    "adjusted_rand_score": 0.07957140290867472,
    "accuracy": 0.4736328125,
    "f1_score": 0.3694330349306652,
    "precision": 0.4466629404214797,
    "recall": 0.3157552083333333,
    "sigui": 0.5014731873428289,
    "sse": 3867.1287876693004,
    "sc": 0.1336655623817012,
    "ch": 165.39766527639387,
    "db": 2.001312618232134,
    "bic": -7728.5915362417645,
    "xb": 1091.4248381542359
}