{
    "dataset": "blobs-P5-K32-N64-dt0.70-S6",
    "algorithm": "kmeans",
    "k": 50,
    "n": 64,
    "d": 5,
    "k_true": 32,
    "rand_score": 0.9846230158730159,
    "adjusted_rand_score": 0.3603013429413691,
    "accuracy": 0.640625,
    "f1_score": 0.4733333333333333,
    "precision": 0.6133333333333333,
    "recall": 0.41,
    "sigui": 0.06728376388509949,
    "sse": 5.8200567304558835,
    "sc": 0.12739985214055055,
    "ch": 15.423509122733469,
    "db": 0.33795981263840724,
    "bic": -800.1338077210916,
    "xb": 20.281117141774853
}