{
    "dataset": "blobs-P2-K8-N1024-dt0.90-S8",
    "algorithm": "kmeans",
    "k": 2,
    "n": 1024,
    "d": 2,
    "k_true": 8,
    "rand_score": 0.5641190127077224,
    "adjusted_rand_score": 0.1703867145019526,
    "accuracy": 0.25,
    "f1_score": 0.10458477597001359,
    "precision": 0.06709584418562747,
    "recall": 0.25,
    "sigui": 0.4050211247060479,
    "sse": 1013.0118498883769,
    "sc": 0.4586641871780507,
    "ch": 1044.1712893394415,
    "db": 0.9068454137521017,
    "bic": -2880.252887655635,
    "xb": 210.18746896278094
}