{
    "dataset": "blobs-P5-K32-N128-dt0.90-S8",
    "algorithm": "kmeans",
    "k": 50,
    "n": 128,
    "d": 5,
    "k_true": 32,
    "rand_score": 0.9671505905511811,
    "adjusted_rand_score": 0.1865809484971334,
    "accuracy": 0.4609375,
    "f1_score": 0.3318138528138527,
    "precision": 0.41890476190476195,
    "recall": 0.295,
    "sigui": 0.19486860503266648,
    "sse": 55.208599212529066,
    "sc": 0.18283246596812425,
    "ch": 16.86136665636192,
    "db": 0.8283033348522758,
    "bic": -1369.521691595466,
    "xb": 78.17969788016413
}