{
    "dataset": "blobs-P5-K4-N1024-dt0.80-S7",
    "algorithm": "kmeans",
    "k": 10,
    "n": 1024,
    "d": 5,
    "k_true": 4,
    "rand_score": 0.7294549578445748,
    "adjusted_rand_score": 0.09747117543658422,
    "accuracy": 0.2509765625,
    "f1_score": 0.1426491026531215,
    "precision": 0.25065606741636637,
    "recall": 0.100390625,
    "sigui": 0.44426063813485495,
    "sse": 2446.2526379101305,
    "sc": 0.1364955047135502,
    "ch": 123.14435480908216,
    "db": 1.6262414606135838,
    "bic": -7932.496470679132,
    "xb": 818.1581066017313
}