{
    "dataset": "blobs-P10-K2-N64-dt0.70-S6",
    "algorithm": "kmeans",
    "k": 3,
    "n": 64,
    "d": 10,
    "k_true": 2,
    "rand_score": 0.5252976190476191,
    "adjusted_rand_score": 0.04968239206847091,
    "accuracy": 0.609375,
    "f1_score": 0.41234505438907165,
    "precision": 0.4222222222222222,
    "recall": 0.40625,
    "sigui": 0.5354262516618126,
    "sse": 525.8133293716255,
    "sc": 0.10612910174604429,
    "ch": 6.623440790912284,
    "db": 2.065517611933751,
    "bic": -965.5756153122624,
    "xb": 101.267971686819
}