{
    "dataset": "blobs-P2-K4-N64-dt0.90-S8",
    "algorithm": "kmeans",
    "k": 16,
    "n": 64,
    "d": 2,
    "k_true": 4,
    "rand_score": 0.7584325396825397,
    "adjusted_rand_score": 0.10720209515495417,
    "accuracy": 0.265625,
    "f1_score": 0.10238095238095238,
    "precision": 0.225,
    "recall": 0.06640625,
    "sigui": 0.1429082851922973,
    "sse": 5.26152706629938,
    "sc": 0.39605217414527966,
    "ch": 74.64812181686378,
    "db": 0.6412177897961466,
    "bic": -249.85624822910884,
    "xb": 32.6212193395876
}