{
    "dataset": "blobs-P5-K32-N128-dt0.60-S5",
    "algorithm": "kmeans",
    "k": 3,
    "n": 128,
    "d": 5,
    "k_true": 32,
    "rand_score": 0.672121062992126,
    "adjusted_rand_score": 0.07087541486742087,
    "accuracy": 0.09375,
    "f1_score": 0.016737376911795516,
    "precision": 0.00922514985014985,
    "recall": 0.09375,
    "sigui": 0.48655713297211156,
    "sse": 411.57315989153585,
    "sc": 0.20987693546660635,
    "ch": 34.688067391327024,
    "db": 1.5263351010086836,
    "bic": -947.9807047251334,
    "xb": 78.01311387065809
}