{
    "dataset": "blobs-P10-K16-N64-dt0.60-S5",
    "algorithm": "kmeans",
    "k": 2,
    "n": 64,
    "d": 10,
    "k_true": 16,
    "rand_score": 0.466765873015873,
    "adjusted_rand_score": 0.025385312783318223,
    "accuracy": 0.125,
    "f1_score": 0.030638297872340424,
    "precision": 0.017718715393133997,
    "recall": 0.125,
    "sigui": 0.5544016980603199,
    "sse": 557.0896988752716,
    "sc": 0.12608482139698912,
    "ch": 9.227308780096596,
    "db": 2.3775404706340257,
    "bic": -950.1324885587007,
    "xb": 88.29098844580653
}