{
    "dataset": "blobs-P10-K2-N1024-dt0.70-S6",
    "algorithm": "kmeans",
    "k": 32,
    "n": 1024,
    "d": 10,
    "k_true": 2,
    "rand_score": 0.5058880131964809,
    "adjusted_rand_score": 0.010870104744325999,
    "accuracy": 0.0654296875,
    "f1_score": 0.00756948986265533,
    "precision": 0.0510616028708134,
    "recall": 0.00408935546875,
    "sigui": 0.4719436967932345,
    "sse": 5443.792866215979,
    "sc": 0.07465246218804973,
    "ch": 28.193326243834996,
    "db": 1.9083547671121055,
    "bic": -16045.635145570554,
    "xb": 1320.4317418362773
}