{
    "dataset": "blobs-P10-K8-N128-dt0.80-S7",
    "algorithm": "kmeans",
    "k": 20,
    "n": 128,
    "d": 10,
    "k_true": 8,
    "rand_score": 0.8470718503937008,
    "adjusted_rand_score": 0.052665374436649724,
    "accuracy": 0.2734375,
    "f1_score": 0.14022161172161174,
    "precision": 0.1976388888888889,
    "recall": 0.109375,
    "sigui": 0.43509931884395375,
    "sse": 588.5357004092392,
    "sc": 0.08479300008147171,
    "ch": 6.678318150576674,
    "db": 1.5202673708664418,
    "bic": -2223.7735413292103,
    "xb": 118.38114842104656
}