{
    "dataset": "blobs-P2-K4-N128-dt0.90-S8",
    "algorithm": "kmeans",
    "k": 50,
    "n": 128,
    "d": 2,
    "k_true": 4,
    "rand_score": 0.7523375984251969,
    "adjusted_rand_score": 0.021480270838197525,
    "accuracy": 0.109375,
    "f1_score": 0.015560703560703559,
    "precision": 0.07200000000000001,
    "recall": 0.00875,
    "sigui": 0.0651514896723803,
    "sse": 2.265961000481688,
    "sc": 0.37972042713043896,
    "ch": 178.2480651855095,
    "db": 0.5168855815072552,
    "bic": -619.9599623639399,
    "xb": 170.32253752372102
}