{
    "dataset": "blobs-P10-K16-N64-dt1.00-S9",
    "algorithm": "kmeans",
    "k": 2,
    "n": 64,
    "d": 10,
    "k_true": 16,
    "rand_score": 0.35367063492063494,
    "adjusted_rand_score": 0.012985607618223136,
    "accuracy": 0.125,
    "f1_score": 0.03850267379679144,
    "precision": 0.024132730015082957,
    "recall": 0.125,
    "sigui": 0.5579589838091765,
    "sse": 576.1758703410086,
    "sc": 0.10944087234199965,
    "ch": 6.867861433550605,
    "db": 2.279483951020111,
    "bic": -952.7113528689573,
    "xb": 87.42481626158568
}