{
    "dataset": "blobs-P5-K8-N1024-dt0.70-S6",
    "algorithm": "kmeans",
    "k": 50,
    "n": 1024,
    "d": 5,
    "k_true": 8,
    "rand_score": 0.8733733504398827,
    "adjusted_rand_score": 0.09327773804738637,
    "accuracy": 0.16015625,
    "f1_score": 0.04241047954667891,
    "precision": 0.12451694665487768,
    "recall": 0.025625,
    "sigui": 0.3276679345658489,
    "sse": 1130.2587657485517,
    "sc": 0.13951599439807952,
    "ch": 70.16648518495332,
    "db": 1.4016948440109371,
    "bic": -8402.470257710082,
    "xb": 738.2723914741287
}