{
    "dataset": "blobs-P10-K8-N64-dt0.10-S0",
    "algorithm": "kmeans",
    "k": 2,
    "n": 64,
    "d": 10,
    "k_true": 8,
    "rand_score": 0.3333333333333333,
    "adjusted_rand_score": 0.06896551724137931,
    "accuracy": 0.25,
    "f1_score": 0.15625,
    "precision": 0.14285714285714285,
    "recall": 0.25,
    "sigui": 0.5305150584487863,
    "sse": 508.973936576424,
    "sc": 0.2889636054559666,
    "ch": 15.960769989333098,
    "db": 0.9177935203366407,
    "bic": -904.8384117430736,
    "xb": 27.458200481403427
}