{
    "dataset": "blobs-P2-K8-N64-dt0.80-S7",
    "algorithm": "kmeans",
    "k": 25,
    "n": 64,
    "d": 2,
    "k_true": 8,
    "rand_score": 0.8933531746031746,
    "adjusted_rand_score": 0.2589046342397549,
    "accuracy": 0.390625,
    "f1_score": 0.16144741532976828,
    "precision": 0.2633333333333333,
    "recall": 0.125,
    "sigui": 0.06745102253600646,
    "sse": 1.3431897052354504,
    "sc": 0.363069796885126,
    "ch": 153.23026667548373,
    "db": 0.5162286603670441,
    "bic": -247.3696059985193,
    "xb": 43.67951529457079
}