{
    "dataset": "blobs-P5-K2-N64-dt0.80-S7",
    "algorithm": "kmeans",
    "k": 8,
    "n": 64,
    "d": 5,
    "k_true": 2,
    "rand_score": 0.5099206349206349,
    "adjusted_rand_score": 0.008948189663407954,
    "accuracy": 0.25,
    "f1_score": 0.08846153846153847,
    "precision": 0.17658730158730157,
    "recall": 0.0625,
    "sigui": 0.40734099666790036,
    "sse": 125.67481842510173,
    "sc": 0.21153481540476138,
    "ch": 12.370031419824011,
    "db": 1.200255927264059,
    "bic": -528.2107037689136,
    "xb": 37.70931840771617
}