{
    "dataset": "blobs-P10-K16-N64-dt0.10-S0",
    "algorithm": "kmeans",
    "k": 2,
    "n": 64,
    "d": 10,
    "k_true": 16,
    "rand_score": 0.5282738095238095,
    "adjusted_rand_score": 0.08368891947694425,
    "accuracy": 0.125,
    "f1_score": 0.028869286287089013,
    "precision": 0.01641025641025641,
    "recall": 0.125,
    "sigui": 0.5533454588030386,
    "sse": 530.470674348081,
    "sc": 0.1776492771256032,
    "ch": 12.80149595218342,
    "db": 2.117988047298933,
    "bic": -936.7805564321195,
    "xb": 69.92029284346906
}