{
    "dataset": "blobs-P2-K4-N1024-dt0.50-S4",
    "algorithm": "kmeans",
    "k": 20,
    "n": 1024,
    "d": 2,
    "k_true": 4,
    "rand_score": 0.7843009225317693,
    "adjusted_rand_score": 0.21864296028615815,
    "accuracy": 0.275390625,
    "f1_score": 0.08612624046608888,
    "precision": 0.19772727272727272,
    "recall": 0.055078125,
    "sigui": 0.14582880806612106,
    "sse": 89.07377522548657,
    "sc": 0.33525766272280966,
    "ch": 1162.1550350465839,
    "db": 0.855350681452839,
    "bic": -2924.739491831676,
    "xb": 345.30988494083385
}