{
    "dataset": "blobs-P5-K4-N1024-dt0.20-S1",
    "algorithm": "kmeans",
    "k": 16,
    "n": 1024,
    "d": 5,
    "k_true": 4,
    "rand_score": 0.8143710288367546,
    "adjusted_rand_score": 0.340847431512126,
    "accuracy": 0.294921875,
    "f1_score": 0.11341559803655785,
    "precision": 0.25,
    "recall": 0.07373046875,
    "sigui": 0.25790267495118013,
    "sse": 633.5277087091758,
    "sc": 0.1512528773891577,
    "ch": 475.89226774159033,
    "db": 1.717903797442282,
    "bic": -5064.1151901552485,
    "xb": 910.0864061606018
}