{
    "dataset": "blobs-P5-K16-N1024-dt0.70-S6",
    "algorithm": "kmeans",
    "k": 8,
    "n": 1024,
    "d": 5,
    "k_true": 16,
    "rand_score": 0.8989281677663734,
    "adjusted_rand_score": 0.4291833228127191,
    "accuracy": 0.4677734375,
    "f1_score": 0.3221434434551508,
    "precision": 0.2529174824485296,
    "recall": 0.4677734375,
    "sigui": 0.40064953333015585,
    "sse": 1906.6066543530546,
    "sc": 0.23452787231367989,
    "ch": 244.62365650837418,
    "db": 1.2918167590135803,
    "bic": -6999.351275912213,
    "xb": 626.6630530257016
}