{
    "dataset": "blobs-P5-K32-N128-dt0.10-S0",
    "algorithm": "kmeans",
    "k": 20,
    "n": 128,
    "d": 5,
    "k_true": 32,
    "rand_score": 0.9709645669291339,
    "adjusted_rand_score": 0.6014573692888676,
    "accuracy": 0.625,
    "f1_score": 0.5116071428571428,
    "precision": 0.46041666666666664,
    "recall": 0.625,
    "sigui": 0.20532728909097978,
    "sse": 57.64270293268759,
    "sc": 0.5585487518525756,
    "ch": 57.42689550717931,
    "db": 0.644697732849888,
    "bic": -805.685462705728,
    "xb": 31.961266573400774
}