{
    "dataset": "blobs-P10-K8-N64-dt0.80-S7",
    "algorithm": "kmeans",
    "k": 4,
    "n": 64,
    "d": 10,
    "k_true": 8,
    "rand_score": 0.6909722222222222,
    "adjusted_rand_score": 0.11295681063122924,
    "accuracy": 0.328125,
    "f1_score": 0.20210423634336677,
    "precision": 0.16087962962962962,
    "recall": 0.328125,
    "sigui": 0.5293598662713649,
    "sse": 480.5754614586377,
    "sc": 0.0772417380248281,
    "ch": 6.634734867963447,
    "db": 2.0032177073429773,
    "bic": -987.5818637008098,
    "xb": 73.9057673499183
}