{
    "dataset": "blobs-P5-K2-N1024-dt0.30-S2",
    "algorithm": "kmeans",
    "k": 25,
    "n": 1024,
    "d": 5,
    "k_true": 2,
    "rand_score": 0.5356965573069403,
    "adjusted_rand_score": 0.07056297436414141,
    "accuracy": 0.1220703125,
    "f1_score": 0.01738909506655657,
    "precision": 0.07934426229508197,
    "recall": 0.009765625,
    "sigui": 0.36354974556914177,
    "sse": 1467.0544003032023,
    "sc": 0.14913724741837084,
    "ch": 103.64568659209468,
    "db": 1.4338989106280653,
    "bic": -7819.049197157405,
    "xb": 687.9491911737096
}