{
    "dataset": "blobs-P5-K4-N128-dt0.70-S6",
    "algorithm": "kmeans",
    "k": 8,
    "n": 128,
    "d": 5,
    "k_true": 4,
    "rand_score": 0.7818651574803149,
    "adjusted_rand_score": 0.31313239156496037,
    "accuracy": 0.5078125,
    "f1_score": 0.3032622366628236,
    "precision": 0.41231684981684985,
    "recall": 0.25390625,
    "sigui": 0.41220929461993283,
    "sse": 273.3500663391159,
    "sc": 0.17463648488668537,
    "ch": 22.994058565140183,
    "db": 1.4225798417543474,
    "bic": -1006.2930781744568,
    "xb": 86.96445548926653
}