{
    "dataset": "blobs-P10-K8-N1024-dt0.70-S6",
    "algorithm": "kmeans",
    "k": 16,
    "n": 1024,
    "d": 10,
    "k_true": 8,
    "rand_score": 0.8494871853616813,
    "adjusted_rand_score": 0.11904806092482438,
    "accuracy": 0.279296875,
    "f1_score": 0.18322052238279887,
    "precision": 0.266847927972787,
    "recall": 0.1396484375,
    "sigui": 0.49034273564072584,
    "sse": 6254.054506681058,
    "sc": 0.0730865079392655,
    "ch": 42.829101803460354,
    "db": 2.135879442741959,
    "bic": -15450.608616561141,
    "xb": 1335.7043359358488
}