{
    "dataset": "blobs-P5-K16-N1024-dt0.30-S2",
    "algorithm": "kmeans",
    "k": 20,
    "n": 1024,
    "d": 5,
    "k_true": 16,
    "rand_score": 0.9867137860459433,
    "adjusted_rand_score": 0.8781956886341268,
    "accuracy": 0.8681640625,
    "f1_score": 0.7250613803470307,
    "precision": 0.7805096994704877,
    "recall": 0.69453125,
    "sigui": 0.23500988516128393,
    "sse": 509.80884747116846,
    "sc": 0.35285425296528616,
    "ch": 477.8500949397213,
    "db": 1.3477315549901854,
    "bic": -4786.824855571404,
    "xb": 1371.3822076091963
}