{
    "dataset": "blobs-P10-K8-N1024-dt0.40-S3",
    "algorithm": "kmeans",
    "k": 20,
    "n": 1024,
    "d": 10,
    "k_true": 8,
    "rand_score": 0.8957130529081134,
    "adjusted_rand_score": 0.3624226327713476,
    "accuracy": 0.4423828125,
    "f1_score": 0.2354365148719999,
    "precision": 0.3567190307730573,
    "recall": 0.176953125,
    "sigui": 0.4547730542127595,
    "sse": 4811.333219008533,
    "sc": 0.08699242300213594,
    "ch": 59.622181300274384,
    "db": 2.3020383828747346,
    "bic": -14459.095970060087,
    "xb": 2088.5556659999656
}