{
    "dataset": "blobs-P10-K8-N1024-dt0.50-S4",
    "algorithm": "kmeans",
    "k": 25,
    "n": 1024,
    "d": 10,
    "k_true": 8,
    "rand_score": 0.870106686827957,
    "adjusted_rand_score": 0.16691281309996883,
    "accuracy": 0.2880859375,
    "f1_score": 0.13231160171902256,
    "precision": 0.24537481679772546,
    "recall": 0.0921875,
    "sigui": 0.46862413379745493,
    "sse": 5408.490522587539,
    "sc": 0.07722661722335379,
    "ch": 37.184419785407634,
    "db": 2.0708623703970086,
    "bic": -15469.97015677098,
    "xb": 1422.7430217616723
}