{
    "dataset": "blobs-P10-K4-N64-dt0.20-S1",
    "algorithm": "kmeans",
    "k": 25,
    "n": 64,
    "d": 10,
    "k_true": 4,
    "rand_score": 0.8020833333333334,
    "adjusted_rand_score": 0.23625922887612796,
    "accuracy": 0.296875,
    "f1_score": 0.072027024081944,
    "precision": 0.16,
    "recall": 0.0475,
    "sigui": 0.27863711224508003,
    "sse": 115.03494372613689,
    "sc": 0.07762537341239367,
    "ch": 7.415731157968162,
    "db": 1.0794769895855574,
    "bic": -1158.7726659093523,
    "xb": 48.104291922315994
}