{
    "dataset": "blobs-P5-K16-N1024-dt0.50-S4",
    "algorithm": "kmeans",
    "k": 2,
    "n": 1024,
    "d": 5,
    "k_true": 16,
    "rand_score": 0.5170149071358748,
    "adjusted_rand_score": 0.0896261077532087,
    "accuracy": 0.125,
    "f1_score": 0.029417773237997956,
    "precision": 0.016811137378513266,
    "recall": 0.125,
    "sigui": 0.5186000918938405,
    "sse": 3910.78614679527,
    "sc": 0.2456969639443914,
    "ch": 316.00208029476,
    "db": 1.689709816999992,
    "bic": -7290.07442656534,
    "xb": 701.5088816915367
}