{
    "dataset": "blobs-P2-K16-N128-dt0.20-S1",
    "algorithm": "kmeans",
    "k": 20,
    "n": 128,
    "d": 2,
    "k_true": 16,
    "rand_score": 0.9924950787401575,
    "adjusted_rand_score": 0.923012710306379,
    "accuracy": 0.8984375,
    "f1_score": 0.7487179487179487,
    "precision": 0.8,
    "recall": 0.71875,
    "sigui": 0.02532336643926301,
    "sse": 0.2867174877382175,
    "sc": 0.6992725602683662,
    "ch": 5069.548228959374,
    "db": 0.4340085685571438,
    "bic": -17.18257519398935,
    "xb": 72.83795017669219
}