{
    "dataset": "blobs-P5-K4-N128-dt0.40-S3",
    "algorithm": "kmeans",
    "k": 32,
    "n": 128,
    "d": 5,
    "k_true": 4,
    "rand_score": 0.7689468503937008,
    "adjusted_rand_score": 0.11506467100527609,
    "accuracy": 0.203125,
    "f1_score": 0.04137145748987854,
    "precision": 0.115625,
    "recall": 0.025390625,
    "sigui": 0.253763137787283,
    "sse": 87.66896758462362,
    "sc": 0.19104748360249385,
    "ch": 19.510261550974086,
    "db": 0.9799300733999976,
    "bic": -1173.9241259621633,
    "xb": 87.49871540686142
}