{
    "dataset": "blobs-P10-K8-N128-dt0.70-S6",
    "algorithm": "kmeans",
    "k": 25,
    "n": 128,
    "d": 10,
    "k_true": 8,
    "rand_score": 0.8603592519685039,
    "adjusted_rand_score": 0.059418861867133,
    "accuracy": 0.2265625,
    "f1_score": 0.1012454148106322,
    "precision": 0.18162481962481963,
    "recall": 0.0725,
    "sigui": 0.4081340837102252,
    "sse": 500.4483324323465,
    "sc": 0.08884849518807898,
    "ch": 6.685157467473003,
    "db": 1.4478257089503912,
    "bic": -2296.7792262602,
    "xb": 130.63609768345816
}