{
    "dataset": "blobs-P2-K2-N128-dt0.10-S0",
    "algorithm": "kmeans",
    "k": 50,
    "n": 128,
    "d": 2,
    "k_true": 2,
    "rand_score": 0.5221456692913385,
    "adjusted_rand_score": 0.03698468602844135,
    "accuracy": 0.0859375,
    "f1_score": 0.0063271221532091105,
    "precision": 0.04,
    "recall": 0.0034375,
    "sigui": 0.0416183566732843,
    "sse": 0.9163818480447108,
    "sc": 0.36692465083271397,
    "ch": 443.10292118869745,
    "db": 0.4886729604675011,
    "bic": -501.0536028102988,
    "xb": 128.00846599252398
}