{
    "dataset": "blobs-P5-K4-N1024-dt0.70-S6",
    "algorithm": "kmeans",
    "k": 10,
    "n": 1024,
    "d": 5,
    "k_true": 4,
    "rand_score": 0.732351234115347,
    "adjusted_rand_score": 0.10629100612665258,
    "accuracy": 0.271484375,
    "f1_score": 0.15323321160828782,
    "precision": 0.26286069291006403,
    "recall": 0.10859375,
    "sigui": 0.4366487020537242,
    "sse": 2398.4518681227955,
    "sc": 0.14202242624466418,
    "ch": 127.84403150499249,
    "db": 1.518149241715728,
    "bic": -7884.467999770435,
    "xb": 774.8689050606384
}