{
    "dataset": "blobs-P10-K2-N64-dt0.70-S6",
    "algorithm": "kmeans",
    "k": 8,
    "n": 64,
    "d": 10,
    "k_true": 2,
    "rand_score": 0.5302579365079365,
    "adjusted_rand_score": 0.049484601781190754,
    "accuracy": 0.25,
    "f1_score": 0.09322493224932249,
    "precision": 0.18803418803418803,
    "recall": 0.0625,
    "sigui": 0.46538445938280093,
    "sse": 371.1147311687771,
    "sc": 0.09371247154835499,
    "ch": 5.796272607867744,
    "db": 1.790375637901332,
    "bic": -1045.8461112399311,
    "xb": 68.72124406225305
}