{
    "dataset": "blobs-P5-K2-N1024-dt0.90-S8",
    "algorithm": "kmeans",
    "k": 4,
    "n": 1024,
    "d": 5,
    "k_true": 2,
    "rand_score": 0.537941791911046,
    "adjusted_rand_score": 0.0754331674587987,
    "accuracy": 0.3837890625,
    "f1_score": 0.2500178555196281,
    "precision": 0.35917832167832164,
    "recall": 0.19189453125,
    "sigui": 0.48414808578397,
    "sse": 3498.3242209065693,
    "sc": 0.13642435131014716,
    "ch": 157.60968111437182,
    "db": 1.8192103649042861,
    "bic": -7789.553199777428,
    "xb": 920.3505133971438
}