{
    "dataset": "blobs-P2-K32-N1024-dt1.00-S9",
    "algorithm": "kmeans",
    "k": 10,
    "n": 1024,
    "d": 2,
    "k_true": 32,
    "rand_score": 0.9096235795454546,
    "adjusted_rand_score": 0.3627764640422868,
    "accuracy": 0.3125,
    "f1_score": 0.1727012145964853,
    "precision": 0.13417254060658435,
    "recall": 0.3125,
    "sigui": 0.16492372948034825,
    "sse": 139.58273974372065,
    "sc": 0.5093868266271363,
    "ch": 1540.4126019949406,
    "db": 0.6818413237344406,
    "bic": -2505.1661745753504,
    "xb": 210.11783826808767
}