{
    "dataset": "blobs-P5-K16-N1024-dt1.00-S9",
    "algorithm": "kmeans",
    "k": 10,
    "n": 1024,
    "d": 5,
    "k_true": 16,
    "rand_score": 0.8714488636363636,
    "adjusted_rand_score": 0.1385358185695144,
    "accuracy": 0.275390625,
    "f1_score": 0.2117796874219865,
    "precision": 0.1725320062932174,
    "recall": 0.275390625,
    "sigui": 0.4393395073113613,
    "sse": 2434.246104057901,
    "sc": 0.1311871425289387,
    "ch": 124.30745537124719,
    "db": 1.6020686930596444,
    "bic": -7923.274195217152,
    "xb": 782.5637261050132
}