{
    "dataset": "blobs-P5-K2-N128-dt0.50-S4",
    "algorithm": "kmeans",
    "k": 8,
    "n": 128,
    "d": 5,
    "k_true": 2,
    "rand_score": 0.5594242125984252,
    "adjusted_rand_score": 0.11372268548923009,
    "accuracy": 0.2890625,
    "f1_score": 0.11104651162790698,
    "precision": 0.24431818181818182,
    "recall": 0.072265625,
    "sigui": 0.42892603953467806,
    "sse": 292.42483764894604,
    "sc": 0.13958789689996043,
    "ch": 20.375941395725604,
    "db": 1.5241048915532,
    "bic": -1032.1484557260253,
    "xb": 101.00190963904666
}