{
    "dataset": "blobs-P2-K16-N64-dt0.20-S1",
    "algorithm": "kmeans",
    "k": 8,
    "n": 64,
    "d": 2,
    "k_true": 16,
    "rand_score": 0.9047619047619048,
    "adjusted_rand_score": 0.46153846153846156,
    "accuracy": 0.5,
    "f1_score": 0.36874999999999997,
    "precision": 0.3177083333333333,
    "recall": 0.5,
    "sigui": 0.112316326356281,
    "sse": 3.9766049463775137,
    "sc": 0.6671609353501816,
    "ch": 249.5060922088356,
    "db": 0.4199402695199496,
    "bic": -135.34030944517383,
    "xb": 13.009353380626077
}