{
    "dataset": "blobs-P5-K16-N128-dt0.50-S4",
    "algorithm": "kmeans",
    "k": 2,
    "n": 128,
    "d": 5,
    "k_true": 16,
    "rand_score": 0.5364173228346457,
    "adjusted_rand_score": 0.07928518655338013,
    "accuracy": 0.125,
    "f1_score": 0.028125,
    "precision": 0.015873015873015872,
    "recall": 0.125,
    "sigui": 0.5152014238484017,
    "sse": 474.9494027419961,
    "sc": 0.22972677375805026,
    "ch": 43.78650680355856,
    "db": 1.6106313073821499,
    "bic": -929.5493680641925,
    "xb": 83.66098902895783
}