{
    "dataset": "blobs-P10-K4-N64-dt0.50-S4",
    "algorithm": "kmeans",
    "k": 4,
    "n": 64,
    "d": 10,
    "k_true": 4,
    "rand_score": 0.7018849206349206,
    "adjusted_rand_score": 0.21163095758635767,
    "accuracy": 0.578125,
    "f1_score": 0.5628787878787879,
    "precision": 0.5809407096171803,
    "recall": 0.578125,
    "sigui": 0.5290115668600551,
    "sse": 470.006504653381,
    "sc": 0.08182675383458632,
    "ch": 7.233665647754609,
    "db": 2.125218001097567,
    "bic": -986.4862651376516,
    "xb": 81.35165774353501
}