{
    "dataset": "blobs-P10-K8-N64-dt0.70-S6",
    "algorithm": "kmeans",
    "k": 2,
    "n": 64,
    "d": 10,
    "k_true": 8,
    "rand_score": 0.31547619047619047,
    "adjusted_rand_score": -0.0058309037900874635,
    "accuracy": 0.15625,
    "f1_score": 0.06003584229390681,
    "precision": 0.04351851851851852,
    "recall": 0.15625,
    "sigui": 0.5620541268817535,
    "sse": 594.3007309975724,
    "sc": 0.09053797553480342,
    "ch": 4.767543653184717,
    "db": 2.4889690069618458,
    "bic": -958.0590212496413,
    "xb": 101.36843945166085
}