{
    "dataset": "blobs-P2-K2-N64-dt0.70-S6",
    "algorithm": "kmeans",
    "k": 25,
    "n": 64,
    "d": 2,
    "k_true": 2,
    "rand_score": 0.5262896825396826,
    "adjusted_rand_score": 0.03851378345984818,
    "accuracy": 0.140625,
    "f1_score": 0.0196996996996997,
    "precision": 0.08,
    "recall": 0.01125,
    "sigui": 0.0922991820218092,
    "sse": 2.725004197339049,
    "sc": 0.34164756774086547,
    "ch": 74.70515765741233,
    "db": 0.4550415569392176,
    "bic": -292.506222646181,
    "xb": 40.66026639735682
}