{
    "dataset": "blobs-P2-K16-N64-dt1.00-S9",
    "algorithm": "kmeans",
    "k": 16,
    "n": 64,
    "d": 2,
    "k_true": 16,
    "rand_score": 0.9543650793650794,
    "adjusted_rand_score": 0.5462658525129168,
    "accuracy": 0.703125,
    "f1_score": 0.677020202020202,
    "precision": 0.7026785714285715,
    "recall": 0.703125,
    "sigui": 0.10423399110989781,
    "sse": 2.533896170790732,
    "sc": 0.4832540174746477,
    "ch": 158.44829669093332,
    "db": 0.6298721517936463,
    "bic": -204.70186365714122,
    "xb": 33.829418534316794
}