{
    "dataset": "blobs-P2-K4-N1024-dt0.80-S7",
    "algorithm": "kmeans",
    "k": 16,
    "n": 1024,
    "d": 2,
    "k_true": 4,
    "rand_score": 0.7537477853128055,
    "adjusted_rand_score": 0.13360584378713494,
    "accuracy": 0.2255859375,
    "f1_score": 0.08460527781258266,
    "precision": 0.17639137547845413,
    "recall": 0.056396484375,
    "sigui": 0.19576359086213185,
    "sse": 167.38066274891688,
    "sc": 0.339291568744031,
    "ch": 755.031180948593,
    "db": 0.8081668158510593,
    "bic": -3278.7205222534067,
    "xb": 261.6282342454166
}