{
    "dataset": "blobs-P2-K2-N128-dt0.40-S3",
    "algorithm": "kmeans",
    "k": 3,
    "n": 128,
    "d": 2,
    "k_true": 2,
    "rand_score": 0.6585875984251969,
    "adjusted_rand_score": 0.31541508272128455,
    "accuracy": 0.6484375,
    "f1_score": 0.49613899613899615,
    "precision": 0.5821513002364066,
    "recall": 0.4322916666666667,
    "sigui": 0.36898671010927486,
    "sse": 108.04695404154019,
    "sc": 0.362636726456947,
    "ch": 85.58376730220989,
    "db": 0.8900293225634197,
    "bic": -413.604375863835,
    "xb": 31.352499950578036
}