{
    "dataset": "blobs-P10-K16-N128-dt0.60-S5",
    "algorithm": "kmeans",
    "k": 25,
    "n": 128,
    "d": 10,
    "k_true": 16,
    "rand_score": 0.9179379921259843,
    "adjusted_rand_score": 0.09080273481522824,
    "accuracy": 0.3125,
    "f1_score": 0.24087103745927274,
    "precision": 0.3512063492063492,
    "recall": 0.2,
    "sigui": 0.4107078049633687,
    "sse": 499.4182776398117,
    "sc": 0.09168003277859751,
    "ch": 6.7077972682420395,
    "db": 1.547418494978826,
    "bic": -2295.435419529557,
    "xb": 135.15948971219046
}