{
    "dataset": "blobs-P2-K32-N64-dt0.60-S5",
    "algorithm": "kmeans",
    "k": 10,
    "n": 64,
    "d": 2,
    "k_true": 32,
    "rand_score": 0.9126984126984127,
    "adjusted_rand_score": 0.24591947769314473,
    "accuracy": 0.3125,
    "f1_score": 0.171875,
    "precision": 0.13385416666666666,
    "recall": 0.3125,
    "sigui": 0.15719191604453728,
    "sse": 6.9974688057724475,
    "sc": 0.496921853375581,
    "ch": 103.7539726602927,
    "db": 0.588207964119385,
    "bic": -199.76276472762146,
    "xb": 15.395101889915622
}