{
    "dataset": "blobs-P5-K4-N128-dt0.70-S6",
    "algorithm": "kmeans",
    "k": 3,
    "n": 128,
    "d": 5,
    "k_true": 4,
    "rand_score": 0.702878937007874,
    "adjusted_rand_score": 0.2905979742935586,
    "accuracy": 0.5234375,
    "f1_score": 0.4419546317136679,
    "precision": 0.3891902483293458,
    "recall": 0.5234375,
    "sigui": 0.5042925410899435,
    "sse": 446.202695389659,
    "sc": 0.16505377690515716,
    "ch": 27.145357173534958,
    "db": 1.8091865784991334,
    "bic": -974.4215279245375,
    "xb": 112.09432883786559
}