{
    "dataset": "blobs-P5-K2-N1024-dt0.10-S0",
    "algorithm": "kmeans",
    "k": 50,
    "n": 1024,
    "d": 5,
    "k_true": 2,
    "rand_score": 0.5222938813538612,
    "adjusted_rand_score": 0.04369372407197961,
    "accuracy": 0.0703125,
    "f1_score": 0.005254478854478855,
    "precision": 0.04,
    "recall": 0.0028125,
    "sigui": 0.20797458081139142,
    "sse": 414.28468052715647,
    "sc": 0.15903425360497778,
    "ch": 225.7821752697089,
    "db": 1.3873412703195935,
    "bic": -5797.363533062562,
    "xb": 929.7688790328516
}