{
    "dataset": "blobs-P10-K16-N128-dt0.50-S4",
    "algorithm": "kmeans",
    "k": 32,
    "n": 128,
    "d": 10,
    "k_true": 16,
    "rand_score": 0.9292568897637795,
    "adjusted_rand_score": 0.18042446212724886,
    "accuracy": 0.359375,
    "f1_score": 0.2209749604970193,
    "precision": 0.3373263888888889,
    "recall": 0.1796875,
    "sigui": 0.373932415386939,
    "sse": 415.86174306471577,
    "sc": 0.09602169288829832,
    "ch": 6.434929633136828,
    "db": 1.2811186934838896,
    "bic": -2394.9030990833517,
    "xb": 118.6988439771635
}