{
    "dataset": "blobs-P10-K2-N64-dt0.10-S0",
    "algorithm": "kmeans",
    "k": 16,
    "n": 64,
    "d": 10,
    "k_true": 2,
    "rand_score": 0.5778769841269841,
    "adjusted_rand_score": 0.14406820250011973,
    "accuracy": 0.25,
    "f1_score": 0.04949874686716792,
    "precision": 0.125,
    "recall": 0.03125,
    "sigui": 0.3135979568431648,
    "sse": 142.0853398298679,
    "sc": 0.10775416672345176,
    "ch": 11.213872694060221,
    "db": 1.3589715502287891,
    "bic": -971.6876861951857,
    "xb": 67.10412093968311
}