{
    "dataset": "blobs-P5-K8-N64-dt0.40-S3",
    "algorithm": "kmeans",
    "k": 10,
    "n": 64,
    "d": 5,
    "k_true": 8,
    "rand_score": 0.9315476190476191,
    "adjusted_rand_score": 0.6408328513591671,
    "accuracy": 0.75,
    "f1_score": 0.6295932138037401,
    "precision": 0.7054545454545454,
    "recall": 0.6,
    "sigui": 0.33017032845079397,
    "sse": 75.94290159953174,
    "sc": 0.24169682099502032,
    "ch": 19.282152242808674,
    "db": 1.1356677333268828,
    "bic": -493.42465570684493,
    "xb": 32.693336923686566
}