{
    "dataset": "blobs-P5-K16-N64-dt0.50-S4",
    "algorithm": "kmeans",
    "k": 20,
    "n": 64,
    "d": 5,
    "k_true": 16,
    "rand_score": 0.9846230158730159,
    "adjusted_rand_score": 0.8313034464887277,
    "accuracy": 0.84375,
    "f1_score": 0.6857142857142857,
    "precision": 0.725,
    "recall": 0.675,
    "sigui": 0.12326887615744911,
    "sse": 8.815749577056007,
    "sc": 0.5037902944252668,
    "ch": 81.74429244012394,
    "db": 0.5014397529369268,
    "bic": -322.1899373922362,
    "xb": 51.026488188577744
}