{
    "dataset": "blobs-P10-K2-N64-dt0.20-S1",
    "algorithm": "kmeans",
    "k": 2,
    "n": 64,
    "d": 10,
    "k_true": 2,
    "rand_score": 1.0,
    "adjusted_rand_score": 1.0,
    "accuracy": 1.0,
    "f1_score": 1.0,
    "precision": 1.0,
    "recall": 1.0,
    "sigui": 0.5078342644716176,
    "sse": 423.31730178410055,
    "sc": 0.2888588237787402,
    "ch": 31.735833221949225,
    "db": 1.365194473314377,
    "bic": -866.1186082364151,
    "xb": 31.10946940847662
}