{
    "dataset": "blobs-P2-K4-N1024-dt1.00-S9",
    "algorithm": "kmeans",
    "k": 16,
    "n": 1024,
    "d": 2,
    "k_true": 4,
    "rand_score": 0.7425521597018573,
    "adjusted_rand_score": 0.09738417135772391,
    "accuracy": 0.21875,
    "f1_score": 0.07980338859000863,
    "precision": 0.15552907101882435,
    "recall": 0.0546875,
    "sigui": 0.21688320575675016,
    "sse": 188.8334237722149,
    "sc": 0.3134485572620036,
    "ch": 661.6349454639661,
    "db": 0.8515479484374059,
    "bic": -3392.2557536060126,
    "xb": 288.6747675639788
}