{
    "dataset": "blobs-P5-K32-N128-dt1.00-S9",
    "algorithm": "kmeans",
    "k": 2,
    "n": 128,
    "d": 5,
    "k_true": 32,
    "rand_score": 0.5173474409448819,
    "adjusted_rand_score": 0.03310814875766815,
    "accuracy": 0.0625,
    "f1_score": 0.007392911502500543,
    "precision": 0.003930238270695161,
    "recall": 0.0625,
    "sigui": 0.5341329630647286,
    "sse": 520.8849940826827,
    "sc": 0.18466971565043022,
    "ch": 28.813444265203028,
    "db": 1.9902669419112082,
    "bic": -959.7036849371312,
    "xb": 123.58189156630564
}