{
    "dataset": "blobs-P5-K4-N1024-dt0.60-S5",
    "algorithm": "kmeans",
    "k": 8,
    "n": 1024,
    "d": 5,
    "k_true": 4,
    "rand_score": 0.7395795149071359,
    "adjusted_rand_score": 0.1650779427347118,
    "accuracy": 0.3447265625,
    "f1_score": 0.22746339887841052,
    "precision": 0.33598088177691754,
    "recall": 0.17236328125,
    "sigui": 0.4449350928681847,
    "sse": 2536.077308032264,
    "sc": 0.14274108655789028,
    "ch": 147.88110794597623,
    "db": 1.6708495133250283,
    "bic": -7759.034695879167,
    "xb": 909.809725200824
}