{
    "dataset": "blobs-P5-K16-N128-dt0.90-S8",
    "algorithm": "kmeans",
    "k": 20,
    "n": 128,
    "d": 5,
    "k_true": 16,
    "rand_score": 0.9344242125984252,
    "adjusted_rand_score": 0.3478143576996079,
    "accuracy": 0.53125,
    "f1_score": 0.4426221585432112,
    "precision": 0.4958658008658009,
    "recall": 0.425,
    "sigui": 0.3176022266290138,
    "sse": 130.58688218716992,
    "sc": 0.2034860660487087,
    "ch": 22.17383061772438,
    "db": 1.1842622446589748,
    "bic": -1066.779696346614,
    "xb": 86.26107682899952
}