{
    "dataset": "blobs-P10-K32-N1024-dt0.80-S7",
    "algorithm": "kmeans",
    "k": 8,
    "n": 1024,
    "d": 10,
    "k_true": 32,
    "rand_score": 0.866645283479961,
    "adjusted_rand_score": 0.09932501658738327,
    "accuracy": 0.1904296875,
    "f1_score": 0.07637242751359978,
    "precision": 0.04785167132498286,
    "recall": 0.1904296875,
    "sigui": 0.5166085528536455,
    "sse": 7239.79083083882,
    "sc": 0.0790101526455747,
    "ch": 60.14799888739311,
    "db": 2.2981172367286202,
    "bic": -15184.466117142076,
    "xb": 1506.0939900715719
}