{
    "dataset": "blobs-P2-K8-N64-dt0.70-S6",
    "algorithm": "kmeans",
    "k": 2,
    "n": 64,
    "d": 2,
    "k_true": 8,
    "rand_score": 0.597718253968254,
    "adjusted_rand_score": 0.18601538976246237,
    "accuracy": 0.25,
    "f1_score": 0.10006253908692933,
    "precision": 0.06256109481915934,
    "recall": 0.25,
    "sigui": 0.42395810522410726,
    "sse": 68.15731709565098,
    "sc": 0.3966875822238532,
    "ch": 54.436508040108656,
    "db": 0.9861321282477019,
    "bic": -198.12931104189434,
    "xb": 16.942536950457
}