{
    "dataset": "blobs-P10-K32-N1024-dt0.20-S1",
    "algorithm": "kmeans",
    "k": 16,
    "n": 1024,
    "d": 10,
    "k_true": 32,
    "rand_score": 0.9557959891251222,
    "adjusted_rand_score": 0.5462759902158674,
    "accuracy": 0.4990234375,
    "f1_score": 0.35729783191539966,
    "precision": 0.29751325176152993,
    "recall": 0.4990234375,
    "sigui": 0.40499208314221014,
    "sse": 3641.943429889231,
    "sc": 0.2675886394189381,
    "ch": 121.74527420513218,
    "db": 1.3434805318067504,
    "bic": -12605.168142550354,
    "xb": 677.3380057666353
}