{
    "dataset": "blobs-P5-K4-N64-dt0.80-S7",
    "algorithm": "kmeans",
    "k": 4,
    "n": 64,
    "d": 5,
    "k_true": 4,
    "rand_score": 0.6106150793650794,
    "adjusted_rand_score": 0.00578975936312647,
    "accuracy": 0.34375,
    "f1_score": 0.31581494386372433,
    "precision": 0.3192857142857143,
    "recall": 0.34375,
    "sigui": 0.4682357202227648,
    "sse": 196.4992930411909,
    "sc": 0.17289741935985597,
    "ch": 12.57009173390974,
    "db": 1.5337872226161824,
    "bic": -507.05512911396363,
    "xb": 49.100266353969786
}