{
    "dataset": "blobs-P10-K8-N1024-dt0.60-S5",
    "algorithm": "kmeans",
    "k": 8,
    "n": 1024,
    "d": 10,
    "k_true": 8,
    "rand_score": 0.8521524468475073,
    "adjusted_rand_score": 0.32336200016066075,
    "accuracy": 0.564453125,
    "f1_score": 0.5558098040182737,
    "precision": 0.5486992349180748,
    "recall": 0.564453125,
    "sigui": 0.5106434872611758,
    "sse": 6821.625211606433,
    "sc": 0.09142921049900253,
    "ch": 72.73232817428723,
    "db": 2.15049140147175,
    "bic": -14878.805488270156,
    "xb": 1365.1021367797055
}