{
    "dataset": "blobs-P10-K16-N128-dt0.30-S2",
    "algorithm": "kmeans",
    "k": 32,
    "n": 128,
    "d": 10,
    "k_true": 16,
    "rand_score": 0.9664124015748031,
    "adjusted_rand_score": 0.5986641817824029,
    "accuracy": 0.640625,
    "f1_score": 0.3679599046786547,
    "precision": 0.4497395833333333,
    "recall": 0.3203125,
    "sigui": 0.31086432878696807,
    "sse": 249.9285854789231,
    "sc": 0.15915394314691744,
    "ch": 12.76324021875346,
    "db": 1.1928101107803144,
    "bic": -2074.9284876312604,
    "xb": 103.09694129672472
}