{
    "dataset": "blobs-P5-K2-N1024-dt1.00-S9",
    "algorithm": "kmeans",
    "k": 3,
    "n": 1024,
    "d": 5,
    "k_true": 2,
    "rand_score": 0.5366053427419355,
    "adjusted_rand_score": 0.07290760944616577,
    "accuracy": 0.4677734375,
    "f1_score": 0.37474610401985703,
    "precision": 0.46954447242631686,
    "recall": 0.3118489583333333,
    "sigui": 0.5030201507293919,
    "sse": 3882.2745455854338,
    "sc": 0.1332121603713465,
    "ch": 162.75480702340573,
    "db": 1.9779128989488683,
    "bic": -7743.741715816298,
    "xb": 1057.54227964806
}