{
    "dataset": "blobs-P2-K2-N64-dt0.90-S8",
    "algorithm": "kmeans",
    "k": 16,
    "n": 64,
    "d": 2,
    "k_true": 2,
    "rand_score": 0.5357142857142857,
    "adjusted_rand_score": 0.05883104031665975,
    "accuracy": 0.25,
    "f1_score": 0.04939024390243903,
    "precision": 0.11805555555555555,
    "recall": 0.03125,
    "sigui": 0.14802333279848431,
    "sse": 6.9708680097891245,
    "sc": 0.34066396608943306,
    "ch": 55.558823065478,
    "db": 0.5685486094676717,
    "bic": -259.38172520630167,
    "xb": 26.53820803923323
}