{
    "dataset": "blobs-P10-K8-N1024-dt1.00-S9",
    "algorithm": "kmeans",
    "k": 32,
    "n": 1024,
    "d": 10,
    "k_true": 8,
    "rand_score": 0.8556673081622679,
    "adjusted_rand_score": 0.023340638001281607,
    "accuracy": 0.103515625,
    "f1_score": 0.04047566377196626,
    "precision": 0.09351714299188832,
    "recall": 0.02587890625,
    "sigui": 0.4720804035457734,
    "sse": 5414.457946917185,
    "sc": 0.07405750553407042,
    "ch": 28.519446861078713,
    "db": 1.9089861823467877,
    "bic": -16019.507074339233,
    "xb": 1204.6908574974216
}