{
    "dataset": "blobs-P10-K4-N1024-dt0.70-S6",
    "algorithm": "kmeans",
    "k": 32,
    "n": 1024,
    "d": 10,
    "k_true": 4,
    "rand_score": 0.7427640823558163,
    "adjusted_rand_score": 0.02943486532248565,
    "accuracy": 0.0849609375,
    "f1_score": 0.018584535843453646,
    "precision": 0.07587203395036932,
    "recall": 0.0106201171875,
    "sigui": 0.4631473467003101,
    "sse": 5342.110372827604,
    "sc": 0.0732343298968333,
    "ch": 29.339054630306578,
    "db": 1.958937391437111,
    "bic": -15950.558596927642,
    "xb": 1330.5728495106216
}