{
    "dataset": "blobs-P5-K2-N64-dt0.80-S7",
    "algorithm": "kmeans",
    "k": 10,
    "n": 64,
    "d": 5,
    "k_true": 2,
    "rand_score": 0.5218253968253969,
    "adjusted_rand_score": 0.03200510041440867,
    "accuracy": 0.25,
    "f1_score": 0.07272727272727272,
    "precision": 0.13333333333333336,
    "recall": 0.05,
    "sigui": 0.3741266783459103,
    "sse": 110.35114954580467,
    "sc": 0.1894764717416383,
    "ch": 11.399003163107466,
    "db": 1.11428615568903,
    "bic": -545.594615741067,
    "xb": 49.799832690968636
}