{
    "dataset": "blobs-P5-K4-N64-dt0.90-S8",
    "algorithm": "kmeans",
    "k": 25,
    "n": 64,
    "d": 5,
    "k_true": 4,
    "rand_score": 0.7564484126984127,
    "adjusted_rand_score": 0.05447042640990371,
    "accuracy": 0.203125,
    "f1_score": 0.051996658312447784,
    "precision": 0.14400000000000002,
    "recall": 0.0325,
    "sigui": 0.22271159830085574,
    "sse": 38.370571422667915,
    "sc": 0.232888960055607,
    "ch": 11.927052542350289,
    "db": 0.754542055922149,
    "bic": -639.546071156036,
    "xb": 29.66741527459635
}