{
    "dataset": "blobs-P10-K2-N1024-dt0.20-S1",
    "algorithm": "kmeans",
    "k": 4,
    "n": 1024,
    "d": 10,
    "k_true": 2,
    "rand_score": 0.7391995815004888,
    "adjusted_rand_score": 0.47814347199744156,
    "accuracy": 0.501953125,
    "f1_score": 0.3328819600006041,
    "precision": 0.49426563078061414,
    "recall": 0.2509765625,
    "sigui": 0.5182263375706904,
    "sse": 7349.532188131412,
    "sc": 0.091633455020383,
    "ch": 133.71722592389693,
    "db": 2.8987626678625475,
    "bic": -14403.66593582529,
    "xb": 2235.2859805176545
}