{
    "dataset": "blobs-P2-K16-N128-dt0.30-S2",
    "algorithm": "kmeans",
    "k": 2,
    "n": 128,
    "d": 2,
    "k_true": 16,
    "rand_score": 0.5275590551181102,
    "adjusted_rand_score": 0.09929078014184398,
    "accuracy": 0.125,
    "f1_score": 0.02922077922077922,
    "precision": 0.016666666666666666,
    "recall": 0.125,
    "sigui": 0.4443780536485376,
    "sse": 150.89997800522937,
    "sc": 0.40792653985960425,
    "ch": 87.75748642509534,
    "db": 1.0417176876206717,
    "bic": -394.8445307370306,
    "xb": 38.56868038170169
}