{
    "dataset": "blobs-P10-K8-N64-dt0.90-S8",
    "algorithm": "kmeans",
    "k": 4,
    "n": 64,
    "d": 10,
    "k_true": 8,
    "rand_score": 0.6929563492063492,
    "adjusted_rand_score": 0.10678210678210678,
    "accuracy": 0.328125,
    "f1_score": 0.22153240903240903,
    "precision": 0.18077396741189844,
    "recall": 0.328125,
    "sigui": 0.5326476735354592,
    "sse": 471.8771718749711,
    "sc": 0.10525196962507624,
    "ch": 7.125702964481391,
    "db": 1.979988280323797,
    "bic": -984.338852331421,
    "xb": 65.6651153493417
}