{
    "dataset": "blobs-P5-K4-N1024-dt0.10-S0",
    "algorithm": "kmeans",
    "k": 10,
    "n": 1024,
    "d": 5,
    "k_true": 4,
    "rand_score": 0.8811037542766373,
    "adjusted_rand_score": 0.6221237365696226,
    "accuracy": 0.5546875,
    "f1_score": 0.2704009554343577,
    "precision": 0.4,
    "recall": 0.221875,
    "sigui": 0.20285319548124275,
    "sse": 387.56302329576346,
    "sc": 0.30618539265118067,
    "ch": 1375.7450203613703,
    "db": 1.4829322768015116,
    "bic": -3093.115322040598,
    "xb": 784.4564879839237
}