{
    "dataset": "blobs-P2-K32-N64-dt0.40-S3",
    "algorithm": "kmeans",
    "k": 20,
    "n": 64,
    "d": 2,
    "k_true": 32,
    "rand_score": 0.9677579365079365,
    "adjusted_rand_score": 0.4757393419536551,
    "accuracy": 0.625,
    "f1_score": 0.515625,
    "precision": 0.4661458333333333,
    "recall": 0.625,
    "sigui": 0.06708737261325348,
    "sse": 1.4116262734329155,
    "sc": 0.6832023610647187,
    "ch": 207.66971321231821,
    "db": 0.3621143227351008,
    "bic": -206.9613300111048,
    "xb": 29.76051381969958
}