{
    "dataset": "blobs-P2-K16-N128-dt0.10-S0",
    "algorithm": "kmeans",
    "k": 16,
    "n": 128,
    "d": 2,
    "k_true": 16,
    "rand_score": 1.0,
    "adjusted_rand_score": 1.0,
    "accuracy": 1.0,
    "f1_score": 1.0,
    "precision": 1.0,
    "recall": 1.0,
    "sigui": 0.013195723142226789,
    "sse": 0.08793502217978284,
    "sc": 0.8948313357345712,
    "ch": 21729.79590840473,
    "db": 0.14263235061722732,
    "bic": 185.29045891654837,
    "xb": 46.649995133502095
}