{
    "dataset": "blobs-P10-K16-N128-dt0.70-S6",
    "algorithm": "kmeans",
    "k": 20,
    "n": 128,
    "d": 10,
    "k_true": 16,
    "rand_score": 0.9110482283464567,
    "adjusted_rand_score": 0.13418072436846423,
    "accuracy": 0.390625,
    "f1_score": 0.3268001687854629,
    "precision": 0.35311507936507935,
    "recall": 0.3125,
    "sigui": 0.43069156484438326,
    "sse": 567.6816976418481,
    "sc": 0.078713462106389,
    "ch": 7.132460336789128,
    "db": 1.5737077015517809,
    "bic": -2205.1092261638864,
    "xb": 153.29656082158027
}