{
    "dataset": "blobs-P2-K8-N1024-dt0.60-S5",
    "algorithm": "kmeans",
    "k": 3,
    "n": 1024,
    "d": 2,
    "k_true": 8,
    "rand_score": 0.7505708547165201,
    "adjusted_rand_score": 0.3701557868920676,
    "accuracy": 0.375,
    "f1_score": 0.21310927774523436,
    "precision": 0.15163994442440326,
    "recall": 0.375,
    "sigui": 0.29484487278267324,
    "sse": 461.43237186881356,
    "sc": 0.5630054400087856,
    "ch": 1755.2794808926844,
    "db": 0.6224108128405968,
    "bic": -2493.7746791259756,
    "xb": 117.57437288882986
}