{
    "dataset": "blobs-P5-K2-N1024-dt0.10-S0",
    "algorithm": "kmeans",
    "k": 20,
    "n": 1024,
    "d": 5,
    "k_true": 2,
    "rand_score": 0.5572420271260997,
    "adjusted_rand_score": 0.1137160337807566,
    "accuracy": 0.1611328125,
    "f1_score": 0.027726997458783043,
    "precision": 0.1,
    "recall": 0.01611328125,
    "sigui": 0.26018843695590826,
    "sse": 634.5493179270277,
    "sc": 0.19180765325764568,
    "ch": 373.52598198216094,
    "db": 1.3034554925455064,
    "bic": -5324.153578612217,
    "xb": 737.3356957284966
}