{
    "dataset": "blobs-P10-K4-N64-dt0.90-S8",
    "algorithm": "kmeans",
    "k": 4,
    "n": 64,
    "d": 10,
    "k_true": 4,
    "rand_score": 0.5877976190476191,
    "adjusted_rand_score": 0.01300831400938861,
    "accuracy": 0.359375,
    "f1_score": 0.3358296633112179,
    "precision": 0.5066868279569892,
    "recall": 0.359375,
    "sigui": 0.5342781656281569,
    "sse": 490.86514243954804,
    "sc": 0.08984775414012292,
    "ch": 6.076408555688733,
    "db": 1.9940466364790619,
    "bic": -988.7192644258243,
    "xb": 88.39918556693004
}