{
    "dataset": "blobs-P10-K2-N64-dt0.80-S7",
    "algorithm": "kmeans",
    "k": 2,
    "n": 64,
    "d": 10,
    "k_true": 2,
    "rand_score": 0.5,
    "adjusted_rand_score": 0.0007552870090634441,
    "accuracy": 0.5625,
    "f1_score": 0.5555555555555556,
    "precision": 0.5666666666666667,
    "recall": 0.5625,
    "sigui": 0.5587091772983726,
    "sse": 551.5758756496472,
    "sc": 0.11523553436752071,
    "ch": 9.939331924669139,
    "db": 2.3316123821170107,
    "bic": -948.7876005534679,
    "xb": 87.17371480560516
}