{
    "dataset": "blobs-P2-K16-N64-dt0.30-S2",
    "algorithm": "kmeans",
    "k": 3,
    "n": 64,
    "d": 2,
    "k_true": 16,
    "rand_score": 0.7222222222222222,
    "adjusted_rand_score": 0.1878453038674033,
    "accuracy": 0.1875,
    "f1_score": 0.05952380952380952,
    "precision": 0.035416666666666666,
    "recall": 0.1875,
    "sigui": 0.3571212287842689,
    "sse": 37.29032734084207,
    "sc": 0.48705045077185183,
    "ch": 74.19202815830904,
    "db": 0.7273312301826375,
    "bic": -191.54666796046536,
    "xb": 10.465932222548735
}