{
    "dataset": "blobs-P10-K4-N64-dt0.70-S6",
    "algorithm": "kmeans",
    "k": 20,
    "n": 64,
    "d": 10,
    "k_true": 4,
    "rand_score": 0.7375992063492064,
    "adjusted_rand_score": 0.04668325753024972,
    "accuracy": 0.25,
    "f1_score": 0.06713511930903235,
    "precision": 0.10606060606060605,
    "recall": 0.05,
    "sigui": 0.3472122106986044,
    "sse": 218.63479466490628,
    "sc": 0.0878338809597606,
    "ch": 4.463119004398908,
    "db": 1.1077574701347832,
    "bic": -1213.7090317092247,
    "xb": 60.04014429487405
}