{
    "dataset": "blobs-P5-K8-N64-dt0.90-S8",
    "algorithm": "kmeans",
    "k": 2,
    "n": 64,
    "d": 5,
    "k_true": 8,
    "rand_score": 0.5416666666666666,
    "adjusted_rand_score": 0.071875,
    "accuracy": 0.234375,
    "f1_score": 0.09375,
    "precision": 0.05859375,
    "recall": 0.234375,
    "sigui": 0.5102122404635601,
    "sse": 272.3506460647335,
    "sc": 0.12921184258414148,
    "ch": 10.84726614999232,
    "db": 2.238043548134123,
    "bic": -497.6579412468057,
    "xb": 79.1610212778997
}