{
    "dataset": "blobs-P2-K8-N128-dt0.60-S5",
    "algorithm": "kmeans",
    "k": 16,
    "n": 128,
    "d": 2,
    "k_true": 8,
    "rand_score": 0.9258120078740157,
    "adjusted_rand_score": 0.5513997340534588,
    "accuracy": 0.5859375,
    "f1_score": 0.36455840455840455,
    "precision": 0.48737373737373735,
    "recall": 0.29296875,
    "sigui": 0.11363757596059328,
    "sse": 7.252899317083899,
    "sc": 0.37459158164013195,
    "ch": 256.0785147981149,
    "db": 0.8445492980075694,
    "bic": -371.54102452116194,
    "xb": 58.813392526034804
}