{
    "dataset": "blobs-P5-K2-N64-dt0.60-S5",
    "algorithm": "kmeans",
    "k": 8,
    "n": 64,
    "d": 5,
    "k_true": 2,
    "rand_score": 0.5426587301587301,
    "adjusted_rand_score": 0.07550533184784339,
    "accuracy": 0.34375,
    "f1_score": 0.11956521739130435,
    "precision": 0.19642857142857142,
    "recall": 0.0859375,
    "sigui": 0.39971818563635453,
    "sse": 130.72767707200336,
    "sc": 0.17028262686386034,
    "ch": 11.58269325469602,
    "db": 1.104392353009222,
    "bic": -528.1536205900695,
    "xb": 44.03829324276679
}