{
    "dataset": "blobs-P10-K4-N1024-dt1.00-S9",
    "algorithm": "kmeans",
    "k": 4,
    "n": 1024,
    "d": 10,
    "k_true": 4,
    "rand_score": 0.6536171951368523,
    "adjusted_rand_score": 0.07608636257204722,
    "accuracy": 0.4267578125,
    "f1_score": 0.4258200074283195,
    "precision": 0.42591378099680255,
    "recall": 0.4267578125,
    "sigui": 0.5447431885070613,
    "sse": 8468.339301990603,
    "sc": 0.07039610379343418,
    "ch": 71.13137722074975,
    "db": 2.6222480684086595,
    "bic": -15126.832214234733,
    "xb": 1799.4833601259772
}