{
    "dataset": "blobs-P5-K8-N1024-dt0.30-S2",
    "algorithm": "kmeans",
    "k": 3,
    "n": 1024,
    "d": 5,
    "k_true": 8,
    "rand_score": 0.7465901454056696,
    "adjusted_rand_score": 0.3527123559914694,
    "accuracy": 0.373046875,
    "f1_score": 0.21029151651403444,
    "precision": 0.14857921355223513,
    "recall": 0.373046875,
    "sigui": 0.4592034952999734,
    "sse": 2767.2219956499357,
    "sc": 0.29650305819999717,
    "ch": 434.0429402154307,
    "db": 1.348675223879727,
    "bic": -6843.551261270519,
    "xb": 502.95895613206295
}