{
    "dataset": "blobs-P2-K8-N1024-dt0.20-S1",
    "algorithm": "kmeans",
    "k": 10,
    "n": 1024,
    "d": 2,
    "k_true": 8,
    "rand_score": 0.9841096193792767,
    "adjusted_rand_score": 0.9228503774409922,
    "accuracy": 0.8994140625,
    "f1_score": 0.7502471100936574,
    "precision": 0.8,
    "recall": 0.71953125,
    "sigui": 0.052904669462809126,
    "sse": 12.586972372915817,
    "sc": 0.6671275748683974,
    "ch": 18220.343566815252,
    "db": 0.6114193247003971,
    "bic": -98.91344072514406,
    "xb": 141.787309618572
}