{
    "dataset": "blobs-P2-K8-N1024-dt0.50-S4",
    "algorithm": "kmeans",
    "k": 16,
    "n": 1024,
    "d": 2,
    "k_true": 8,
    "rand_score": 0.9232057215298143,
    "adjusted_rand_score": 0.5674266269900529,
    "accuracy": 0.5673828125,
    "f1_score": 0.34065499658480425,
    "precision": 0.4549847157231504,
    "recall": 0.28369140625,
    "sigui": 0.12572837478799015,
    "sse": 74.4339305607296,
    "sc": 0.36854969679541466,
    "ch": 1781.838737114626,
    "db": 0.9450935798468579,
    "bic": -2447.306192752822,
    "xb": 364.96143472302913
}