{
    "dataset": "blobs-P10-K16-N128-dt0.80-S7",
    "algorithm": "kmeans",
    "k": 25,
    "n": 128,
    "d": 10,
    "k_true": 16,
    "rand_score": 0.9146161417322834,
    "adjusted_rand_score": 0.07090150109630629,
    "accuracy": 0.2890625,
    "f1_score": 0.2099330865213218,
    "precision": 0.26796825396825397,
    "recall": 0.185,
    "sigui": 0.4168187596721086,
    "sse": 511.3260764036044,
    "sc": 0.0997498023813124,
    "ch": 6.451640954119111,
    "db": 1.4360407995104867,
    "bic": -2306.2811646358764,
    "xb": 109.97440182769431
}