{
    "dataset": "blobs-P10-K8-N64-dt0.60-S5",
    "algorithm": "kmeans",
    "k": 50,
    "n": 64,
    "d": 10,
    "k_true": 8,
    "rand_score": 0.8839285714285714,
    "adjusted_rand_score": 0.010338345864661654,
    "accuracy": 0.15625,
    "f1_score": 0.040525252525252534,
    "precision": 0.11666666666666665,
    "recall": 0.025,
    "sigui": 0.10402551062033775,
    "sse": 28.111941468255555,
    "sc": 0.0761258395818754,
    "ch": 6.218893126891068,
    "db": 0.497398032464311,
    "bic": -1533.7840577242123,
    "xb": 13.855780613230317
}