{
    "dataset": "blobs-P5-K2-N128-dt0.20-S1",
    "algorithm": "kmeans",
    "k": 25,
    "n": 128,
    "d": 5,
    "k_true": 2,
    "rand_score": 0.5358021653543307,
    "adjusted_rand_score": 0.0648187000739681,
    "accuracy": 0.1171875,
    "f1_score": 0.016720156555772994,
    "precision": 0.08,
    "recall": 0.009375,
    "sigui": 0.3033880073972533,
    "sse": 145.05731885288242,
    "sc": 0.16054436586764226,
    "ch": 14.643377000122344,
    "db": 1.148217664589484,
    "bic": -1203.9063518666671,
    "xb": 99.02394184150548
}