{
    "dataset": "blobs-P5-K32-N64-dt0.40-S3",
    "algorithm": "kmeans",
    "k": 4,
    "n": 64,
    "d": 5,
    "k_true": 32,
    "rand_score": 0.7683531746031746,
    "adjusted_rand_score": 0.0831437564274362,
    "accuracy": 0.125,
    "f1_score": 0.028404344193817876,
    "precision": 0.016080527605779153,
    "recall": 0.125,
    "sigui": 0.47381675727801176,
    "sse": 173.7122553113893,
    "sc": 0.2115953863676613,
    "ch": 16.842535885148855,
    "db": 1.4532752098761386,
    "bic": -494.42501824589533,
    "xb": 37.520175357107384
}