{
    "dataset": "blobs-P5-K4-N1024-dt0.50-S4",
    "algorithm": "kmeans",
    "k": 2,
    "n": 1024,
    "d": 5,
    "k_true": 4,
    "rand_score": 0.6175006109481916,
    "adjusted_rand_score": 0.23533505712088976,
    "accuracy": 0.4697265625,
    "f1_score": 0.3134642142057217,
    "precision": 0.2353607735228923,
    "recall": 0.4697265625,
    "sigui": 0.5279812660983745,
    "sse": 4100.810343339878,
    "sc": 0.1858769089730065,
    "ch": 254.00146358836747,
    "db": 1.9141893462477078,
    "bic": -7447.153328516652,
    "xb": 914.4996032684741
}