{
    "dataset": "blobs-P2-K8-N128-dt0.70-S6",
    "algorithm": "kmeans",
    "k": 2,
    "n": 128,
    "d": 2,
    "k_true": 8,
    "rand_score": 0.5926427165354331,
    "adjusted_rand_score": 0.19271964229833685,
    "accuracy": 0.25,
    "f1_score": 0.10128184839373319,
    "precision": 0.06376089663760896,
    "recall": 0.25,
    "sigui": 0.3904288095793498,
    "sse": 130.39003621792696,
    "sc": 0.44759807985676947,
    "ch": 121.38086540668667,
    "db": 0.9189251999443422,
    "bic": -378.9183118425751,
    "xb": 29.835604337477754
}