{
    "dataset": "blobs-P2-K2-N128-dt1.00-S9",
    "algorithm": "kmeans",
    "k": 50,
    "n": 128,
    "d": 2,
    "k_true": 2,
    "rand_score": 0.5071358267716536,
    "adjusted_rand_score": 0.00672385719808046,
    "accuracy": 0.0703125,
    "f1_score": 0.005217391304347826,
    "precision": 0.036000000000000004,
    "recall": 0.0028125,
    "sigui": 0.06470422934740014,
    "sse": 2.9065110689362355,
    "sc": 0.3170785284734889,
    "ch": 138.61413338424285,
    "db": 0.5513937789725307,
    "bic": -651.2515693063563,
    "xb": 88.75519485521875
}