{
    "dataset": "blobs-P5-K16-N64-dt0.30-S2",
    "algorithm": "kmeans",
    "k": 2,
    "n": 64,
    "d": 5,
    "k_true": 16,
    "rand_score": 0.5476190476190477,
    "adjusted_rand_score": 0.08538681948424069,
    "accuracy": 0.125,
    "f1_score": 0.02786377708978328,
    "precision": 0.01568627450980392,
    "recall": 0.125,
    "sigui": 0.5356281065504971,
    "sse": 241.82639483624365,
    "sc": 0.2210466823641274,
    "ch": 20.042326328500874,
    "db": 1.72627420510935,
    "bic": -478.5136142986515,
    "xb": 45.64864479722124
}