{
    "dataset": "blobs-P10-K8-N64-dt0.80-S7",
    "algorithm": "kmeans",
    "k": 50,
    "n": 64,
    "d": 10,
    "k_true": 8,
    "rand_score": 0.878968253968254,
    "adjusted_rand_score": 0.013477088948787063,
    "accuracy": 0.171875,
    "f1_score": 0.04230303030303031,
    "precision": 0.12238095238095237,
    "recall": 0.0275,
    "sigui": 0.1032297514202585,
    "sse": 38.966043741540346,
    "sc": 0.041409913348900484,
    "ch": 4.407016238072639,
    "db": 0.5578818740984215,
    "bic": -1633.4824671443228,
    "xb": 15.750926327084265
}