{
    "dataset": "blobs-P10-K16-N1024-dt0.40-S3",
    "algorithm": "kmeans",
    "k": 50,
    "n": 1024,
    "d": 10,
    "k_true": 16,
    "rand_score": 0.943168453690127,
    "adjusted_rand_score": 0.29365490645746245,
    "accuracy": 0.37890625,
    "f1_score": 0.16850151657470916,
    "precision": 0.28276604791301824,
    "recall": 0.12125,
    "sigui": 0.4227829838410179,
    "sse": 3963.3544061995112,
    "sc": 0.08492840434290722,
    "ch": 31.47948183302303,
    "db": 1.9593186931133193,
    "bic": -15521.8980311146,
    "xb": 1388.1945916755528
}