{
    "dataset": "blobs-P2-K4-N128-dt0.20-S1",
    "algorithm": "kmeans",
    "k": 20,
    "n": 128,
    "d": 2,
    "k_true": 4,
    "rand_score": 0.8115157480314961,
    "adjusted_rand_score": 0.3084578529081422,
    "accuracy": 0.359375,
    "f1_score": 0.10490506684642176,
    "precision": 0.2,
    "recall": 0.071875,
    "sigui": 0.06598855791774977,
    "sse": 2.0562973626140644,
    "sc": 0.39247471329337613,
    "ch": 701.9750615193259,
    "db": 0.7433021294154918,
    "bic": -259.992243746374,
    "xb": 65.71710148577364
}