{
    "dataset": "blobs-P5-K4-N1024-dt0.70-S6",
    "algorithm": "kmeans",
    "k": 50,
    "n": 1024,
    "d": 5,
    "k_true": 4,
    "rand_score": 0.7487571022727273,
    "adjusted_rand_score": 0.03395989600222633,
    "accuracy": 0.083984375,
    "f1_score": 0.012159735273464,
    "precision": 0.06751851851851852,
    "recall": 0.00671875,
    "sigui": 0.3380158611869253,
    "sse": 1206.5160921325428,
    "sc": 0.1423780818645774,
    "ch": 64.47529092520054,
    "db": 1.3588517289770017,
    "bic": -8541.274502540136,
    "xb": 896.300190274142
}