{
    "dataset": "blobs-P10-K32-N64-dt1.00-S9",
    "algorithm": "kmeans",
    "k": 2,
    "n": 64,
    "d": 10,
    "k_true": 32,
    "rand_score": 0.47271825396825395,
    "adjusted_rand_score": 0.007410810890927685,
    "accuracy": 0.0625,
    "f1_score": 0.007906976744186046,
    "precision": 0.004241781548250265,
    "recall": 0.0625,
    "sigui": 0.5490028021214645,
    "sse": 570.1517198761769,
    "sc": 0.09178125642521084,
    "ch": 7.59551048730947,
    "db": 2.6346283162364577,
    "bic": -958.8426380313132,
    "xb": 109.70182255376159
}