{
    "dataset": "blobs-P5-K8-N128-dt0.90-S8",
    "algorithm": "kmeans",
    "k": 10,
    "n": 128,
    "d": 5,
    "k_true": 8,
    "rand_score": 0.8362450787401575,
    "adjusted_rand_score": 0.16695660744646773,
    "accuracy": 0.390625,
    "f1_score": 0.33880978924457184,
    "precision": 0.3916883116883117,
    "recall": 0.3125,
    "sigui": 0.3937809169272723,
    "sse": 248.7752338066201,
    "sc": 0.16998815271921502,
    "ch": 20.6185772614612,
    "db": 1.3498040142369834,
    "bic": -1041.1155175555543,
    "xb": 86.56350181144687
}