{
    "dataset": "blobs-P2-K4-N64-dt0.50-S4",
    "algorithm": "kmeans",
    "k": 25,
    "n": 64,
    "d": 2,
    "k_true": 4,
    "rand_score": 0.7718253968253969,
    "adjusted_rand_score": 0.10967741935483871,
    "accuracy": 0.21875,
    "f1_score": 0.05504670767828662,
    "precision": 0.13866666666666666,
    "recall": 0.035,
    "sigui": 0.07766587627433379,
    "sse": 1.8562091761405202,
    "sc": 0.4246154211050779,
    "ch": 110.43133646983641,
    "db": 0.4926783200350352,
    "bic": -271.9099028435929,
    "xb": 56.47005004658108
}