{
    "dataset": "blobs-P10-K4-N128-dt0.60-S5",
    "algorithm": "kmeans",
    "k": 8,
    "n": 128,
    "d": 10,
    "k_true": 4,
    "rand_score": 0.7296998031496063,
    "adjusted_rand_score": 0.12492904253684299,
    "accuracy": 0.34375,
    "f1_score": 0.22345545977011494,
    "precision": 0.3323317307692308,
    "recall": 0.171875,
    "sigui": 0.4998844628389081,
    "sse": 826.584178315949,
    "sc": 0.075287779388217,
    "ch": 9.403570575566748,
    "db": 2.260285108937416,
    "bic": -2013.3902997039795,
    "xb": 180.08397364420085
}