{
    "dataset": "blobs-P5-K2-N1024-dt0.60-S5",
    "algorithm": "kmeans",
    "k": 50,
    "n": 1024,
    "d": 5,
    "k_true": 2,
    "rand_score": 0.5063424059139785,
    "adjusted_rand_score": 0.011759512913848023,
    "accuracy": 0.0546875,
    "f1_score": 0.004109090909090909,
    "precision": 0.03454887218045113,
    "recall": 0.0021875,
    "sigui": 0.3326603699783299,
    "sse": 1230.5204682289773,
    "sc": 0.13870263491079823,
    "ch": 62.82977799376612,
    "db": 1.3820945238082245,
    "bic": -8611.924251572938,
    "xb": 848.0726667469561
}