{
    "dataset": "blobs-P5-K2-N1024-dt0.70-S6",
    "algorithm": "kmeans",
    "k": 50,
    "n": 1024,
    "d": 5,
    "k_true": 2,
    "rand_score": 0.5059586540811339,
    "adjusted_rand_score": 0.010991330598852793,
    "accuracy": 0.0546875,
    "f1_score": 0.004127760788311247,
    "precision": 0.03675324675324675,
    "recall": 0.0021875,
    "sigui": 0.3396810061694288,
    "sse": 1229.9051037407744,
    "sc": 0.13914154755405023,
    "ch": 62.871159359722455,
    "db": 1.3635620070088725,
    "bic": -8605.315609134668,
    "xb": 752.9514080471188
}