{
    "dataset": "blobs-P2-K8-N128-dt0.20-S1",
    "algorithm": "kmeans",
    "k": 3,
    "n": 128,
    "d": 2,
    "k_true": 8,
    "rand_score": 0.7795275590551181,
    "adjusted_rand_score": 0.4147465437788018,
    "accuracy": 0.375,
    "f1_score": 0.20833333333333331,
    "precision": 0.14583333333333331,
    "recall": 0.375,
    "sigui": 0.34778086698506444,
    "sse": 67.0020468120195,
    "sc": 0.5321595583094367,
    "ch": 176.29867498510146,
    "db": 0.6624100797315047,
    "bic": -352.06099659638505,
    "xb": 22.965430742021624
}