{
    "dataset": "blobs-P5-K2-N64-dt0.60-S5",
    "algorithm": "kmeans",
    "k": 20,
    "n": 64,
    "d": 5,
    "k_true": 2,
    "rand_score": 0.5168650793650794,
    "adjusted_rand_score": 0.019807673876233986,
    "accuracy": 0.15625,
    "f1_score": 0.026111111111111106,
    "precision": 0.0875,
    "recall": 0.015625,
    "sigui": 0.277069246354021,
    "sse": 57.21516067993845,
    "sc": 0.16882382844909738,
    "ch": 10.636243217867513,
    "db": 0.956052081010043,
    "bic": -619.0889234568981,
    "xb": 41.09002415079336
}