{
    "dataset": "blobs-P5-K32-N1024-dt0.30-S2",
    "algorithm": "kmeans",
    "k": 2,
    "n": 1024,
    "d": 5,
    "k_true": 32,
    "rand_score": 0.5011245265151515,
    "adjusted_rand_score": 0.052782668214958264,
    "accuracy": 0.0625,
    "f1_score": 0.0077490945738532165,
    "precision": 0.0041454972370098975,
    "recall": 0.0625,
    "sigui": 0.5147581645525896,
    "sse": 3926.727983259997,
    "sc": 0.24345362625071393,
    "ch": 310.57002326293656,
    "db": 1.6365780664028573,
    "bic": -7307.211188472462,
    "xb": 721.8445053840346
}