{
    "dataset": "blobs-P2-K32-N128-dt0.90-S8",
    "algorithm": "kmeans",
    "k": 50,
    "n": 128,
    "d": 2,
    "k_true": 32,
    "rand_score": 0.9822834645669292,
    "adjusted_rand_score": 0.5675777924903055,
    "accuracy": 0.6875,
    "f1_score": 0.4815396825396825,
    "precision": 0.5663333333333334,
    "recall": 0.44,
    "sigui": 0.037623339263005096,
    "sse": 0.8604416252609306,
    "sc": 0.4241246845478648,
    "ch": 472.0140327605836,
    "db": 0.44294703150701636,
    "bic": -494.07983548569814,
    "xb": 126.92056646833127
}