{
    "dataset": "blobs-P10-K32-N1024-dt0.60-S5",
    "algorithm": "kmeans",
    "k": 3,
    "n": 1024,
    "d": 10,
    "k_true": 32,
    "rand_score": 0.6697500458211144,
    "adjusted_rand_score": 0.041687840811394906,
    "accuracy": 0.08984375,
    "f1_score": 0.015461973738709715,
    "precision": 0.008463342776734346,
    "recall": 0.08984375,
    "sigui": 0.5537215979572495,
    "sse": 8688.208416395059,
    "sc": 0.08270370010154142,
    "ch": 91.17985728052075,
    "db": 2.6786086706592633,
    "bic": -14924.933682853978,
    "xb": 1820.225320613054
}