{
    "dataset": "blobs-P2-K8-N64-dt0.10-S0",
    "algorithm": "kmeans",
    "k": 3,
    "n": 64,
    "d": 2,
    "k_true": 8,
    "rand_score": 0.6507936507936508,
    "adjusted_rand_score": 0.2556390977443609,
    "accuracy": 0.375,
    "f1_score": 0.25,
    "precision": 0.2125,
    "recall": 0.375,
    "sigui": 0.2985859453238883,
    "sse": 46.70788276968197,
    "sc": 0.48338350700280136,
    "ch": 53.08332188274827,
    "db": 0.6496045474075713,
    "bic": -193.5085751103003,
    "xb": 20.99225011810345
}