{
    "dataset": "blobs-P5-K16-N64-dt0.50-S4",
    "algorithm": "kmeans",
    "k": 2,
    "n": 64,
    "d": 5,
    "k_true": 16,
    "rand_score": 0.29017857142857145,
    "adjusted_rand_score": 0.02794759825327511,
    "accuracy": 0.125,
    "f1_score": 0.0469361147327249,
    "precision": 0.03232323232323232,
    "recall": 0.125,
    "sigui": 0.5199342059758761,
    "sse": 257.1708594921743,
    "sc": 0.2633716645406802,
    "ch": 15.14715438279946,
    "db": 1.1337277909677992,
    "bic": -470.1107423882066,
    "xb": 30.764587319587637
}