{
    "dataset": "blobs-P2-K16-N64-dt0.40-S3",
    "algorithm": "kmeans",
    "k": 20,
    "n": 64,
    "d": 2,
    "k_true": 16,
    "rand_score": 0.9900793650793651,
    "adjusted_rand_score": 0.8837209302325582,
    "accuracy": 0.90625,
    "f1_score": 0.7492063492063492,
    "precision": 0.79,
    "recall": 0.725,
    "sigui": 0.03825006159373817,
    "sse": 0.39944183042675985,
    "sc": 0.6225492348300015,
    "ch": 739.7723696830208,
    "db": 0.3457672588655046,
    "bic": -127.8227094258327,
    "xb": 53.51307097870787
}