{
    "dataset": "blobs-P2-K2-N1024-dt0.60-S5",
    "algorithm": "kmeans",
    "k": 16,
    "n": 1024,
    "d": 2,
    "k_true": 2,
    "rand_score": 0.5276110398338221,
    "adjusted_rand_score": 0.05443096966626086,
    "accuracy": 0.1474609375,
    "f1_score": 0.030607841795898608,
    "precision": 0.09020524097489463,
    "recall": 0.0184326171875,
    "sigui": 0.2110959515186619,
    "sse": 208.04017237074436,
    "sc": 0.3108540715713791,
    "ch": 594.3551259741446,
    "db": 0.8871758738531572,
    "bic": -3480.0882875631073,
    "xb": 341.89591892865167
}