{
    "dataset": "blobs-P2-K2-N64-dt0.40-S3",
    "algorithm": "kmeans",
    "k": 3,
    "n": 64,
    "d": 2,
    "k_true": 2,
    "rand_score": 0.7524801587301587,
    "adjusted_rand_score": 0.5028387076368352,
    "accuracy": 0.765625,
    "f1_score": 0.5569867291178766,
    "precision": 0.6159003831417624,
    "recall": 0.5104166666666666,
    "sigui": 0.35993931973072635,
    "sse": 52.072269023034835,
    "sc": 0.37754343896347453,
    "ch": 44.47272681305698,
    "db": 0.8647246102714883,
    "bic": -208.71704032655214,
    "xb": 17.43883340932937
}