{
    "dataset": "blobs-P10-K8-N1024-dt0.20-S1",
    "algorithm": "kmeans",
    "k": 4,
    "n": 1024,
    "d": 10,
    "k_true": 8,
    "rand_score": 0.8290127840909091,
    "adjusted_rand_score": 0.49556248290062394,
    "accuracy": 0.4990234375,
    "f1_score": 0.3554139562359312,
    "precision": 0.2942466017194363,
    "recall": 0.4990234375,
    "sigui": 0.4517605706138632,
    "sse": 4931.722705440833,
    "sc": 0.3030459061169499,
    "ch": 365.96021064991953,
    "db": 1.264638562003076,
    "bic": -12285.32365055052,
    "xb": 519.0107216425389
}