{
    "dataset": "blobs-P2-K2-N64-dt0.40-S3",
    "algorithm": "kmeans",
    "k": 32,
    "n": 64,
    "d": 2,
    "k_true": 2,
    "rand_score": 0.5243055555555556,
    "adjusted_rand_score": 0.034023503077784,
    "accuracy": 0.125,
    "f1_score": 0.013888888888888888,
    "precision": 0.0625,
    "recall": 0.0078125,
    "sigui": 0.07415720863438756,
    "sse": 1.4436792006043788,
    "sc": 0.3144361823553514,
    "ch": 90.49017448334513,
    "db": 0.456779505613653,
    "bic": -320.22815328708293,
    "xb": 41.07866905021039
}