{
    "dataset": "blobs-P5-K8-N1024-dt0.70-S6",
    "algorithm": "kmeans",
    "k": 8,
    "n": 1024,
    "d": 5,
    "k_true": 8,
    "rand_score": 0.8511997495112414,
    "adjusted_rand_score": 0.33353085688122475,
    "accuracy": 0.533203125,
    "f1_score": 0.520393038634745,
    "precision": 0.5196597991141774,
    "recall": 0.533203125,
    "sigui": 0.43386275400947844,
    "sse": 2409.452806425936,
    "sc": 0.15528032257102178,
    "ch": 163.28046062851394,
    "db": 1.5941604625204153,
    "bic": -7599.900014708033,
    "xb": 939.4924338162704
}