{
    "dataset": "blobs-P5-K2-N1024-dt0.20-S1",
    "algorithm": "kmeans",
    "k": 25,
    "n": 1024,
    "d": 5,
    "k_true": 2,
    "rand_score": 0.5416895772238515,
    "adjusted_rand_score": 0.08255779274578917,
    "accuracy": 0.12109375,
    "f1_score": 0.017252173913043477,
    "precision": 0.07873015873015873,
    "recall": 0.0096875,
    "sigui": 0.3371778869084278,
    "sse": 1248.8556684750704,
    "sc": 0.15650176968497753,
    "ch": 129.02722617777175,
    "db": 1.4553731530660823,
    "bic": -7431.946821430075,
    "xb": 868.7753372211652
}