{
    "dataset": "blobs-P2-K2-N1024-dt0.20-S1",
    "algorithm": "kmeans",
    "k": 8,
    "n": 1024,
    "d": 2,
    "k_true": 2,
    "rand_score": 0.6323886546920822,
    "adjusted_rand_score": 0.2642515421729422,
    "accuracy": 0.32421875,
    "f1_score": 0.12239834311957343,
    "precision": 0.25,
    "recall": 0.0810546875,
    "sigui": 0.232464775295782,
    "sse": 255.95413247829794,
    "sc": 0.34770564890438393,
    "ch": 1016.2080792549965,
    "db": 0.9172473049051107,
    "bic": -2945.4784928708405,
    "xb": 315.28577862819805
}