{
    "dataset": "blobs-P5-K32-N64-dt0.80-S7",
    "algorithm": "kmeans",
    "k": 25,
    "n": 64,
    "d": 5,
    "k_true": 32,
    "rand_score": 0.9583333333333334,
    "adjusted_rand_score": 0.2325986078886311,
    "accuracy": 0.578125,
    "f1_score": 0.5178571428571428,
    "precision": 0.5463541666666667,
    "recall": 0.578125,
    "sigui": 0.22505922174155668,
    "sse": 40.803420009241165,
    "sc": 0.17200269649187738,
    "ch": 11.119029786773519,
    "db": 0.7719291897132876,
    "bic": -648.0471100100945,
    "xb": 28.706974404782738
}