{
    "dataset": "blobs-P2-K32-N1024-dt0.30-S2",
    "algorithm": "kmeans",
    "k": 10,
    "n": 1024,
    "d": 2,
    "k_true": 32,
    "rand_score": 0.9159335288367546,
    "adjusted_rand_score": 0.3896774193548387,
    "accuracy": 0.3125,
    "f1_score": 0.16413690476190473,
    "precision": 0.11979166666666666,
    "recall": 0.3125,
    "sigui": 0.16406044333526656,
    "sse": 123.51087674525189,
    "sc": 0.5395827416734333,
    "ch": 1755.5196778384422,
    "db": 0.6750656260253032,
    "bic": -2412.6276957887585,
    "xb": 221.58899786172466
}