{
    "dataset": "blobs-P10-K16-N128-dt0.90-S8",
    "algorithm": "kmeans",
    "k": 4,
    "n": 128,
    "d": 10,
    "k_true": 16,
    "rand_score": 0.7385580708661418,
    "adjusted_rand_score": 0.05695156426357483,
    "accuracy": 0.1875,
    "f1_score": 0.07481813059714089,
    "precision": 0.0469290351209589,
    "recall": 0.1875,
    "sigui": 0.5343202815553438,
    "sse": 969.6977135094114,
    "sc": 0.09854418154740527,
    "ch": 13.226624816091723,
    "db": 2.3597395453429595,
    "bic": -1921.653663224481,
    "xb": 199.01777479883094
}