{
    "dataset": "blobs-P5-K2-N128-dt0.80-S7",
    "algorithm": "kmeans",
    "k": 20,
    "n": 128,
    "d": 5,
    "k_true": 2,
    "rand_score": 0.5134104330708661,
    "adjusted_rand_score": 0.01997951319447832,
    "accuracy": 0.1328125,
    "f1_score": 0.02227997227997228,
    "precision": 0.0707142857142857,
    "recall": 0.01328125,
    "sigui": 0.3360848579117704,
    "sse": 173.38251497348915,
    "sc": 0.1648730854318326,
    "ch": 15.29769031529072,
    "db": 1.1930854153543318,
    "bic": -1151.9572413038668,
    "xb": 77.18672846799198
}