{
    "dataset": "blobs-P10-K8-N1024-dt0.30-S2",
    "algorithm": "kmeans",
    "k": 50,
    "n": 1024,
    "d": 10,
    "k_true": 8,
    "rand_score": 0.8924692998533724,
    "adjusted_rand_score": 0.23154816326674327,
    "accuracy": 0.2275390625,
    "f1_score": 0.05893540971738068,
    "precision": 0.1572888888888889,
    "recall": 0.03640625,
    "sigui": 0.36570994350079883,
    "sse": 2768.9779489114158,
    "sc": 0.08894129048842958,
    "ch": 53.63192655741108,
    "db": 1.9936893759947825,
    "bic": -13701.979767032884,
    "xb": 1492.985062923469
}