{
    "dataset": "blobs-P5-K8-N64-dt0.20-S1",
    "algorithm": "kmeans",
    "k": 25,
    "n": 64,
    "d": 5,
    "k_true": 8,
    "rand_score": 0.9211309523809523,
    "adjusted_rand_score": 0.43056108237166735,
    "accuracy": 0.515625,
    "f1_score": 0.2166899766899767,
    "precision": 0.32,
    "recall": 0.165,
    "sigui": 0.138192360893657,
    "sse": 12.254706518594208,
    "sc": 0.23824698100138159,
    "ch": 40.80767671983804,
    "db": 0.763835649744289,
    "bic": -458.2935440071609,
    "xb": 57.29336804952742
}