{
    "dataset": "blobs-P5-K4-N128-dt0.70-S6",
    "algorithm": "kmeans",
    "k": 4,
    "n": 128,
    "d": 5,
    "k_true": 4,
    "rand_score": 0.7173966535433071,
    "adjusted_rand_score": 0.2397667067129153,
    "accuracy": 0.53125,
    "f1_score": 0.52586814736471,
    "precision": 0.5261494252873563,
    "recall": 0.53125,
    "sigui": 0.47535473768227393,
    "sse": 386.0096239654084,
    "sc": 0.17448986198937771,
    "ch": 27.19690967351953,
    "db": 1.5901290719957317,
    "bic": -980.8763440197807,
    "xb": 91.33267186480153
}