{
    "dataset": "blobs-P2-K32-N128-dt0.30-S2",
    "algorithm": "kmeans",
    "k": 16,
    "n": 128,
    "d": 2,
    "k_true": 32,
    "rand_score": 0.952755905511811,
    "adjusted_rand_score": 0.4816326530612245,
    "accuracy": 0.5,
    "f1_score": 0.37187499999999996,
    "precision": 0.3255208333333333,
    "recall": 0.5,
    "sigui": 0.08834899680306865,
    "sse": 4.529490768264381,
    "sc": 0.6537191799880454,
    "ch": 414.5380937932175,
    "db": 0.4509118447120057,
    "bic": -303.2455308825912,
    "xb": 33.587363438486925
}