{
    "dataset": "blobs-P5-K4-N64-dt0.50-S4",
    "algorithm": "kmeans",
    "k": 3,
    "n": 64,
    "d": 5,
    "k_true": 4,
    "rand_score": 0.7891865079365079,
    "adjusted_rand_score": 0.48299832010658633,
    "accuracy": 0.6875,
    "f1_score": 0.5895125895125894,
    "precision": 0.5167701863354037,
    "recall": 0.6875,
    "sigui": 0.47161064702454686,
    "sse": 189.04480391064246,
    "sc": 0.22745090216041206,
    "ch": 21.127972830257473,
    "db": 1.5832561362797934,
    "bic": -477.6603749749898,
    "xb": 46.75632236677894
}