{
    "dataset": "blobs-P10-K16-N64-dt1.00-S9",
    "algorithm": "kmeans",
    "k": 16,
    "n": 64,
    "d": 10,
    "k_true": 16,
    "rand_score": 0.9017857142857143,
    "adjusted_rand_score": 0.014691943127962086,
    "accuracy": 0.34375,
    "f1_score": 0.34574314574314574,
    "precision": 0.40327380952380953,
    "recall": 0.34375,
    "sigui": 0.40488200212676795,
    "sse": 258.0446190404564,
    "sc": 0.09817628925364741,
    "ch": 4.7366119224478505,
    "db": 1.457093391427449,
    "bic": -1167.5568780498006,
    "xb": 79.42031123731054
}