{
    "dataset": "blobs-P2-K32-N64-dt0.60-S5",
    "algorithm": "kmeans",
    "k": 20,
    "n": 64,
    "d": 2,
    "k_true": 32,
    "rand_score": 0.9722222222222222,
    "adjusted_rand_score": 0.5222101841820151,
    "accuracy": 0.625,
    "f1_score": 0.5104166666666666,
    "precision": 0.4583333333333333,
    "recall": 0.625,
    "sigui": 0.0714736896284831,
    "sse": 1.385368407079827,
    "sc": 0.6235612113525457,
    "ch": 211.6497168253915,
    "db": 0.4138505788000453,
    "bic": -207.1459396998512,
    "xb": 25.87751723357949
}