{
    "dataset": "blobs-P10-K32-N1024-dt0.30-S2",
    "algorithm": "kmeans",
    "k": 8,
    "n": 1024,
    "d": 10,
    "k_true": 32,
    "rand_score": 0.8922898338220919,
    "adjusted_rand_score": 0.30516773954688226,
    "accuracy": 0.25,
    "f1_score": 0.10509064118269504,
    "precision": 0.06788842657618396,
    "recall": 0.25,
    "sigui": 0.48546410852422683,
    "sse": 5757.327927743074,
    "sc": 0.17865459884813417,
    "ch": 113.00864574113527,
    "db": 1.6997161542214552,
    "bic": -13979.414743817195,
    "xb": 884.3657230141647
}