{
    "dataset": "blobs-P2-K32-N64-dt0.50-S4",
    "algorithm": "kmeans",
    "k": 16,
    "n": 64,
    "d": 2,
    "k_true": 32,
    "rand_score": 0.9563492063492064,
    "adjusted_rand_score": 0.3902331720193577,
    "accuracy": 0.5,
    "f1_score": 0.3577876984126984,
    "precision": 0.2974702380952381,
    "recall": 0.5,
    "sigui": 0.08883909556860325,
    "sse": 2.181838135003383,
    "sc": 0.5704370317150554,
    "ch": 184.53161648829865,
    "db": 0.48918238784338663,
    "bic": -195.63532285528802,
    "xb": 22.390340921810527
}