{
    "dataset": "blobs-P5-K4-N64-dt0.60-S5",
    "algorithm": "kmeans",
    "k": 2,
    "n": 64,
    "d": 5,
    "k_true": 4,
    "rand_score": 0.6190476190476191,
    "adjusted_rand_score": 0.23331431831146607,
    "accuracy": 0.453125,
    "f1_score": 0.30130434782608695,
    "precision": 0.22598039215686275,
    "recall": 0.453125,
    "sigui": 0.5130752995312339,
    "sse": 258.59162482766214,
    "sc": 0.17353311889795753,
    "ch": 14.723289136770507,
    "db": 1.9134620012262908,
    "bic": -489.2384122528141,
    "xb": 60.28950299501504
}