{
    "dataset": "blobs-P2-K16-N128-dt0.80-S7",
    "algorithm": "kmeans",
    "k": 50,
    "n": 128,
    "d": 2,
    "k_true": 16,
    "rand_score": 0.952755905511811,
    "adjusted_rand_score": 0.34161356517982505,
    "accuracy": 0.4296875,
    "f1_score": 0.1838706391647568,
    "precision": 0.2922222222222222,
    "recall": 0.1375,
    "sigui": 0.043084110013730255,
    "sse": 0.9391386342432531,
    "sc": 0.37630137974886657,
    "ch": 432.32727725213454,
    "db": 0.5639851971562257,
    "bic": -505.7873972424598,
    "xb": 131.54417471388638
}