{
    "dataset": "blobs-P5-K8-N64-dt0.30-S2",
    "algorithm": "kmeans",
    "k": 3,
    "n": 64,
    "d": 5,
    "k_true": 8,
    "rand_score": 0.7108134920634921,
    "adjusted_rand_score": 0.30659442315316504,
    "accuracy": 0.375,
    "f1_score": 0.23688811188811187,
    "precision": 0.19725806451612904,
    "recall": 0.375,
    "sigui": 0.43602200014826253,
    "sse": 152.97700364029893,
    "sc": 0.38207868535665945,
    "ch": 33.30043907088862,
    "db": 1.0419960840780917,
    "bic": -436.1938972939781,
    "xb": 23.124406914460334
}