{
    "dataset": "blobs-P2-K8-N64-dt0.40-S3",
    "algorithm": "kmeans",
    "k": 8,
    "n": 64,
    "d": 2,
    "k_true": 8,
    "rand_score": 0.9469246031746031,
    "adjusted_rand_score": 0.7494145199063232,
    "accuracy": 0.828125,
    "f1_score": 0.7944862155388471,
    "precision": 0.7814685314685315,
    "recall": 0.828125,
    "sigui": 0.13096503391138525,
    "sse": 4.283595553017123,
    "sc": 0.5647493025203804,
    "ch": 231.05151346017067,
    "db": 0.5584630793313936,
    "bic": -142.42188398638567,
    "xb": 23.956832650241186
}