{
    "dataset": "blobs-P10-K8-N128-dt0.80-S7",
    "algorithm": "kmeans",
    "k": 2,
    "n": 128,
    "d": 10,
    "k_true": 8,
    "rand_score": 0.5212844488188977,
    "adjusted_rand_score": 0.04561809427610728,
    "accuracy": 0.2109375,
    "f1_score": 0.08475043300267673,
    "precision": 0.053156659253768224,
    "recall": 0.2109375,
    "sigui": 0.5656612742344287,
    "sse": 1166.8903761319486,
    "sc": 0.08114961360047691,
    "ch": 12.213497427767761,
    "db": 3.1148670545957238,
    "bic": -1898.4369781797425,
    "xb": 287.0571911536849
}