{
    "dataset": "blobs-P10-K2-N1024-dt1.00-S9",
    "algorithm": "kmeans",
    "k": 10,
    "n": 1024,
    "d": 10,
    "k_true": 2,
    "rand_score": 0.512642809139785,
    "adjusted_rand_score": 0.024523038275278526,
    "accuracy": 0.16015625,
    "f1_score": 0.05324247610633046,
    "precision": 0.16006914433880728,
    "recall": 0.03203125,
    "sigui": 0.5158155950790119,
    "sse": 7131.02141392638,
    "sc": 0.06938012496684537,
    "ch": 49.120348081817944,
    "db": 2.202939914526145,
    "bic": -15411.530710668088,
    "xb": 1407.1966668825362
}