{
    "dataset": "blobs-P10-K32-N64-dt0.40-S3",
    "algorithm": "kmeans",
    "k": 25,
    "n": 64,
    "d": 10,
    "k_true": 32,
    "rand_score": 0.9588293650793651,
    "adjusted_rand_score": 0.23496708119970738,
    "accuracy": 0.5625,
    "f1_score": 0.49350198412698415,
    "precision": 0.49955357142857143,
    "recall": 0.5625,
    "sigui": 0.3254696429250339,
    "sse": 165.00591381724234,
    "sc": 0.10108189236067469,
    "ch": 4.677804402222128,
    "db": 1.059234958741806,
    "bic": -1275.344808372588,
    "xb": 32.16399828821663
}