{
    "dataset": "blobs-P5-K4-N128-dt0.40-S3",
    "algorithm": "kmeans",
    "k": 20,
    "n": 128,
    "d": 5,
    "k_true": 4,
    "rand_score": 0.7781742125984252,
    "adjusted_rand_score": 0.18781767299322888,
    "accuracy": 0.265625,
    "f1_score": 0.07892272629333236,
    "precision": 0.16743589743589743,
    "recall": 0.053125,
    "sigui": 0.3149635427375456,
    "sse": 132.0717369091409,
    "sc": 0.1939937431627425,
    "ch": 21.86062852842311,
    "db": 1.145481390910651,
    "bic": -1064.2259989453864,
    "xb": 72.58551553704527
}