{
    "dataset": "blobs-P2-K4-N1024-dt0.90-S8",
    "algorithm": "kmeans",
    "k": 8,
    "n": 1024,
    "d": 2,
    "k_true": 4,
    "rand_score": 0.7764349645650049,
    "adjusted_rand_score": 0.2879507150786636,
    "accuracy": 0.3984375,
    "f1_score": 0.2611192475471914,
    "precision": 0.38976784977693124,
    "recall": 0.19921875,
    "sigui": 0.2684642119800944,
    "sse": 316.8721139168277,
    "sc": 0.3222520443951211,
    "ch": 792.9408629871945,
    "db": 0.9321635052488166,
    "bic": -3188.960540501469,
    "xb": 274.81653776746157
}