{
    "dataset": "blobs-P10-K16-N64-dt1.00-S9",
    "algorithm": "kmeans",
    "k": 50,
    "n": 64,
    "d": 10,
    "k_true": 16,
    "rand_score": 0.9434523809523809,
    "adjusted_rand_score": -0.015267175572519083,
    "accuracy": 0.25,
    "f1_score": 0.11833333333333335,
    "precision": 0.255,
    "recall": 0.08,
    "sigui": 0.10544987017743226,
    "sse": 35.183685908003596,
    "sc": 0.05114120973123221,
    "ch": 4.911499654157389,
    "db": 0.5369153481491651,
    "bic": -1604.725189841321,
    "xb": 17.958923892163384
}