{
    "dataset": "blobs-P5-K8-N1024-dt0.40-S3",
    "algorithm": "kmeans",
    "k": 32,
    "n": 1024,
    "d": 5,
    "k_true": 8,
    "rand_score": 0.9065726570136853,
    "adjusted_rand_score": 0.378041034639547,
    "accuracy": 0.353515625,
    "f1_score": 0.1288304046829687,
    "precision": 0.2450875946969697,
    "recall": 0.08837890625,
    "sigui": 0.22537235452945487,
    "sse": 457.61059867522977,
    "sc": 0.18410031444680658,
    "ch": 326.0336654664738,
    "db": 1.5059664880553874,
    "bic": -5232.55346262017,
    "xb": 853.6031520574469
}