{
    "dataset": "blobs-P10-K2-N128-dt0.50-S4",
    "algorithm": "kmeans",
    "k": 10,
    "n": 128,
    "d": 10,
    "k_true": 2,
    "rand_score": 0.5381397637795275,
    "adjusted_rand_score": 0.07052396808933738,
    "accuracy": 0.234375,
    "f1_score": 0.07321428571428572,
    "precision": 0.16875,
    "recall": 0.046875,
    "sigui": 0.4860911408909341,
    "sse": 764.2849967599316,
    "sc": 0.08897219377787072,
    "ch": 8.84695727092945,
    "db": 1.9232886237683577,
    "bic": -2038.87640098681,
    "xb": 145.56779525699562
}