{
    "dataset": "blobs-P5-K2-N64-dt0.90-S8",
    "algorithm": "kmeans",
    "k": 3,
    "n": 64,
    "d": 5,
    "k_true": 2,
    "rand_score": 0.5158730158730159,
    "adjusted_rand_score": 0.026349125918419054,
    "accuracy": 0.4375,
    "f1_score": 0.3461538461538461,
    "precision": 0.42777777777777776,
    "recall": 0.2916666666666667,
    "sigui": 0.4915199141789319,
    "sse": 218.99805235094038,
    "sc": 0.17160330705034038,
    "ch": 14.066606393191927,
    "db": 1.6398233183716606,
    "bic": -501.0563824074156,
    "xb": 50.96134007929919
}