{
    "dataset": "blobs-P2-K16-N128-dt0.10-S0",
    "algorithm": "kmeans",
    "k": 10,
    "n": 128,
    "d": 2,
    "k_true": 16,
    "rand_score": 0.9291338582677166,
    "adjusted_rand_score": 0.5761957730812013,
    "accuracy": 0.625,
    "f1_score": 0.5249999999999999,
    "precision": 0.484375,
    "recall": 0.625,
    "sigui": 0.06711367513754042,
    "sse": 3.510137456340372,
    "sc": 0.7815911459113206,
    "ch": 943.1034207106238,
    "db": 0.2535293890657017,
    "bic": -164.64098499176532,
    "xb": 21.322400997393036
}