{
    "dataset": "blobs-P5-K4-N1024-dt0.70-S6",
    "algorithm": "kmeans",
    "k": 32,
    "n": 1024,
    "d": 5,
    "k_true": 4,
    "rand_score": 0.7461758461632454,
    "adjusted_rand_score": 0.045056954276764656,
    "accuracy": 0.1044921875,
    "f1_score": 0.02258461319681456,
    "precision": 0.08433638350917763,
    "recall": 0.0130615234375,
    "sigui": 0.36923583288158146,
    "sse": 1514.5618013951403,
    "sc": 0.1349991529906392,
    "ch": 76.17650349366971,
    "db": 1.4124762737090792,
    "bic": -8316.9747538851,
    "xb": 1058.1852913312557
}