{
    "dataset": "blobs-P2-K2-N64-dt0.40-S3",
    "algorithm": "kmeans",
    "k": 16,
    "n": 64,
    "d": 2,
    "k_true": 2,
    "rand_score": 0.5649801587301587,
    "adjusted_rand_score": 0.11800201139792156,
    "accuracy": 0.265625,
    "f1_score": 0.05243902439024391,
    "precision": 0.125,
    "recall": 0.033203125,
    "sigui": 0.15694618001774677,
    "sse": 7.128553935619622,
    "sc": 0.31451220114027956,
    "ch": 54.25905883566792,
    "db": 0.6583724467668471,
    "bic": -263.83857891665855,
    "xb": 25.041228362168685
}