{
    "dataset": "blobs-P5-K4-N64-dt0.40-S3",
    "algorithm": "kmeans",
    "k": 3,
    "n": 64,
    "d": 5,
    "k_true": 4,
    "rand_score": 0.5952380952380952,
    "adjusted_rand_score": 0.2639175257731959,
    "accuracy": 0.4375,
    "f1_score": 0.3392857142857143,
    "precision": 0.3333333333333333,
    "recall": 0.4375,
    "sigui": 0.44093993054470193,
    "sse": 162.49942787216298,
    "sc": 0.3394459252451814,
    "ch": 29.561749926148128,
    "db": 1.1857370229197202,
    "bic": -428.23512264435584,
    "xb": 69.7167623272026
}