{
    "dataset": "blobs-P5-K8-N128-dt1.00-S9",
    "algorithm": "kmeans",
    "k": 20,
    "n": 128,
    "d": 5,
    "k_true": 8,
    "rand_score": 0.8550688976377953,
    "adjusted_rand_score": 0.09747592963490263,
    "accuracy": 0.265625,
    "f1_score": 0.13904271998200035,
    "precision": 0.21292360417360418,
    "recall": 0.10625,
    "sigui": 0.33455500438410457,
    "sse": 169.92351783155556,
    "sc": 0.17548556276402064,
    "ch": 15.72480208869101,
    "db": 1.208970349106707,
    "bic": -1144.5834069178127,
    "xb": 140.60553099731476
}