{
    "dataset": "blobs-P2-K8-N1024-dt0.20-S1",
    "algorithm": "kmeans",
    "k": 50,
    "n": 1024,
    "d": 2,
    "k_true": 8,
    "rand_score": 0.8973874327956989,
    "adjusted_rand_score": 0.26936258014969267,
    "accuracy": 0.2451171875,
    "f1_score": 0.06292093881213498,
    "precision": 0.16,
    "recall": 0.03921875,
    "sigui": 0.028589420754061665,
    "sse": 3.071805021323072,
    "sc": 0.3334542929542272,
    "ch": 13237.31253102964,
    "db": 0.8886119765616936,
    "bic": -703.0473630115889,
    "xb": 270.98936432048475
}