{
    "dataset": "blobs-P5-K32-N128-dt0.90-S8",
    "algorithm": "kmeans",
    "k": 20,
    "n": 128,
    "d": 5,
    "k_true": 32,
    "rand_score": 0.9434055118110236,
    "adjusted_rand_score": 0.21814775160599573,
    "accuracy": 0.40625,
    "f1_score": 0.3053891574112162,
    "precision": 0.2697716346153846,
    "recall": 0.40625,
    "sigui": 0.3282254463330096,
    "sse": 150.01920959973558,
    "sc": 0.18653721307644128,
    "ch": 18.565315561365445,
    "db": 1.1723070505061741,
    "bic": -1110.1002574599067,
    "xb": 82.43613899328845
}