{
    "dataset": "blobs-P10-K4-N1024-dt0.40-S3",
    "algorithm": "kmeans",
    "k": 4,
    "n": 1024,
    "d": 10,
    "k_true": 4,
    "rand_score": 0.844878344941349,
    "adjusted_rand_score": 0.5861373976070967,
    "accuracy": 0.8232421875,
    "f1_score": 0.8233804392830222,
    "precision": 0.8252414352208747,
    "recall": 0.8232421875,
    "sigui": 0.5206939803814341,
    "sse": 7399.701349181756,
    "sc": 0.12810138974510274,
    "ch": 130.50547524934757,
    "db": 2.0103472117877934,
    "bic": -14436.51785034019,
    "xb": 1113.7573789838282
}