{
    "dataset": "blobs-P2-K32-N64-dt0.60-S5",
    "algorithm": "kmeans",
    "k": 16,
    "n": 64,
    "d": 2,
    "k_true": 32,
    "rand_score": 0.9518849206349206,
    "adjusted_rand_score": 0.3740653487657482,
    "accuracy": 0.5,
    "f1_score": 0.3690972222222222,
    "precision": 0.31882440476190477,
    "recall": 0.5,
    "sigui": 0.09647191184102841,
    "sse": 2.7837432767162626,
    "sc": 0.5680718639961992,
    "ch": 143.94000512402474,
    "db": 0.4804916421457621,
    "bic": -208.70765025974515,
    "xb": 24.713628377789142
}