{
    "dataset": "blobs-P5-K2-N64-dt0.20-S1",
    "algorithm": "kmeans",
    "k": 20,
    "n": 64,
    "d": 5,
    "k_true": 2,
    "rand_score": 0.5639880952380952,
    "adjusted_rand_score": 0.115510549601495,
    "accuracy": 0.203125,
    "f1_score": 0.033738191632928474,
    "precision": 0.1,
    "recall": 0.0203125,
    "sigui": 0.2551212701830243,
    "sse": 48.95203398027924,
    "sc": 0.14440499585586306,
    "ch": 12.822552517937368,
    "db": 0.9271203539740502,
    "bic": -591.5903299624199,
    "xb": 63.56194417035482
}