{
    "dataset": "blobs-P10-K2-N64-dt0.70-S6",
    "algorithm": "kmeans",
    "k": 20,
    "n": 64,
    "d": 10,
    "k_true": 2,
    "rand_score": 0.5252976190476191,
    "adjusted_rand_score": 0.037300205981445705,
    "accuracy": 0.1875,
    "f1_score": 0.029893683552220142,
    "precision": 0.0746031746031746,
    "recall": 0.01875,
    "sigui": 0.36055789879113254,
    "sse": 229.56947045146407,
    "sc": 0.05477126910037671,
    "ch": 4.140231269157743,
    "db": 1.1661597144638283,
    "bic": -1231.58547052539,
    "xb": 56.001814701947595
}