{
    "dataset": "blobs-P5-K2-N1024-dt0.70-S6",
    "algorithm": "kmeans",
    "k": 20,
    "n": 1024,
    "d": 5,
    "k_true": 2,
    "rand_score": 0.5148078567937439,
    "adjusted_rand_score": 0.028762162802387616,
    "accuracy": 0.0966796875,
    "f1_score": 0.017568308076036432,
    "precision": 0.0960972850678733,
    "recall": 0.00966796875,
    "sigui": 0.3857878727805468,
    "sse": 1840.8404696509501,
    "sc": 0.13956480881591657,
    "ch": 94.12966301759323,
    "db": 1.4507424444016142,
    "bic": -8115.602168035714,
    "xb": 763.3404112005966
}