{
    "dataset": "blobs-P10-K8-N128-dt0.10-S0",
    "algorithm": "kmeans",
    "k": 50,
    "n": 128,
    "d": 10,
    "k_true": 8,
    "rand_score": 0.9030511811023622,
    "adjusted_rand_score": 0.2779717757063288,
    "accuracy": 0.3515625,
    "f1_score": 0.08259890833803878,
    "precision": 0.16,
    "recall": 0.05625,
    "sigui": 0.11601447001186624,
    "sse": 31.5965694985685,
    "sc": 0.07449660450873224,
    "ch": 62.894626597994026,
    "db": 1.052314601875346,
    "bic": -1323.635377094415,
    "xb": 124.23248461523879
}