{
    "dataset": "blobs-P5-K4-N128-dt1.00-S9",
    "algorithm": "kmeans",
    "k": 10,
    "n": 128,
    "d": 5,
    "k_true": 4,
    "rand_score": 0.7181348425196851,
    "adjusted_rand_score": 0.0519268930865155,
    "accuracy": 0.2734375,
    "f1_score": 0.14575757575757575,
    "precision": 0.2302396878483835,
    "recall": 0.109375,
    "sigui": 0.41945184676513314,
    "sse": 271.70066861801814,
    "sc": 0.16002138131579197,
    "ch": 17.772549035151222,
    "db": 1.4156700857710263,
    "bic": -1068.5192876003998,
    "xb": 82.30521852467406
}