{
    "dataset": "blobs-P2-K8-N128-dt0.70-S6",
    "algorithm": "kmeans",
    "k": 20,
    "n": 128,
    "d": 2,
    "k_true": 8,
    "rand_score": 0.8935777559055118,
    "adjusted_rand_score": 0.31689435818352535,
    "accuracy": 0.40625,
    "f1_score": 0.21856435593392112,
    "precision": 0.34029761904761907,
    "recall": 0.1625,
    "sigui": 0.1283765983176944,
    "sse": 8.955348037395066,
    "sc": 0.3418145097313084,
    "ch": 156.80616825745716,
    "db": 0.7691127602063195,
    "bic": -455.51520940641257,
    "xb": 51.319512975201306
}