{
    "dataset": "blobs-P5-K8-N128-dt0.20-S1",
    "algorithm": "kmeans",
    "k": 10,
    "n": 128,
    "d": 5,
    "k_true": 8,
    "rand_score": 0.984498031496063,
    "adjusted_rand_score": 0.9217008367177179,
    "accuracy": 0.90625,
    "f1_score": 0.7530960326288468,
    "precision": 0.8,
    "recall": 0.725,
    "sigui": 0.191023204998159,
    "sse": 44.01967093021469,
    "sc": 0.4831136899945473,
    "ch": 177.5107389343769,
    "db": 0.8446758824286986,
    "bic": -483.7073604992378,
    "xb": 73.51527771218187
}