{
    "dataset": "blobs-P2-K2-N1024-dt0.70-S6",
    "algorithm": "kmeans",
    "k": 20,
    "n": 1024,
    "d": 2,
    "k_true": 2,
    "rand_score": 0.5148804068914956,
    "adjusted_rand_score": 0.02892083531390328,
    "accuracy": 0.1162109375,
    "f1_score": 0.020509893455098935,
    "precision": 0.0875,
    "recall": 0.01162109375,
    "sigui": 0.18320448391516797,
    "sse": 156.81139673764778,
    "sc": 0.33349617014677657,
    "ch": 637.3072159926589,
    "db": 0.7976725400801932,
    "bic": -3456.204426419811,
    "xb": 306.18427688170743
}