{
    "dataset": "blobs-P2-K32-N64-dt0.40-S3",
    "algorithm": "kmeans",
    "k": 4,
    "n": 64,
    "d": 2,
    "k_true": 32,
    "rand_score": 0.7678571428571429,
    "adjusted_rand_score": 0.0932464017714356,
    "accuracy": 0.125,
    "f1_score": 0.02867288961038961,
    "precision": 0.01626984126984127,
    "recall": 0.125,
    "sigui": 0.30555435511536055,
    "sse": 25.37315458672913,
    "sc": 0.4831454210259257,
    "ch": 80.8940370914286,
    "db": 0.7360834165895468,
    "bic": -190.5957264025987,
    "xb": 12.516109524370743
}