{
    "dataset": "blobs-P2-K16-N64-dt0.30-S2",
    "algorithm": "kmeans",
    "k": 20,
    "n": 64,
    "d": 2,
    "k_true": 16,
    "rand_score": 0.9871031746031746,
    "adjusted_rand_score": 0.8488372093023255,
    "accuracy": 0.890625,
    "f1_score": 0.7367063492063493,
    "precision": 0.7775000000000001,
    "recall": 0.7125,
    "sigui": 0.030483401029200594,
    "sse": 0.25437651820015533,
    "sc": 0.6654398794350602,
    "ch": 1162.9688630913806,
    "db": 0.3120889186234514,
    "bic": -98.94254148146393,
    "xb": 60.159951469531066
}