{
    "dataset": "blobs-P10-K2-N1024-dt1.00-S9",
    "algorithm": "kmeans",
    "k": 50,
    "n": 1024,
    "d": 10,
    "k_true": 2,
    "rand_score": 0.5025487994868035,
    "adjusted_rand_score": 0.004163541232343332,
    "accuracy": 0.0390625,
    "f1_score": 0.002962962962962963,
    "precision": 0.02857142857142857,
    "recall": 0.0015625,
    "sigui": 0.44798931687409294,
    "sse": 4820.7475352752745,
    "sc": 0.0762782368299522,
    "ch": 22.345386596538983,
    "db": 1.8262578555235234,
    "bic": -16560.13331031275,
    "xb": 1233.836174994813
}