{
    "dataset": "blobs-P5-K8-N64-dt0.60-S5",
    "algorithm": "kmeans",
    "k": 10,
    "n": 64,
    "d": 5,
    "k_true": 8,
    "rand_score": 0.8898809523809523,
    "adjusted_rand_score": 0.4078245406046236,
    "accuracy": 0.625,
    "f1_score": 0.520515873015873,
    "precision": 0.5503571428571428,
    "recall": 0.5,
    "sigui": 0.3568251940910268,
    "sse": 95.43556988631764,
    "sc": 0.217249108945756,
    "ch": 14.1182850617133,
    "db": 1.1703319289118297,
    "bic": -531.0205915761992,
    "xb": 36.13387288345532
}