{
    "dataset": "blobs-P5-K4-N128-dt0.70-S6",
    "algorithm": "kmeans",
    "k": 32,
    "n": 128,
    "d": 5,
    "k_true": 4,
    "rand_score": 0.7557824803149606,
    "adjusted_rand_score": 0.06487055934535932,
    "accuracy": 0.15625,
    "f1_score": 0.0326086460954882,
    "precision": 0.10014880952380953,
    "recall": 0.01953125,
    "sigui": 0.28288154222269984,
    "sse": 114.59017453561951,
    "sc": 0.14217532091664958,
    "ch": 14.19908465214085,
    "db": 0.9947535607241398,
    "bic": -1257.6264647879293,
    "xb": 86.20653154848422
}