{
    "dataset": "blobs-P2-K16-N1024-dt0.70-S6",
    "algorithm": "kmeans",
    "k": 16,
    "n": 1024,
    "d": 2,
    "k_true": 16,
    "rand_score": 0.9681428702346041,
    "adjusted_rand_score": 0.7425160339025266,
    "accuracy": 0.78515625,
    "f1_score": 0.7608649109792635,
    "precision": 0.7634657656095456,
    "recall": 0.78515625,
    "sigui": 0.11289941035399909,
    "sse": 54.10691211076554,
    "sc": 0.5025919804172406,
    "ch": 2476.3862929722977,
    "db": 0.6973618517908,
    "bic": -2116.7768771479705,
    "xb": 354.9991403878171
}