{
    "dataset": "blobs-P10-K2-N64-dt1.00-S9",
    "algorithm": "kmeans",
    "k": 16,
    "n": 64,
    "d": 10,
    "k_true": 2,
    "rand_score": 0.5128968253968254,
    "adjusted_rand_score": 0.012009326391772334,
    "accuracy": 0.15625,
    "f1_score": 0.033625730994152045,
    "precision": 0.125,
    "recall": 0.01953125,
    "sigui": 0.4058264343676377,
    "sse": 263.3079391244628,
    "sc": 0.10018546514929524,
    "ch": 4.5779652478763,
    "db": 1.3598457992277366,
    "bic": -1172.7122501938347,
    "xb": 48.78373398636875
}