{
    "dataset": "blobs-P2-K4-N1024-dt1.00-S9",
    "algorithm": "kmeans",
    "k": 2,
    "n": 1024,
    "d": 2,
    "k_true": 4,
    "rand_score": 0.6236349126344086,
    "adjusted_rand_score": 0.24722514117733232,
    "accuracy": 0.455078125,
    "f1_score": 0.30339942910350937,
    "precision": 0.22761998938603156,
    "recall": 0.455078125,
    "sigui": 0.42675047503967733,
    "sse": 1227.6445933131763,
    "sc": 0.3655523431931639,
    "ch": 682.9408488650362,
    "db": 1.0776192156043887,
    "bic": -3112.076953382925,
    "xb": 331.98169478445647
}