{
    "dataset": "blobs-P2-K8-N64-dt0.70-S6",
    "algorithm": "kmeans",
    "k": 20,
    "n": 64,
    "d": 2,
    "k_true": 8,
    "rand_score": 0.8943452380952381,
    "adjusted_rand_score": 0.26971428571428574,
    "accuracy": 0.421875,
    "f1_score": 0.22470862470862468,
    "precision": 0.33999999999999997,
    "recall": 0.16875,
    "sigui": 0.09598446307272508,
    "sse": 2.6545884148215166,
    "sc": 0.34203105169743536,
    "ch": 109.34786843145628,
    "db": 0.605488839571275,
    "bic": -247.921503690283,
    "xb": 47.76760088798376
}