{
    "dataset": "blobs-P2-K16-N1024-dt1.00-S9",
    "algorithm": "kmeans",
    "k": 20,
    "n": 1024,
    "d": 2,
    "k_true": 16,
    "rand_score": 0.9384316959921799,
    "adjusted_rand_score": 0.42157727246427124,
    "accuracy": 0.541015625,
    "f1_score": 0.4683951964884283,
    "precision": 0.5208454843318582,
    "recall": 0.4328125,
    "sigui": 0.1339847848458115,
    "sse": 71.3579892577437,
    "sc": 0.32889999609359494,
    "ch": 1463.789409931407,
    "db": 0.8949203625374261,
    "bic": -2722.748037453597,
    "xb": 386.8573389059087
}