{
    "dataset": "blobs-P10-K32-N1024-dt0.50-S4",
    "algorithm": "kmeans",
    "k": 25,
    "n": 1024,
    "d": 10,
    "k_true": 32,
    "rand_score": 0.9642328018084066,
    "adjusted_rand_score": 0.47635108808711474,
    "accuracy": 0.6201171875,
    "f1_score": 0.5493002869618867,
    "precision": 0.49934764146652544,
    "recall": 0.6201171875,
    "sigui": 0.43651911885922307,
    "sse": 4371.5004723026395,
    "sc": 0.13032315197522099,
    "ch": 55.879278611111026,
    "db": 1.7988086842258055,
    "bic": -14405.419441080123,
    "xb": 1458.8701861020722
}