{
    "dataset": "blobs-P10-K2-N1024-dt0.50-S4",
    "algorithm": "kmeans",
    "k": 32,
    "n": 1024,
    "d": 10,
    "k_true": 2,
    "rand_score": 0.5114113666911045,
    "adjusted_rand_score": 0.02192607241926708,
    "accuracy": 0.0703125,
    "f1_score": 0.0081814320047339,
    "precision": 0.0592082467082467,
    "recall": 0.00439453125,
    "sigui": 0.4661885496437387,
    "sse": 5337.337170394179,
    "sc": 0.07209998709226273,
    "ch": 29.39391039742011,
    "db": 1.9693516640946713,
    "bic": -15952.399866508627,
    "xb": 1444.1017463209669
}