{
    "dataset": "blobs-P10-K2-N64-dt0.10-S0",
    "algorithm": "kmeans",
    "k": 25,
    "n": 64,
    "d": 10,
    "k_true": 2,
    "rand_score": 0.5496031746031746,
    "adjusted_rand_score": 0.08590604026845637,
    "accuracy": 0.1875,
    "f1_score": 0.02516978516978517,
    "precision": 0.08,
    "recall": 0.015,
    "sigui": 0.243709891995666,
    "sse": 87.0622729447019,
    "sc": 0.11369652552456384,
    "ch": 10.320472646464928,
    "db": 1.040076577998393,
    "bic": -1068.955039750188,
    "xb": 53.83449036663072
}