{
    "dataset": "blobs-P5-K16-N128-dt0.70-S6",
    "algorithm": "kmeans",
    "k": 25,
    "n": 128,
    "d": 5,
    "k_true": 16,
    "rand_score": 0.9629675196850394,
    "adjusted_rand_score": 0.5926667874306051,
    "accuracy": 0.703125,
    "f1_score": 0.491266106442577,
    "precision": 0.5538412698412699,
    "recall": 0.45,
    "sigui": 0.26022278032170526,
    "sse": 84.04283112556058,
    "sc": 0.24503969383218263,
    "ch": 28.390081792795964,
    "db": 1.0534960023635387,
    "bic": -1027.7452558445984,
    "xb": 117.54373344856214
}