{
    "dataset": "blobs-P2-K32-N1024-dt0.70-S6",
    "algorithm": "kmeans",
    "k": 50,
    "n": 1024,
    "d": 2,
    "k_true": 32,
    "rand_score": 0.9841096193792767,
    "adjusted_rand_score": 0.6875782734956986,
    "accuracy": 0.6982421875,
    "f1_score": 0.49945575664982916,
    "precision": 0.5834788810975389,
    "recall": 0.446875,
    "sigui": 0.04887522847929531,
    "sse": 7.967629984509739,
    "sc": 0.4138750098786874,
    "ch": 5089.9766881113155,
    "db": 0.909631716355425,
    "bic": -1675.8899327454574,
    "xb": 406.1246292394645
}