{
    "dataset": "blobs-P5-K16-N128-dt0.10-S0",
    "algorithm": "kmeans",
    "k": 20,
    "n": 128,
    "d": 5,
    "k_true": 16,
    "rand_score": 0.9928641732283464,
    "adjusted_rand_score": 0.927044747736862,
    "accuracy": 0.90625,
    "f1_score": 0.7531135531135531,
    "precision": 0.8,
    "recall": 0.725,
    "sigui": 0.07244151170354103,
    "sse": 5.194733292697164,
    "sc": 0.6413284656491737,
    "ch": 694.6202193385079,
    "db": 0.649831089583171,
    "bic": -38.70707016702289,
    "xb": 160.93502368003178
}