{
    "dataset": "blobs-P2-K4-N128-dt0.40-S3",
    "algorithm": "kmeans",
    "k": 10,
    "n": 128,
    "d": 2,
    "k_true": 4,
    "rand_score": 0.8150836614173228,
    "adjusted_rand_score": 0.37537509039801303,
    "accuracy": 0.421875,
    "f1_score": 0.23080745341614906,
    "precision": 0.3761904761904762,
    "recall": 0.16875,
    "sigui": 0.14958034750363383,
    "sse": 11.334614185371331,
    "sc": 0.40699804437893644,
    "ch": 283.0122848467624,
    "db": 0.7753140291256166,
    "bic": -326.37428433262176,
    "xb": 38.18620777288425
}