{
    "dataset": "blobs-P10-K8-N64-dt0.10-S0",
    "algorithm": "kmeans",
    "k": 20,
    "n": 64,
    "d": 10,
    "k_true": 8,
    "rand_score": 0.9295634920634921,
    "adjusted_rand_score": 0.5065637065637065,
    "accuracy": 0.5,
    "f1_score": 0.26386946386946386,
    "precision": 0.4,
    "recall": 0.2,
    "sigui": 0.19153068905023954,
    "sse": 39.66712677280098,
    "sc": 0.18965881762874387,
    "ch": 35.04777536545477,
    "db": 1.1772243455795788,
    "bic": -683.5315514876379,
    "xb": 50.20364979408571
}