{
    "dataset": "blobs-P10-K4-N64-dt0.30-S2",
    "algorithm": "kmeans",
    "k": 8,
    "n": 64,
    "d": 10,
    "k_true": 4,
    "rand_score": 0.8120039682539683,
    "adjusted_rand_score": 0.391653290529695,
    "accuracy": 0.578125,
    "f1_score": 0.33903165480751685,
    "precision": 0.41372863247863245,
    "recall": 0.2890625,
    "sigui": 0.4456620887199014,
    "sse": 289.76168066472934,
    "sc": 0.12351346551064507,
    "ch": 9.669693205307327,
    "db": 1.6487488506659191,
    "bic": -966.9832141940151,
    "xb": 74.71192933869766
}