{
    "dataset": "blobs-P5-K2-N128-dt0.50-S4",
    "algorithm": "kmeans",
    "k": 4,
    "n": 128,
    "d": 5,
    "k_true": 2,
    "rand_score": 0.5911663385826772,
    "adjusted_rand_score": 0.17907683808582694,
    "accuracy": 0.46875,
    "f1_score": 0.3109559613319012,
    "precision": 0.4625237191650854,
    "recall": 0.234375,
    "sigui": 0.47040986270723234,
    "sse": 387.88311284351204,
    "sc": 0.17029787514363257,
    "ch": 26.865906224707693,
    "db": 1.6033626749109,
    "bic": -982.6556236720271,
    "xb": 95.9825039774762
}