{
    "dataset": "blobs-P10-K16-N1024-dt0.60-S5",
    "algorithm": "kmeans",
    "k": 2,
    "n": 1024,
    "d": 10,
    "k_true": 16,
    "rand_score": 0.5249133217253177,
    "adjusted_rand_score": 0.05997672510670244,
    "accuracy": 0.125,
    "f1_score": 0.028072313011163738,
    "precision": 0.01583527601551053,
    "recall": 0.125,
    "sigui": 0.5584430005242312,
    "sse": 9131.29902668883,
    "sc": 0.10344308759066172,
    "ch": 124.08884994481379,
    "db": 2.7760830684453572,
    "bic": -14722.435797140579,
    "xb": 1868.5650359182596
}