{
    "dataset": "blobs-P2-K2-N1024-dt0.80-S7",
    "algorithm": "kmeans",
    "k": 32,
    "n": 1024,
    "d": 2,
    "k_true": 2,
    "rand_score": 0.5087002840909091,
    "adjusted_rand_score": 0.016516509656082996,
    "accuracy": 0.08984375,
    "f1_score": 0.009911960232377073,
    "precision": 0.04344729344729345,
    "recall": 0.005615234375,
    "sigui": 0.15622645279629516,
    "sse": 108.62989067572882,
    "sc": 0.3273183890767374,
    "ch": 571.2961976886407,
    "db": 0.8258985582127397,
    "bic": -3607.3326023421373,
    "xb": 335.8556786378258
}