{
    "dataset": "blobs-P10-K32-N64-dt0.80-S7",
    "algorithm": "kmeans",
    "k": 10,
    "n": 64,
    "d": 10,
    "k_true": 32,
    "rand_score": 0.8903769841269841,
    "adjusted_rand_score": 0.049170251997541485,
    "accuracy": 0.28125,
    "f1_score": 0.14774305555555556,
    "precision": 0.1099702380952381,
    "recall": 0.28125,
    "sigui": 0.472809037137531,
    "sse": 348.34139977720304,
    "sc": 0.07768711115145542,
    "ch": 5.023668167079881,
    "db": 1.825773986962997,
    "bic": -1088.0716341093407,
    "xb": 97.90368059780953
}