{
    "dataset": "blobs-P10-K8-N64-dt0.50-S4",
    "algorithm": "kmeans",
    "k": 16,
    "n": 64,
    "d": 10,
    "k_true": 8,
    "rand_score": 0.8764880952380952,
    "adjusted_rand_score": 0.24672268907563025,
    "accuracy": 0.421875,
    "f1_score": 0.23920177045177046,
    "precision": 0.290625,
    "recall": 0.2109375,
    "sigui": 0.39542857137390147,
    "sse": 262.9883383206563,
    "sc": 0.08121856334941738,
    "ch": 4.587417545119114,
    "db": 1.3557745329410134,
    "bic": -1168.6545548823342,
    "xb": 50.14992608913312
}