{
    "dataset": "blobs-P5-K4-N64-dt0.60-S5",
    "algorithm": "kmeans",
    "k": 10,
    "n": 64,
    "d": 5,
    "k_true": 4,
    "rand_score": 0.7663690476190477,
    "adjusted_rand_score": 0.190920245398773,
    "accuracy": 0.390625,
    "f1_score": 0.20307134894091416,
    "precision": 0.29376984126984124,
    "recall": 0.15625,
    "sigui": 0.36736747856272983,
    "sse": 111.75627568508561,
    "sc": 0.15681461713747114,
    "ch": 11.18024324119664,
    "db": 1.4266934273988512,
    "bic": -556.4939926528176,
    "xb": 45.29951767237579
}