{
    "dataset": "blobs-P10-K8-N1024-dt0.70-S6",
    "algorithm": "kmeans",
    "k": 4,
    "n": 1024,
    "d": 10,
    "k_true": 8,
    "rand_score": 0.7435564057917888,
    "adjusted_rand_score": 0.18551879947728653,
    "accuracy": 0.384765625,
    "f1_score": 0.25966422250648374,
    "precision": 0.1973628491997007,
    "recall": 0.384765625,
    "sigui": 0.5364278084898427,
    "sse": 8153.271103283822,
    "sc": 0.08550405230839954,
    "ch": 87.01879477523408,
    "db": 2.498746121467955,
    "bic": -14925.87013147585,
    "xb": 1662.9748310935795
}