{
    "dataset": "blobs-P2-K8-N1024-dt0.60-S5",
    "algorithm": "kmeans",
    "k": 10,
    "n": 1024,
    "d": 2,
    "k_true": 8,
    "rand_score": 0.9207447458455523,
    "adjusted_rand_score": 0.6326752164547977,
    "accuracy": 0.6640625,
    "f1_score": 0.547755859555112,
    "precision": 0.6189568962636862,
    "recall": 0.53125,
    "sigui": 0.17471515929883305,
    "sse": 127.26664070968727,
    "sc": 0.417082917510877,
    "ch": 1700.4440274342135,
    "db": 0.9265722342968046,
    "bic": -2415.917630030429,
    "xb": 362.51424916437384
}