{
    "dataset": "blobs-P2-K16-N1024-dt0.50-S4",
    "algorithm": "kmeans",
    "k": 25,
    "n": 1024,
    "d": 2,
    "k_true": 16,
    "rand_score": 0.9658938172043011,
    "adjusted_rand_score": 0.6579645116838831,
    "accuracy": 0.6669921875,
    "f1_score": 0.48224689005815125,
    "precision": 0.5728580120588158,
    "recall": 0.426875,
    "sigui": 0.05830310754008716,
    "sse": 14.076812672589737,
    "sc": 0.4470653953893235,
    "ch": 6015.7464199816595,
    "db": 0.8915187760850435,
    "bic": -1305.046599363848,
    "xb": 264.5498353789402
}