{
    "dataset": "blobs-P10-K4-N128-dt0.60-S5",
    "algorithm": "kmeans",
    "k": 3,
    "n": 128,
    "d": 10,
    "k_true": 4,
    "rand_score": 0.703494094488189,
    "adjusted_rand_score": 0.28486312700356087,
    "accuracy": 0.5859375,
    "f1_score": 0.505018389469609,
    "precision": 0.4463815789473684,
    "recall": 0.5859375,
    "sigui": 0.5399603706501903,
    "sse": 1005.8154983477622,
    "sc": 0.10552706905041156,
    "ch": 17.037450090414,
    "db": 2.3458414037969013,
    "bic": -1881.8743586038404,
    "xb": 195.4268766061823
}