{
    "dataset": "blobs-P2-K8-N64-dt1.00-S9",
    "algorithm": "kmeans",
    "k": 4,
    "n": 64,
    "d": 2,
    "k_true": 8,
    "rand_score": 0.722718253968254,
    "adjusted_rand_score": 0.13926432848588538,
    "accuracy": 0.3125,
    "f1_score": 0.20866402116402116,
    "precision": 0.17203947368421052,
    "recall": 0.3125,
    "sigui": 0.3097406096241713,
    "sse": 38.79467117262751,
    "sc": 0.3322133598694203,
    "ch": 45.98844435640604,
    "db": 1.05252180146576,
    "bic": -213.92269841481942,
    "xb": 29.133832348320112
}