{
    "dataset": "blobs-P10-K2-N64-dt0.90-S8",
    "algorithm": "kmeans",
    "k": 20,
    "n": 64,
    "d": 10,
    "k_true": 2,
    "rand_score": 0.5074404761904762,
    "adjusted_rand_score": 0.0009581756335936378,
    "accuracy": 0.15625,
    "f1_score": 0.026111111111111106,
    "precision": 0.0875,
    "recall": 0.015625,
    "sigui": 0.37671220129806937,
    "sse": 240.48881317125787,
    "sc": 0.02668444454680286,
    "ch": 3.847097039055374,
    "db": 1.2490530318052693,
    "bic": -1248.5190682863254,
    "xb": 63.03699637912507
}