{
    "dataset": "blobs-P5-K8-N1024-dt0.10-S0",
    "algorithm": "kmeans",
    "k": 3,
    "n": 1024,
    "d": 5,
    "k_true": 8,
    "rand_score": 0.7497556207233627,
    "adjusted_rand_score": 0.38299155609167673,
    "accuracy": 0.375,
    "f1_score": 0.21666666666666667,
    "precision": 0.15625,
    "recall": 0.375,
    "sigui": 0.34956936088379287,
    "sse": 1333.2138177238778,
    "sc": 0.585318317952741,
    "ch": 1449.995732381718,
    "db": 0.6619731323368603,
    "bic": -4947.394874681149,
    "xb": 127.29533810082685
}