{
    "dataset": "blobs-P5-K2-N128-dt0.20-S1",
    "algorithm": "kmeans",
    "k": 50,
    "n": 128,
    "d": 5,
    "k_true": 2,
    "rand_score": 0.5211614173228346,
    "adjusted_rand_score": 0.035019971809098396,
    "accuracy": 0.09375,
    "f1_score": 0.006842212696468667,
    "precision": 0.04,
    "recall": 0.00375,
    "sigui": 0.20776725943045116,
    "sse": 62.876107867358755,
    "sc": 0.19154070073363455,
    "ch": 14.61106679669605,
    "db": 0.7477249972032297,
    "bic": -1405.7930771058964,
    "xb": 51.935482494842944
}