{
    "dataset": "blobs-P10-K16-N64-dt0.90-S8",
    "algorithm": "kmeans",
    "k": 2,
    "n": 64,
    "d": 10,
    "k_true": 16,
    "rand_score": 0.4880952380952381,
    "adjusted_rand_score": 0.01847826086956522,
    "accuracy": 0.125,
    "f1_score": 0.02922077922077922,
    "precision": 0.016666666666666666,
    "recall": 0.125,
    "sigui": 0.5579643183950013,
    "sse": 566.6763832643242,
    "sc": 0.09382146261538823,
    "ch": 8.022328743302158,
    "db": 2.5911545328268932,
    "bic": -957.4304736507285,
    "xb": 106.07628948032692
}