{
    "dataset": "blobs-P5-K2-N1024-dt0.60-S5",
    "algorithm": "kmeans",
    "k": 20,
    "n": 1024,
    "d": 5,
    "k_true": 2,
    "rand_score": 0.513213663856305,
    "adjusted_rand_score": 0.025571543952332874,
    "accuracy": 0.095703125,
    "f1_score": 0.017130230631128295,
    "precision": 0.0858751902587519,
    "recall": 0.0095703125,
    "sigui": 0.390418968171068,
    "sse": 1834.2829337170624,
    "sc": 0.1393736151437675,
    "ch": 94.65508504167269,
    "db": 1.4239609214497342,
    "bic": -8104.338299925121,
    "xb": 672.4879978536328
}