{
    "dataset": "blobs-P10-K4-N128-dt0.60-S5",
    "algorithm": "kmeans",
    "k": 10,
    "n": 128,
    "d": 10,
    "k_true": 4,
    "rand_score": 0.7401574803149606,
    "adjusted_rand_score": 0.11494169432913831,
    "accuracy": 0.3125,
    "f1_score": 0.1728074822209933,
    "precision": 0.28648754754017913,
    "recall": 0.125,
    "sigui": 0.4860026645840498,
    "sse": 767.5067327097465,
    "sc": 0.07116152113758328,
    "ch": 8.754784661517734,
    "db": 2.0500810510680347,
    "bic": -2050.3251250185854,
    "xb": 186.92353206194156
}