{
    "dataset": "blobs-P2-K8-N64-dt0.20-S1",
    "algorithm": "kmeans",
    "k": 8,
    "n": 64,
    "d": 2,
    "k_true": 8,
    "rand_score": 1.0,
    "adjusted_rand_score": 1.0,
    "accuracy": 1.0,
    "f1_score": 1.0,
    "precision": 1.0,
    "recall": 1.0,
    "sigui": 0.08687906592505157,
    "sse": 2.1873632725826626,
    "sc": 0.7235002610926515,
    "ch": 460.14354654082797,
    "db": 0.36775494606711906,
    "bic": -104.72365748851149,
    "xb": 10.57534661178238
}