{
    "dataset": "blobs-P2-K4-N1024-dt0.60-S5",
    "algorithm": "kmeans",
    "k": 50,
    "n": 1024,
    "d": 2,
    "k_true": 4,
    "rand_score": 0.7629845582844574,
    "adjusted_rand_score": 0.09059341190497289,
    "accuracy": 0.1318359375,
    "f1_score": 0.018423377166750923,
    "precision": 0.07442307692307693,
    "recall": 0.010546875,
    "sigui": 0.09965677220309085,
    "sse": 42.170524043805166,
    "sc": 0.3490968016735435,
    "ch": 945.4702935429815,
    "db": 0.8110999779454192,
    "bic": -3362.792731953429,
    "xb": 476.9860887620283
}