{
    "dataset": "blobs-P5-K32-N128-dt0.10-S0",
    "algorithm": "kmeans",
    "k": 4,
    "n": 128,
    "d": 5,
    "k_true": 32,
    "rand_score": 0.7742372047244095,
    "adjusted_rand_score": 0.13342009854048525,
    "accuracy": 0.125,
    "f1_score": 0.028146655508574113,
    "precision": 0.01588600874700013,
    "recall": 0.125,
    "sigui": 0.47387312175546004,
    "sse": 359.8114474477525,
    "sc": 0.24232607592451055,
    "ch": 32.18665476313924,
    "db": 1.4547758753785303,
    "bic": -958.5445506726677,
    "xb": 74.2796790123138
}