{
    "dataset": "blobs-P10-K32-N1024-dt0.40-S3",
    "algorithm": "kmeans",
    "k": 32,
    "n": 1024,
    "d": 10,
    "k_true": 32,
    "rand_score": 0.9738151423509286,
    "adjusted_rand_score": 0.5662168728740702,
    "accuracy": 0.7197265625,
    "f1_score": 0.7148305451505034,
    "precision": 0.7198063434974065,
    "recall": 0.7197265625,
    "sigui": 0.42470783806585066,
    "sse": 3994.3198683523146,
    "sc": 0.13215299196337713,
    "ch": 50.03649452220016,
    "db": 1.7283757421157298,
    "bic": -14454.461070127616,
    "xb": 1209.819365309144
}