{
    "dataset": "blobs-P10-K2-N1024-dt0.30-S2",
    "algorithm": "kmeans",
    "k": 16,
    "n": 1024,
    "d": 10,
    "k_true": 2,
    "rand_score": 0.5489560422776149,
    "adjusted_rand_score": 0.09713998512430672,
    "accuracy": 0.1376953125,
    "f1_score": 0.030202448210922786,
    "precision": 0.12419871794871795,
    "recall": 0.0172119140625,
    "sigui": 0.4806372787910371,
    "sse": 5864.989139659704,
    "sc": 0.07678782909350185,
    "ch": 50.12809449668073,
    "db": 2.147113415260308,
    "bic": -15117.756078420463,
    "xb": 1362.0287298645435
}