{
    "dataset": "blobs-P2-K32-N64-dt0.10-S0",
    "algorithm": "kmeans",
    "k": 25,
    "n": 64,
    "d": 2,
    "k_true": 32,
    "rand_score": 0.9861111111111112,
    "adjusted_rand_score": 0.6892177589852009,
    "accuracy": 0.78125,
    "f1_score": 0.7083333333333333,
    "precision": 0.671875,
    "recall": 0.78125,
    "sigui": 0.0331025256441035,
    "sse": 0.3765881260204296,
    "sc": 0.8537237100085574,
    "ch": 550.7025579557601,
    "db": 0.2095898588425681,
    "bic": -173.64925536028275,
    "xb": 37.414656733536674
}