{
    "dataset": "blobs-P5-K2-N128-dt0.50-S4",
    "algorithm": "kmeans",
    "k": 25,
    "n": 128,
    "d": 5,
    "k_true": 2,
    "rand_score": 0.530511811023622,
    "adjusted_rand_score": 0.054232644187798336,
    "accuracy": 0.15625,
    "f1_score": 0.02144196106705119,
    "precision": 0.07666666666666666,
    "recall": 0.0125,
    "sigui": 0.31204498425953625,
    "sse": 143.85344512655607,
    "sc": 0.17072086683475352,
    "ch": 14.801839674111394,
    "db": 1.1357766319085574,
    "bic": -1194.4736826597532,
    "xb": 79.73805330491265
}