{
    "dataset": "blobs-P10-K4-N128-dt0.30-S2",
    "algorithm": "kmeans",
    "k": 32,
    "n": 128,
    "d": 10,
    "k_true": 4,
    "rand_score": 0.7728838582677166,
    "adjusted_rand_score": 0.13431898913661575,
    "accuracy": 0.1953125,
    "f1_score": 0.03903221622252431,
    "precision": 0.10590277777777778,
    "recall": 0.0244140625,
    "sigui": 0.35228952491584575,
    "sse": 357.362534650488,
    "sc": 0.07030986681093593,
    "ch": 7.995241850099636,
    "db": 1.318904588369675,
    "bic": -2298.935473155915,
    "xb": 94.22396402381662
}