{
    "dataset": "blobs-P2-K8-N1024-dt1.00-S9",
    "algorithm": "kmeans",
    "k": 25,
    "n": 1024,
    "d": 2,
    "k_true": 8,
    "rand_score": 0.8775449810606061,
    "adjusted_rand_score": 0.23009663986547255,
    "accuracy": 0.2822265625,
    "f1_score": 0.12808547464549286,
    "precision": 0.23405571216358123,
    "recall": 0.0903125,
    "sigui": 0.12179877110952682,
    "sse": 69.31868327305274,
    "sc": 0.33856457477765745,
    "ch": 1188.173316626993,
    "db": 0.8536479130409325,
    "bic": -2896.1256045544706,
    "xb": 290.25659321188476
}