{
    "dataset": "blobs-P10-K32-N1024-dt0.90-S8",
    "algorithm": "kmeans",
    "k": 25,
    "n": 1024,
    "d": 10,
    "k_true": 32,
    "rand_score": 0.9352146719208211,
    "adjusted_rand_score": 0.056984054132577656,
    "accuracy": 0.19921875,
    "f1_score": 0.17576572341229332,
    "precision": 0.1600988978764495,
    "recall": 0.19921875,
    "sigui": 0.48164292231549005,
    "sse": 5749.130996056863,
    "sc": 0.07504917702616823,
    "ch": 32.51490049841334,
    "db": 1.9835725146422507,
    "bic": -15802.575993823271,
    "xb": 1334.7569524179478
}