{
    "dataset": "blobs-P10-K8-N64-dt0.10-S0",
    "algorithm": "kmeans",
    "k": 50,
    "n": 64,
    "d": 10,
    "k_true": 8,
    "rand_score": 0.8983134920634921,
    "adjusted_rand_score": 0.1414611447184737,
    "accuracy": 0.265625,
    "f1_score": 0.06513131313131314,
    "precision": 0.16,
    "recall": 0.0425,
    "sigui": 0.05128782016902467,
    "sse": 7.10906967865984,
    "sc": 0.07662147001320213,
    "ch": 25.43595551392875,
    "db": 0.3854184228071131,
    "bic": -1092.4543838492268,
    "xb": 45.51705287472996
}