{
    "dataset": "blobs-P10-K2-N128-dt1.00-S9",
    "algorithm": "kmeans",
    "k": 25,
    "n": 128,
    "d": 10,
    "k_true": 2,
    "rand_score": 0.5047982283464567,
    "adjusted_rand_score": 0.0025133521834747093,
    "accuracy": 0.125,
    "f1_score": 0.017041251778093885,
    "precision": 0.057999999999999996,
    "recall": 0.01,
    "sigui": 0.4144139902994311,
    "sse": 544.7400759682046,
    "sc": 0.06396850155388437,
    "ch": 5.792653499367842,
    "db": 1.4276250444201934,
    "bic": -2335.341616982567,
    "xb": 127.72319866588252
}