{
    "dataset": "blobs-P2-K32-N128-dt0.40-S3",
    "algorithm": "kmeans",
    "k": 20,
    "n": 128,
    "d": 2,
    "k_true": 32,
    "rand_score": 0.9702263779527559,
    "adjusted_rand_score": 0.5900056028387717,
    "accuracy": 0.625,
    "f1_score": 0.5109994172494172,
    "precision": 0.45932539682539675,
    "recall": 0.625,
    "sigui": 0.08265460034976001,
    "sse": 4.344472970213298,
    "sc": 0.6182480381287938,
    "ch": 329.26042020651136,
    "db": 0.45101503562850614,
    "bic": -361.42873248924775,
    "xb": 39.01572109377068
}