{
    "dataset": "blobs-P2-K4-N64-dt1.00-S9",
    "algorithm": "kmeans",
    "k": 2,
    "n": 64,
    "d": 2,
    "k_true": 4,
    "rand_score": 0.6011904761904762,
    "adjusted_rand_score": 0.20238095238095238,
    "accuracy": 0.46875,
    "f1_score": 0.31643356643356646,
    "precision": 0.24007936507936506,
    "recall": 0.46875,
    "sigui": 0.42250589016765017,
    "sse": 82.40886126788072,
    "sc": 0.3574710760949775,
    "ch": 34.30032350772327,
    "db": 1.1209082641035157,
    "bic": -209.81122069794873,
    "xb": 25.128627867307106
}