{
    "dataset": "blobs-P10-K16-N128-dt0.40-S3",
    "algorithm": "kmeans",
    "k": 4,
    "n": 128,
    "d": 10,
    "k_true": 16,
    "rand_score": 0.7786663385826772,
    "adjusted_rand_score": 0.1997302929998774,
    "accuracy": 0.25,
    "f1_score": 0.10133477633477633,
    "precision": 0.0638443958664547,
    "recall": 0.25,
    "sigui": 0.5134225459859756,
    "sse": 883.3814454339681,
    "sc": 0.13609018299590978,
    "ch": 18.557744230194,
    "db": 2.114926475192863,
    "bic": -1862.1400764995049,
    "xb": 178.6451075091318
}