{
    "dataset": "blobs-P2-K16-N1024-dt0.40-S3",
    "algorithm": "kmeans",
    "k": 50,
    "n": 1024,
    "d": 2,
    "k_true": 16,
    "rand_score": 0.9582703293010753,
    "adjusted_rand_score": 0.48692484730940805,
    "accuracy": 0.4521484375,
    "f1_score": 0.19562240416594393,
    "precision": 0.31557607953575695,
    "recall": 0.1446875,
    "sigui": 0.040807288621092494,
    "sse": 7.346251813710288,
    "sc": 0.35236275422746766,
    "ch": 5523.94515936968,
    "db": 0.9136190243986256,
    "bic": -1579.1658839213615,
    "xb": 370.871910818647
}