{
    "dataset": "blobs-P5-K8-N64-dt0.50-S4",
    "algorithm": "kmeans",
    "k": 50,
    "n": 64,
    "d": 5,
    "k_true": 8,
    "rand_score": 0.8883928571428571,
    "adjusted_rand_score": 0.0577012563983248,
    "accuracy": 0.21875,
    "f1_score": 0.054909090909090914,
    "precision": 0.15,
    "recall": 0.035,
    "sigui": 0.062104782274194026,
    "sse": 5.651974208219893,
    "sc": 0.1198210339377378,
    "ch": 15.890681440862666,
    "db": 0.35774039470320723,
    "bic": -794.5819442738983,
    "xb": 17.68208690561955
}