{
    "dataset": "blobs-P2-K4-N128-dt0.10-S0",
    "algorithm": "kmeans",
    "k": 16,
    "n": 128,
    "d": 2,
    "k_true": 4,
    "rand_score": 0.8213582677165354,
    "adjusted_rand_score": 0.356463838519201,
    "accuracy": 0.375,
    "f1_score": 0.13513802443429482,
    "precision": 0.25,
    "recall": 0.09375,
    "sigui": 0.031994423503478586,
    "sse": 0.5623142878508488,
    "sc": 0.3744710818087309,
    "ch": 3391.8185870875013,
    "db": 0.8465285858818337,
    "bic": -41.51786842600245,
    "xb": 59.52077667420066
}