{
    "dataset": "blobs-P2-K16-N1024-dt0.90-S8",
    "algorithm": "kmeans",
    "k": 10,
    "n": 1024,
    "d": 2,
    "k_true": 16,
    "rand_score": 0.9328281555474096,
    "adjusted_rand_score": 0.580456738821464,
    "accuracy": 0.6044921875,
    "f1_score": 0.4874677771096928,
    "precision": 0.4304634243803283,
    "recall": 0.6044921875,
    "sigui": 0.13656633865556797,
    "sse": 85.33718499175284,
    "sc": 0.5089290215507911,
    "ch": 2591.250054777159,
    "db": 0.6491185753964039,
    "bic": -2046.1284617629847,
    "xb": 205.42819200924376
}