{
    "dataset": "blobs-P5-K32-N1024-dt0.30-S2",
    "algorithm": "kmeans",
    "k": 3,
    "n": 1024,
    "d": 5,
    "k_true": 32,
    "rand_score": 0.6867344055474096,
    "adjusted_rand_score": 0.1081280874591283,
    "accuracy": 0.09375,
    "f1_score": 0.016441455978163374,
    "precision": 0.009032577568201881,
    "recall": 0.09375,
    "sigui": 0.4869062777318779,
    "sse": 3436.836267802463,
    "sc": 0.2229611955029303,
    "ch": 250.01338973772394,
    "db": 1.6008543275942226,
    "bic": -7418.109838408095,
    "xb": 698.9139239299336
}