{
    "dataset": "blobs-P5-K32-N64-dt0.70-S6",
    "algorithm": "kmeans",
    "k": 10,
    "n": 64,
    "d": 5,
    "k_true": 32,
    "rand_score": 0.90625,
    "adjusted_rand_score": 0.18001515047173058,
    "accuracy": 0.3125,
    "f1_score": 0.16968482905982907,
    "precision": 0.13105384199134198,
    "recall": 0.3125,
    "sigui": 0.3749400305409757,
    "sse": 100.88598284036813,
    "sc": 0.22974612118028948,
    "ch": 13.031385192906493,
    "db": 1.088272827402746,
    "bic": -537.8440053575241,
    "xb": 34.143200996617246
}