{
    "dataset": "blobs-P2-K2-N1024-dt0.80-S7",
    "algorithm": "kmeans",
    "k": 16,
    "n": 1024,
    "d": 2,
    "k_true": 2,
    "rand_score": 0.5156154539345064,
    "adjusted_rand_score": 0.030432027335789508,
    "accuracy": 0.154296875,
    "f1_score": 0.03193309492813861,
    "precision": 0.09274157996825957,
    "recall": 0.019287109375,
    "sigui": 0.21163012260854427,
    "sse": 225.88023372870205,
    "sc": 0.3099944167912856,
    "ch": 542.0857162760763,
    "db": 0.8180748617834116,
    "bic": -3490.438369759135,
    "xb": 358.5027513310923
}