{
    "dataset": "blobs-P2-K16-N1024-dt0.20-S1",
    "algorithm": "kmeans",
    "k": 4,
    "n": 1024,
    "d": 2,
    "k_true": 16,
    "rand_score": 0.7579442357038123,
    "adjusted_rand_score": 0.2602172127232227,
    "accuracy": 0.25,
    "f1_score": 0.11340156086216929,
    "precision": 0.07651611282229259,
    "recall": 0.25,
    "sigui": 0.28417052987105546,
    "sse": 335.4180079701123,
    "sc": 0.55408056771981,
    "ch": 1735.9767915085997,
    "db": 0.6494302392590378,
    "bic": -2409.386158002167,
    "xb": 132.5183772796553
}