{
    "dataset": "blobs-P2-K2-N1024-dt0.20-S1",
    "algorithm": "kmeans",
    "k": 25,
    "n": 1024,
    "d": 2,
    "k_true": 2,
    "rand_score": 0.5497770039100685,
    "adjusted_rand_score": 0.09876145631113445,
    "accuracy": 0.1455078125,
    "f1_score": 0.020323042037327755,
    "precision": 0.08,
    "recall": 0.011640625,
    "sigui": 0.14168281261603735,
    "sse": 93.84868204154472,
    "sc": 0.33031204743743803,
    "ch": 867.1444523795127,
    "db": 0.8977637585944258,
    "bic": -3149.562983398519,
    "xb": 399.59351442815745
}