{
    "dataset": "blobs-P2-K32-N64-dt0.20-S1",
    "algorithm": "kmeans",
    "k": 25,
    "n": 64,
    "d": 2,
    "k_true": 32,
    "rand_score": 0.9836309523809523,
    "adjusted_rand_score": 0.6451612903225806,
    "accuracy": 0.78125,
    "f1_score": 0.7114583333333333,
    "precision": 0.6770833333333333,
    "recall": 0.78125,
    "sigui": 0.035480630016027706,
    "sse": 0.37992665848506735,
    "sc": 0.726800787004366,
    "ch": 545.8490857337739,
    "db": 0.31053746023024437,
    "bic": -173.50743034955127,
    "xb": 40.41692116893335
}