{
    "dataset": "blobs-P10-K4-N128-dt0.80-S7",
    "algorithm": "kmeans",
    "k": 32,
    "n": 128,
    "d": 10,
    "k_true": 4,
    "rand_score": 0.7456938976377953,
    "adjusted_rand_score": 0.021995953996266946,
    "accuracy": 0.1171875,
    "f1_score": 0.024433460535434222,
    "precision": 0.07540922619047619,
    "recall": 0.0146484375,
    "sigui": 0.3773586968714631,
    "sse": 429.05171818770435,
    "sc": 0.0955967123386851,
    "ch": 6.141904501144069,
    "db": 1.341456801506148,
    "bic": -2422.3285686569293,
    "xb": 127.06599791396893
}