{
    "dataset": "blobs-P10-K32-N128-dt0.50-S4",
    "algorithm": "kmeans",
    "k": 32,
    "n": 128,
    "d": 10,
    "k_true": 32,
    "rand_score": 0.9618602362204725,
    "adjusted_rand_score": 0.31862236067843547,
    "accuracy": 0.546875,
    "f1_score": 0.5078260281385281,
    "precision": 0.5616815476190475,
    "recall": 0.546875,
    "sigui": 0.3676865233559433,
    "sse": 402.03610531554983,
    "sc": 0.09694372960359803,
    "ch": 6.762715825714373,
    "db": 1.2343958611588903,
    "bic": -2374.2704793608727,
    "xb": 92.31397245610383
}