{
    "dataset": "blobs-P5-K16-N128-dt0.40-S3",
    "algorithm": "kmeans",
    "k": 8,
    "n": 128,
    "d": 5,
    "k_true": 16,
    "rand_score": 0.9002214566929134,
    "adjusted_rand_score": 0.4290790166569663,
    "accuracy": 0.5,
    "f1_score": 0.3561619566156772,
    "precision": 0.29596861471861474,
    "recall": 0.5,
    "sigui": 0.3594214976701723,
    "sse": 189.02539933340256,
    "sc": 0.30958938652185036,
    "ch": 40.899229318112006,
    "db": 1.0981107719099175,
    "bic": -892.1490009551692,
    "xb": 57.585455559028475
}