{
    "dataset": "blobs-P2-K32-N128-dt0.90-S8",
    "algorithm": "kmeans",
    "k": 8,
    "n": 128,
    "d": 2,
    "k_true": 32,
    "rand_score": 0.8939468503937008,
    "adjusted_rand_score": 0.26174741044454036,
    "accuracy": 0.25,
    "f1_score": 0.10361076902025178,
    "precision": 0.06603975681181563,
    "recall": 0.25,
    "sigui": 0.2095602385752894,
    "sse": 23.88001430775057,
    "sc": 0.4583496979220924,
    "ch": 166.63305571943386,
    "db": 0.739852737600914,
    "bic": -380.4935620397874,
    "xb": 30.037634560402374
}