{
    "dataset": "blobs-P5-K32-N64-dt0.90-S8",
    "algorithm": "kmeans",
    "k": 4,
    "n": 64,
    "d": 5,
    "k_true": 32,
    "rand_score": 0.7703373015873016,
    "adjusted_rand_score": 0.0733822548365577,
    "accuracy": 0.125,
    "f1_score": 0.02790032679738562,
    "precision": 0.015711805555555555,
    "recall": 0.125,
    "sigui": 0.4659564767135125,
    "sse": 174.17737188281188,
    "sc": 0.19478766286849516,
    "ch": 16.74415299081431,
    "db": 1.5981747845056964,
    "bic": -495.51249716685174,
    "xb": 49.847269130409934
}