{
    "dataset": "blobs-P5-K8-N128-dt0.10-S0",
    "algorithm": "kmeans",
    "k": 4,
    "n": 128,
    "d": 5,
    "k_true": 8,
    "rand_score": 0.84251968503937,
    "adjusted_rand_score": 0.5207547169811321,
    "accuracy": 0.5,
    "f1_score": 0.35416666666666663,
    "precision": 0.29166666666666663,
    "recall": 0.5,
    "sigui": 0.2997370709419249,
    "sse": 161.07101326514706,
    "sc": 0.6010335312959267,
    "ch": 122.90064519008466,
    "db": 0.7712556452235931,
    "bic": -694.099009423014,
    "xb": 25.358854415818136
}