{
    "dataset": "blobs-P2-K32-N64-dt0.90-S8",
    "algorithm": "kmeans",
    "k": 8,
    "n": 64,
    "d": 2,
    "k_true": 32,
    "rand_score": 0.8998015873015873,
    "adjusted_rand_score": 0.20690514770036145,
    "accuracy": 0.25,
    "f1_score": 0.10154671717171718,
    "precision": 0.06403769841269841,
    "recall": 0.25,
    "sigui": 0.1713601703069801,
    "sse": 9.079422327057026,
    "sc": 0.46623172540244723,
    "ch": 104.78250566100897,
    "db": 0.7662904422834946,
    "bic": -195.05973842578956,
    "xb": 16.917527749517003
}