{
    "dataset": "blobs-P10-K2-N64-dt0.10-S0",
    "algorithm": "kmeans",
    "k": 10,
    "n": 64,
    "d": 10,
    "k_true": 2,
    "rand_score": 0.6220238095238095,
    "adjusted_rand_score": 0.23467142811593278,
    "accuracy": 0.375,
    "f1_score": 0.10894056847545219,
    "precision": 0.2,
    "recall": 0.075,
    "sigui": 0.3544141526757389,
    "sse": 181.53554293641056,
    "sc": 0.12587024856786466,
    "ch": 15.15288244872851,
    "db": 1.5267181807128642,
    "bic": -876.6276049866269,
    "xb": 56.757050227189794
}