{
    "dataset": "blobs-P2-K16-N128-dt0.70-S6",
    "algorithm": "kmeans",
    "k": 3,
    "n": 128,
    "d": 2,
    "k_true": 16,
    "rand_score": 0.7086614173228346,
    "adjusted_rand_score": 0.19825968264801228,
    "accuracy": 0.1875,
    "f1_score": 0.06145833333333334,
    "precision": 0.03705357142857143,
    "recall": 0.1875,
    "sigui": 0.2992785106005711,
    "sse": 63.58605352293597,
    "sc": 0.5602839903845431,
    "ch": 189.12750498784584,
    "db": 0.6249638728144729,
    "bic": -344.0233079929194,
    "xb": 17.118352005998005
}