{
    "dataset": "blobs-P5-K32-N64-dt0.20-S1",
    "algorithm": "kmeans",
    "k": 4,
    "n": 64,
    "d": 5,
    "k_true": 32,
    "rand_score": 0.7638888888888888,
    "adjusted_rand_score": 0.09138286268331111,
    "accuracy": 0.125,
    "f1_score": 0.028893849206349204,
    "precision": 0.016419778138528136,
    "recall": 0.125,
    "sigui": 0.45331801151289314,
    "sse": 157.93550686559132,
    "sc": 0.2690939950985153,
    "ch": 20.52286991706448,
    "db": 1.1838257137165995,
    "bic": -478.3500955223768,
    "xb": 25.631487182992633
}