{
    "dataset": "blobs-P2-K4-N128-dt0.10-S0",
    "algorithm": "kmeans",
    "k": 25,
    "n": 128,
    "d": 2,
    "k_true": 4,
    "rand_score": 0.796136811023622,
    "adjusted_rand_score": 0.229790317799014,
    "accuracy": 0.265625,
    "f1_score": 0.06665767083619428,
    "precision": 0.16,
    "recall": 0.0425,
    "sigui": 0.02495400876247573,
    "sse": 0.28546964062248,
    "sc": 0.40015357176586586,
    "ch": 3844.3370851367554,
    "db": 0.7163570990644358,
    "bic": -77.88623744878976,
    "xb": 93.47695821365345
}