{
    "dataset": "blobs-P10-K16-N128-dt1.00-S9",
    "algorithm": "kmeans",
    "k": 50,
    "n": 128,
    "d": 10,
    "k_true": 16,
    "rand_score": 0.9306102362204725,
    "adjusted_rand_score": 0.047525331773091144,
    "accuracy": 0.2265625,
    "f1_score": 0.09503718503718503,
    "precision": 0.15433333333333332,
    "recall": 0.0725,
    "sigui": 0.297274056322425,
    "sse": 286.03067074758195,
    "sc": 0.08983703962986435,
    "ch": 5.531703601322302,
    "db": 1.016725557575203,
    "bic": -2735.9129449993925,
    "xb": 84.27651858726658
}