{
    "dataset": "blobs-P2-K16-N64-dt1.00-S9",
    "algorithm": "kmeans",
    "k": 8,
    "n": 64,
    "d": 2,
    "k_true": 16,
    "rand_score": 0.9077380952380952,
    "adjusted_rand_score": 0.4415213039748356,
    "accuracy": 0.5,
    "f1_score": 0.35860042735042735,
    "precision": 0.30031565656565656,
    "recall": 0.5,
    "sigui": 0.16564919397580147,
    "sse": 7.470507621320837,
    "sc": 0.5370422120626347,
    "ch": 129.07234526841293,
    "db": 0.5706312527462777,
    "bic": -178.29627393886219,
    "xb": 22.738190377428378
}