{
    "dataset": "blobs-P2-K2-N1024-dt0.50-S4",
    "algorithm": "kmeans",
    "k": 32,
    "n": 1024,
    "d": 2,
    "k_true": 2,
    "rand_score": 0.5169213556940372,
    "adjusted_rand_score": 0.032965880935195424,
    "accuracy": 0.0869140625,
    "f1_score": 0.009958282572454475,
    "precision": 0.059765625,
    "recall": 0.00543212890625,
    "sigui": 0.16218468761416202,
    "sse": 99.37383706813466,
    "sc": 0.3261788550681918,
    "ch": 627.4894786548894,
    "db": 0.8120832534203952,
    "bic": -3585.679568701973,
    "xb": 374.83866123947604
}