{
    "dataset": "blobs-P2-K4-N64-dt0.80-S7",
    "algorithm": "kmeans",
    "k": 25,
    "n": 64,
    "d": 2,
    "k_true": 4,
    "rand_score": 0.7782738095238095,
    "adjusted_rand_score": 0.1357149433753798,
    "accuracy": 0.234375,
    "f1_score": 0.05847619047619048,
    "precision": 0.134,
    "recall": 0.0375,
    "sigui": 0.07970220553375104,
    "sse": 2.0279165144345015,
    "sc": 0.39308670481835234,
    "ch": 100.94332493817043,
    "db": 0.4954382169604553,
    "bic": -276.7362043092311,
    "xb": 30.48657451965559
}