{
    "dataset": "blobs-P10-K8-N1024-dt0.60-S5",
    "algorithm": "kmeans",
    "k": 25,
    "n": 1024,
    "d": 10,
    "k_true": 8,
    "rand_score": 0.8699386760752689,
    "adjusted_rand_score": 0.15955358908220169,
    "accuracy": 0.2607421875,
    "f1_score": 0.1217860201535558,
    "precision": 0.22791027709510012,
    "recall": 0.0834375,
    "sigui": 0.4662671456768764,
    "sse": 5358.306994125139,
    "sc": 0.0786453227919417,
    "ch": 37.92251388215162,
    "db": 2.1119409114779115,
    "bic": -15443.228339343354,
    "xb": 1570.8293960062454
}