{
    "dataset": "blobs-P2-K8-N64-dt0.30-S2",
    "algorithm": "kmeans",
    "k": 25,
    "n": 64,
    "d": 2,
    "k_true": 8,
    "rand_score": 0.9290674603174603,
    "adjusted_rand_score": 0.5017421602787456,
    "accuracy": 0.5625,
    "f1_score": 0.22707958707958706,
    "precision": 0.32,
    "recall": 0.18,
    "sigui": 0.0314866767136611,
    "sse": 0.33269934038232835,
    "sc": 0.36662708548383605,
    "ch": 623.5640964405655,
    "db": 0.4751000772620754,
    "bic": -157.91511563807904,
    "xb": 77.5911277242206
}