{
    "dataset": "blobs-P10-K16-N1024-dt0.60-S5",
    "algorithm": "kmeans",
    "k": 8,
    "n": 1024,
    "d": 10,
    "k_true": 16,
    "rand_score": 0.8795534732404692,
    "adjusted_rand_score": 0.3053932289757118,
    "accuracy": 0.408203125,
    "f1_score": 0.2780464255526942,
    "precision": 0.21350345917553598,
    "recall": 0.408203125,
    "sigui": 0.5042158437750281,
    "sse": 6449.860135073237,
    "sc": 0.11511061192146467,
    "ch": 85.29048963017028,
    "db": 2.017388386470646,
    "bic": -14583.36287027776,
    "xb": 1384.1238299686547
}