{
    "dataset": "blobs-P10-K16-N128-dt0.10-S0",
    "algorithm": "kmeans",
    "k": 4,
    "n": 128,
    "d": 10,
    "k_true": 16,
    "rand_score": 0.7716535433070866,
    "adjusted_rand_score": 0.25701028848093604,
    "accuracy": 0.25,
    "f1_score": 0.11160714285714285,
    "precision": 0.075,
    "recall": 0.25,
    "sigui": 0.47840193522984437,
    "sse": 696.0926910381885,
    "sc": 0.271449263195186,
    "ch": 34.67187020896926,
    "db": 1.4658907498075107,
    "bic": -1700.5126724917466,
    "xb": 86.77808186030872
}