{
    "dataset": "blobs-P5-K4-N128-dt0.20-S1",
    "algorithm": "kmeans",
    "k": 16,
    "n": 128,
    "d": 5,
    "k_true": 4,
    "rand_score": 0.8131151574803149,
    "adjusted_rand_score": 0.32661623900894643,
    "accuracy": 0.34375,
    "f1_score": 0.12578945321614685,
    "precision": 0.2451923076923077,
    "recall": 0.0859375,
    "sigui": 0.24891657308431936,
    "sse": 78.60405675344155,
    "sc": 0.18807152571291216,
    "ch": 53.32748142235598,
    "db": 1.414819569018395,
    "bic": -817.6281738195416,
    "xb": 124.2414106453706
}