{
    "dataset": "blobs-P5-K2-N1024-dt0.90-S8",
    "algorithm": "kmeans",
    "k": 10,
    "n": 1024,
    "d": 5,
    "k_true": 2,
    "rand_score": 0.5166693395650049,
    "adjusted_rand_score": 0.032583400556336725,
    "accuracy": 0.17578125,
    "f1_score": 0.058090676451120295,
    "precision": 0.16760465520236234,
    "recall": 0.03515625,
    "sigui": 0.4323065212996749,
    "sse": 2462.8183355528117,
    "sc": 0.14027212386978388,
    "ch": 121.55821504952834,
    "db": 1.4745852016159313,
    "bic": -7949.054080985611,
    "xb": 687.2983682641628
}