{
    "dataset": "blobs-P5-K2-N64-dt0.30-S2",
    "algorithm": "kmeans",
    "k": 16,
    "n": 64,
    "d": 5,
    "k_true": 2,
    "rand_score": 0.560515873015873,
    "adjusted_rand_score": 0.10885113991953509,
    "accuracy": 0.265625,
    "f1_score": 0.05243902439024391,
    "precision": 0.125,
    "recall": 0.033203125,
    "sigui": 0.28847106220035956,
    "sse": 66.41881896466089,
    "sc": 0.20544364903145812,
    "ch": 12.217317199585173,
    "db": 1.0145079716521133,
    "bic": -574.7982807769837,
    "xb": 47.575098753954535
}