{
    "dataset": "blobs-P2-K16-N1024-dt1.00-S9",
    "algorithm": "kmeans",
    "k": 25,
    "n": 1024,
    "d": 2,
    "k_true": 16,
    "rand_score": 0.9402244470918866,
    "adjusted_rand_score": 0.38809756789798894,
    "accuracy": 0.498046875,
    "f1_score": 0.37126871605639566,
    "precision": 0.44934732993480253,
    "recall": 0.31875,
    "sigui": 0.12809706353447664,
    "sse": 57.97395128897211,
    "sc": 0.3226824882113925,
    "ch": 1428.8285072153342,
    "db": 0.8979675357312159,
    "bic": -2782.7389584359803,
    "xb": 302.10071446279187
}