{
    "dataset": "blobs-P2-K4-N1024-dt0.30-S2",
    "algorithm": "kmeans",
    "k": 3,
    "n": 1024,
    "d": 2,
    "k_true": 4,
    "rand_score": 0.8748778103616813,
    "adjusted_rand_score": 0.7136859781696053,
    "accuracy": 0.75,
    "f1_score": 0.6666666666666666,
    "precision": 0.625,
    "recall": 0.75,
    "sigui": 0.22129256860726712,
    "sse": 205.59308057633586,
    "sc": 0.7322798059565638,
    "ch": 4574.807331692073,
    "db": 0.36478738068334443,
    "bic": -1647.966821082286,
    "xb": 49.77663074900922
}