{
    "dataset": "blobs-P10-K8-N64-dt0.50-S4",
    "algorithm": "kmeans",
    "k": 50,
    "n": 64,
    "d": 10,
    "k_true": 8,
    "rand_score": 0.8859126984126984,
    "adjusted_rand_score": 0.03361344537815126,
    "accuracy": 0.171875,
    "f1_score": 0.04496969696969697,
    "precision": 0.13666666666666666,
    "recall": 0.0275,
    "sigui": 0.10373298315122384,
    "sse": 35.783515785897954,
    "sc": 0.04122056663167278,
    "ch": 4.824380092692367,
    "db": 0.5478809407448791,
    "bic": -1609.951284670696,
    "xb": 16.006770757655584
}