{
    "dataset": "blobs-P5-K8-N128-dt0.90-S8",
    "algorithm": "kmeans",
    "k": 2,
    "n": 128,
    "d": 5,
    "k_true": 8,
    "rand_score": 0.5492125984251969,
    "adjusted_rand_score": 0.09910244793965724,
    "accuracy": 0.2421875,
    "f1_score": 0.09718730358265243,
    "precision": 0.06089901477832513,
    "recall": 0.2421875,
    "sigui": 0.5237291948835109,
    "sse": 504.5425775237111,
    "sc": 0.19276758060145155,
    "ch": 33.82793839873761,
    "db": 1.83867433097425,
    "bic": -949.3307270082769,
    "xb": 106.65648211220864
}