{
    "dataset": "blobs-P5-K16-N128-dt0.20-S1",
    "algorithm": "kmeans",
    "k": 2,
    "n": 128,
    "d": 5,
    "k_true": 16,
    "rand_score": 0.5275590551181102,
    "adjusted_rand_score": 0.09929078014184398,
    "accuracy": 0.125,
    "f1_score": 0.02922077922077922,
    "precision": 0.016666666666666666,
    "recall": 0.125,
    "sigui": 0.5210740405107006,
    "sse": 510.54149478038494,
    "sc": 0.23010046701853515,
    "ch": 31.949943000594253,
    "db": 1.8302138116992763,
    "bic": -949.6336085320163,
    "xb": 106.92138427674873
}