{
    "dataset": "blobs-P5-K8-N128-dt0.60-S5",
    "algorithm": "kmeans",
    "k": 20,
    "n": 128,
    "d": 5,
    "k_true": 8,
    "rand_score": 0.8805364173228346,
    "adjusted_rand_score": 0.23132974711554644,
    "accuracy": 0.3671875,
    "f1_score": 0.1897935615109528,
    "precision": 0.2771230158730159,
    "recall": 0.146875,
    "sigui": 0.3372752021121414,
    "sse": 159.50042861338036,
    "sc": 0.13787076763093387,
    "ch": 17.123845655527752,
    "db": 1.3790870467378746,
    "bic": -1134.5843412666507,
    "xb": 131.25234364487144
}