{
    "dataset": "blobs-P5-K8-N64-dt0.50-S4",
    "algorithm": "kmeans",
    "k": 16,
    "n": 64,
    "d": 5,
    "k_true": 8,
    "rand_score": 0.8764880952380952,
    "adjusted_rand_score": 0.2502509200401472,
    "accuracy": 0.453125,
    "f1_score": 0.2762154512154512,
    "precision": 0.37202380952380953,
    "recall": 0.2265625,
    "sigui": 0.30467828619176585,
    "sse": 67.27777295139052,
    "sc": 0.1691286616653407,
    "ch": 12.020480034912268,
    "db": 1.0339207645429336,
    "bic": -576.5033004438576,
    "xb": 39.74903642560703
}