{
    "dataset": "blobs-P10-K4-N1024-dt0.10-S0",
    "algorithm": "kmeans",
    "k": 4,
    "n": 1024,
    "d": 10,
    "k_true": 4,
    "rand_score": 1.0,
    "adjusted_rand_score": 1.0,
    "accuracy": 1.0,
    "f1_score": 1.0,
    "precision": 1.0,
    "recall": 1.0,
    "sigui": 0.3339221039959181,
    "sse": 2249.389538002294,
    "sc": 0.5350000239372912,
    "ch": 1207.7977207505135,
    "db": 0.7352359880409772,
    "bic": -8341.936635994738,
    "xb": 168.8506515519599
}