{
    "dataset": "blobs-P2-K32-N64-dt0.90-S8",
    "algorithm": "kmeans",
    "k": 20,
    "n": 64,
    "d": 2,
    "k_true": 32,
    "rand_score": 0.9722222222222222,
    "adjusted_rand_score": 0.5058823529411764,
    "accuracy": 0.625,
    "f1_score": 0.5056547619047619,
    "precision": 0.44895833333333335,
    "recall": 0.625,
    "sigui": 0.08010412368693152,
    "sse": 1.6299320137907563,
    "sc": 0.5036299486784654,
    "ch": 179.54520234902887,
    "db": 0.547566382436867,
    "bic": -218.5457405410015,
    "xb": 33.60719049539823
}