{
    "dataset": "blobs-P5-K8-N1024-dt0.30-S2",
    "algorithm": "kmeans",
    "k": 8,
    "n": 1024,
    "d": 5,
    "k_true": 8,
    "rand_score": 0.9514448924731183,
    "adjusted_rand_score": 0.7882516756416913,
    "accuracy": 0.810546875,
    "f1_score": 0.7824406106358243,
    "precision": 0.7895939102036249,
    "recall": 0.810546875,
    "sigui": 0.31783726723658323,
    "sse": 1103.6373213557779,
    "sc": 0.3682909630183935,
    "ch": 528.2046404377063,
    "db": 1.1778620230874657,
    "bic": -5565.763547795021,
    "xb": 1173.0353256311782
}