{
    "dataset": "blobs-P5-K16-N128-dt0.20-S1",
    "algorithm": "kmeans",
    "k": 8,
    "n": 128,
    "d": 5,
    "k_true": 16,
    "rand_score": 0.905511811023622,
    "adjusted_rand_score": 0.4980237154150198,
    "accuracy": 0.5,
    "f1_score": 0.36875,
    "precision": 0.3177083333333333,
    "recall": 0.5,
    "sigui": 0.3126186872816958,
    "sse": 160.27360212965493,
    "sc": 0.4701509085744656,
    "ch": 51.31151354354651,
    "db": 0.8459556584929925,
    "bic": -833.0464330153742,
    "xb": 30.88501975434203
}