{
    "dataset": "blobs-P5-K4-N128-dt0.10-S0",
    "algorithm": "kmeans",
    "k": 8,
    "n": 128,
    "d": 5,
    "k_true": 4,
    "rand_score": 0.9207677165354331,
    "adjusted_rand_score": 0.7587858482664245,
    "accuracy": 0.7265625,
    "f1_score": 0.4058741905642923,
    "precision": 0.5,
    "recall": 0.36328125,
    "sigui": 0.15267519449211386,
    "sse": 25.311486432634844,
    "sc": 0.49707560053910194,
    "ch": 416.31365283447826,
    "db": 1.0567006130049699,
    "bic": -235.37548649069217,
    "xb": 86.20201455911494
}