{
    "dataset": "blobs-P5-K4-N1024-dt0.90-S8",
    "algorithm": "kmeans",
    "k": 20,
    "n": 1024,
    "d": 5,
    "k_true": 4,
    "rand_score": 0.73988880742913,
    "adjusted_rand_score": 0.05388426466730857,
    "accuracy": 0.1513671875,
    "f1_score": 0.05033811695031097,
    "precision": 0.15111540162288373,
    "recall": 0.0302734375,
    "sigui": 0.3897717608976005,
    "sse": 1880.2947409885376,
    "sc": 0.13341128185389878,
    "ch": 91.04575074665574,
    "db": 1.4916428058488358,
    "bic": -8163.838146326102,
    "xb": 963.5609279012799
}