{
    "dataset": "blobs-P2-K4-N1024-dt0.70-S6",
    "algorithm": "kmeans",
    "k": 25,
    "n": 1024,
    "d": 2,
    "k_true": 4,
    "rand_score": 0.7674960288367546,
    "adjusted_rand_score": 0.14370344489670142,
    "accuracy": 0.19140625,
    "f1_score": 0.050216081856318685,
    "precision": 0.14133786848072563,
    "recall": 0.030625,
    "sigui": 0.1498605461505432,
    "sse": 91.89659071941557,
    "sc": 0.3458397148584059,
    "ch": 886.0263887254491,
    "db": 0.8254960617853905,
    "bic": -3204.4840807194505,
    "xb": 448.5334814112958
}