{
    "dataset": "blobs-P10-K32-N1024-dt0.10-S0",
    "algorithm": "kmeans",
    "k": 2,
    "n": 1024,
    "d": 10,
    "k_true": 32,
    "rand_score": 0.4989022024682307,
    "adjusted_rand_score": 0.05343685558377218,
    "accuracy": 0.0625,
    "f1_score": 0.007791045310513973,
    "precision": 0.004171028459937353,
    "recall": 0.0625,
    "sigui": 0.5617913825173557,
    "sse": 8592.023950824114,
    "sc": 0.17026729988443756,
    "ch": 196.02267543681748,
    "db": 2.1929875982629174,
    "bic": -14384.721847734632,
    "xb": 1166.1490926968324
}