{
    "dataset": "blobs-P2-K8-N1024-dt0.40-S3",
    "algorithm": "kmeans",
    "k": 10,
    "n": 1024,
    "d": 2,
    "k_true": 8,
    "rand_score": 0.9257258828201369,
    "adjusted_rand_score": 0.6350884122605394,
    "accuracy": 0.7294921875,
    "f1_score": 0.6246900130459435,
    "precision": 0.6884528657506477,
    "recall": 0.58359375,
    "sigui": 0.1520952535050711,
    "sse": 93.643743710632,
    "sc": 0.39909873037524046,
    "ch": 2351.403625118556,
    "db": 0.9223223837023834,
    "bic": -2173.9882582734585,
    "xb": 314.3287236478074
}