{
    "dataset": "blobs-P2-K4-N1024-dt0.20-S1",
    "algorithm": "kmeans",
    "k": 4,
    "n": 1024,
    "d": 2,
    "k_true": 4,
    "rand_score": 0.9942036290322581,
    "adjusted_rand_score": 0.9845128466020909,
    "accuracy": 0.994140625,
    "f1_score": 0.9941405355916686,
    "precision": 0.9941555270707441,
    "recall": 0.994140625,
    "sigui": 0.21381341071799737,
    "sse": 221.1320813073565,
    "sc": 0.6394242378547068,
    "ch": 2808.8872889147638,
    "db": 0.5010516339116444,
    "bic": -2087.85315873426,
    "xb": 97.78613671562165
}