{
    "dataset": "blobs-P5-K2-N128-dt0.70-S6",
    "algorithm": "kmeans",
    "k": 16,
    "n": 128,
    "d": 5,
    "k_true": 2,
    "rand_score": 0.5268208661417323,
    "adjusted_rand_score": 0.047384824218216715,
    "accuracy": 0.203125,
    "f1_score": 0.03983624626043143,
    "precision": 0.10869565217391304,
    "recall": 0.025390625,
    "sigui": 0.3659023007412856,
    "sse": 215.72493597915056,
    "sc": 0.14996796004901186,
    "ch": 14.684999041225897,
    "db": 1.2462500668479877,
    "bic": -1123.5412866962126,
    "xb": 80.38112573520111
}