{
    "dataset": "blobs-P10-K4-N1024-dt0.80-S7",
    "algorithm": "kmeans",
    "k": 10,
    "n": 1024,
    "d": 10,
    "k_true": 4,
    "rand_score": 0.7346136516373412,
    "adjusted_rand_score": 0.11575358287986345,
    "accuracy": 0.3056640625,
    "f1_score": 0.16852154678979187,
    "precision": 0.2730638690523951,
    "recall": 0.122265625,
    "sigui": 0.5127987360978135,
    "sse": 6926.213443821731,
    "sc": 0.07286105819865729,
    "ch": 53.90438633716292,
    "db": 2.290922460209353,
    "bic": -15255.492040309424,
    "xb": 1591.9427602192116
}