{
    "dataset": "blobs-P10-K16-N64-dt0.80-S7",
    "algorithm": "kmeans",
    "k": 3,
    "n": 64,
    "d": 10,
    "k_true": 16,
    "rand_score": 0.6086309523809523,
    "adjusted_rand_score": 0.01027417716982259,
    "accuracy": 0.140625,
    "f1_score": 0.045720919946926133,
    "precision": 0.02799773755656109,
    "recall": 0.140625,
    "sigui": 0.5418848905673932,
    "sse": 532.822281614981,
    "sc": 0.07977322747384005,
    "ch": 6.135104562134681,
    "db": 2.4463419666498916,
    "bic": -983.2187970588859,
    "xb": 98.73853677931044
}