{
    "dataset": "blobs-P5-K2-N64-dt0.40-S3",
    "algorithm": "kmeans",
    "k": 3,
    "n": 64,
    "d": 5,
    "k_true": 2,
    "rand_score": 0.6443452380952381,
    "adjusted_rand_score": 0.28507668201889746,
    "accuracy": 0.65625,
    "f1_score": 0.4955011508683825,
    "precision": 0.5746352413019079,
    "recall": 0.4375,
    "sigui": 0.4968682705905003,
    "sse": 231.26339668937132,
    "sc": 0.1509125648362362,
    "ch": 11.702960519123785,
    "db": 1.88760544348062,
    "bic": -508.26679809611664,
    "xb": 67.23774345127033
}