{
    "dataset": "blobs-P10-K4-N128-dt0.80-S7",
    "algorithm": "kmeans",
    "k": 50,
    "n": 128,
    "d": 10,
    "k_true": 4,
    "rand_score": 0.7524606299212598,
    "adjusted_rand_score": 0.026567821469115956,
    "accuracy": 0.1328125,
    "f1_score": 0.018008534850640114,
    "precision": 0.059333333333333335,
    "recall": 0.010625,
    "sigui": 0.30260584223742126,
    "sse": 287.353404027175,
    "sc": 0.07698567958572833,
    "ch": 5.498912815694162,
    "db": 1.031341907619073,
    "bic": -2739.0555271972466,
    "xb": 96.32917098871874
}