{
    "dataset": "blobs-P5-K32-N1024-dt0.40-S3",
    "algorithm": "kmeans",
    "k": 3,
    "n": 1024,
    "d": 5,
    "k_true": 32,
    "rand_score": 0.6836338434750733,
    "adjusted_rand_score": 0.10079755128847921,
    "accuracy": 0.09375,
    "f1_score": 0.01650977931596742,
    "precision": 0.009080454498489151,
    "recall": 0.09375,
    "sigui": 0.4955749275842598,
    "sse": 3378.3690515387602,
    "sc": 0.22357173321059598,
    "ch": 263.17509591928655,
    "db": 1.5713323544624724,
    "bic": -7372.663327969189,
    "xb": 702.8564731894991
}