{
    "dataset": "blobs-P2-K32-N1024-dt0.90-S8",
    "algorithm": "kmeans",
    "k": 3,
    "n": 1024,
    "d": 2,
    "k_true": 32,
    "rand_score": 0.6544247922776149,
    "adjusted_rand_score": 0.08851007881398143,
    "accuracy": 0.09375,
    "f1_score": 0.01766634840528314,
    "precision": 0.0098508868670159,
    "recall": 0.09375,
    "sigui": 0.3601860603395947,
    "sse": 870.842145185055,
    "sc": 0.34445696087499666,
    "ch": 690.0731482421374,
    "db": 1.1231998596638886,
    "bic": -3127.988422917092,
    "xb": 458.0847535987609
}