{
    "dataset": "blobs-P2-K4-N64-dt0.10-S0",
    "algorithm": "kmeans",
    "k": 8,
    "n": 64,
    "d": 2,
    "k_true": 4,
    "rand_score": 0.9012896825396826,
    "adjusted_rand_score": 0.682712018829246,
    "accuracy": 0.671875,
    "f1_score": 0.3911875161875162,
    "precision": 0.5,
    "recall": 0.3359375,
    "sigui": 0.052614078065024474,
    "sse": 0.759821286266754,
    "sc": 0.5033247461660755,
    "ch": 1339.6853287846689,
    "db": 0.7116040649964384,
    "bic": -30.528153411154953,
    "xb": 31.032430980866437
}