{
    "dataset": "blobs-P10-K32-N1024-dt0.10-S0",
    "algorithm": "kmeans",
    "k": 50,
    "n": 1024,
    "d": 10,
    "k_true": 32,
    "rand_score": 0.9932146566471163,
    "adjusted_rand_score": 0.870497353235413,
    "accuracy": 0.8271484375,
    "f1_score": 0.5707273422630442,
    "precision": 0.64,
    "recall": 0.529375,
    "sigui": 0.17463336752301806,
    "sse": 481.3260102598844,
    "sc": 0.37777526836098946,
    "ch": 403.0086386103538,
    "db": 1.5956203774526876,
    "bic": -4667.875057626479,
    "xb": 2055.420913625528
}