{
    "dataset": "blobs-P2-K16-N1024-dt0.40-S3",
    "algorithm": "kmeans",
    "k": 10,
    "n": 1024,
    "d": 2,
    "k_true": 16,
    "rand_score": 0.9364766617790812,
    "adjusted_rand_score": 0.6264122623224085,
    "accuracy": 0.623046875,
    "f1_score": 0.5185258999433107,
    "precision": 0.47670983438104453,
    "recall": 0.623046875,
    "sigui": 0.12600290929473548,
    "sse": 65.45349971116717,
    "sc": 0.6561635394340419,
    "ch": 3412.7219439601186,
    "db": 0.45214211813850386,
    "bic": -1725.425718090208,
    "xb": 162.51098619761902
}