{
    "dataset": "blobs-P5-K8-N128-dt0.50-S4",
    "algorithm": "kmeans",
    "k": 8,
    "n": 128,
    "d": 5,
    "k_true": 8,
    "rand_score": 0.8531003937007874,
    "adjusted_rand_score": 0.3073360131554906,
    "accuracy": 0.5546875,
    "f1_score": 0.55211190549688,
    "precision": 0.5595775870156674,
    "recall": 0.5546875,
    "sigui": 0.413343224506592,
    "sse": 263.9170078087879,
    "sc": 0.16316984813154692,
    "ch": 24.428653016797103,
    "db": 1.5498967440371514,
    "bic": -1005.4622856828954,
    "xb": 121.38914293015259
}