{
    "dataset": "blobs-P10-K32-N1024-dt0.80-S7",
    "algorithm": "kmeans",
    "k": 50,
    "n": 1024,
    "d": 10,
    "k_true": 32,
    "rand_score": 0.956086189516129,
    "adjusted_rand_score": 0.10986528942193013,
    "accuracy": 0.2548828125,
    "f1_score": 0.19177032730175914,
    "precision": 0.23935893211664003,
    "recall": 0.163125,
    "sigui": 0.4402085311647845,
    "sse": 4645.414476583598,
    "sc": 0.0806808790288312,
    "ch": 23.9390176571568,
    "db": 1.8440783197138761,
    "bic": -16369.068411761185,
    "xb": 1094.0188600377674
}