{
    "dataset": "blobs-P10-K4-N128-dt0.80-S7",
    "algorithm": "kmeans",
    "k": 2,
    "n": 128,
    "d": 10,
    "k_true": 4,
    "rand_score": 0.5546259842519685,
    "adjusted_rand_score": 0.10745348367657566,
    "accuracy": 0.4140625,
    "f1_score": 0.27543478260869564,
    "precision": 0.20661764705882352,
    "recall": 0.4140625,
    "sigui": 0.5608292918046087,
    "sse": 1132.249100790973,
    "sc": 0.10383672885544695,
    "ch": 16.442153310019943,
    "db": 2.6901827200492074,
    "bic": -1879.6666760209387,
    "xb": 221.3852121593896
}