{
    "dataset": "blobs-P5-K8-N64-dt0.20-S1",
    "algorithm": "kmeans",
    "k": 2,
    "n": 64,
    "d": 5,
    "k_true": 8,
    "rand_score": 0.5873015873015873,
    "adjusted_rand_score": 0.20408163265306123,
    "accuracy": 0.25,
    "f1_score": 0.10416666666666666,
    "precision": 0.06666666666666667,
    "recall": 0.25,
    "sigui": 0.48985255367251124,
    "sse": 196.264848218228,
    "sc": 0.35375436355347617,
    "ch": 39.08789312052348,
    "db": 1.1488045867276384,
    "bic": -443.21651093288256,
    "xb": 23.375656852642773
}