{
    "dataset": "blobs-P2-K2-N1024-dt1.00-S9",
    "algorithm": "kmeans",
    "k": 3,
    "n": 1024,
    "d": 2,
    "k_true": 2,
    "rand_score": 0.5353796279325513,
    "adjusted_rand_score": 0.07045569053349456,
    "accuracy": 0.458984375,
    "f1_score": 0.36471687130267627,
    "precision": 0.4514078712677192,
    "recall": 0.3059895833333333,
    "sigui": 0.38305762633306983,
    "sse": 942.1474341440256,
    "sc": 0.3297546376641214,
    "ch": 599.2031760744305,
    "db": 0.9472596251500551,
    "bic": -3266.64558993321,
    "xb": 268.72780877920525
}