{
    "dataset": "blobs-P5-K16-N64-dt0.10-S0",
    "algorithm": "kmeans",
    "k": 10,
    "n": 64,
    "d": 5,
    "k_true": 16,
    "rand_score": 0.9365079365079365,
    "adjusted_rand_score": 0.5714285714285714,
    "accuracy": 0.625,
    "f1_score": 0.5208333333333333,
    "precision": 0.47916666666666663,
    "recall": 0.625,
    "sigui": 0.21848779937881369,
    "sse": 40.49693017885356,
    "sc": 0.6346859608091664,
    "ch": 41.41100106897913,
    "db": 0.5883615555462673,
    "bic": -390.264125802766,
    "xb": 15.649673157038283
}