{
    "dataset": "blobs-P2-K4-N128-dt0.80-S7",
    "algorithm": "kmeans",
    "k": 16,
    "n": 128,
    "d": 2,
    "k_true": 4,
    "rand_score": 0.7714074803149606,
    "adjusted_rand_score": 0.1986973559994295,
    "accuracy": 0.34375,
    "f1_score": 0.11808506235514843,
    "precision": 0.2087171052631579,
    "recall": 0.0859375,
    "sigui": 0.1639363556939613,
    "sse": 15.591465040057672,
    "sc": 0.34324350853034147,
    "ch": 115.1303222471857,
    "db": 0.8400245235067016,
    "bic": -453.7948893547566,
    "xb": 55.99381898832185
}