{
    "dataset": "blobs-P2-K32-N128-dt0.70-S6",
    "algorithm": "kmeans",
    "k": 3,
    "n": 128,
    "d": 2,
    "k_true": 32,
    "rand_score": 0.6625246062992126,
    "adjusted_rand_score": 0.08033939381139567,
    "accuracy": 0.09375,
    "f1_score": 0.017859990886306673,
    "precision": 0.010017804291527932,
    "recall": 0.09375,
    "sigui": 0.38925310589407586,
    "sse": 101.50404916985842,
    "sc": 0.3866717246369619,
    "ch": 95.12917963228601,
    "db": 0.8398143643892492,
    "bic": -400.5460388139327,
    "xb": 26.729490593256884
}