{
    "dataset": "blobs-P5-K8-N128-dt0.50-S4",
    "algorithm": "kmeans",
    "k": 20,
    "n": 128,
    "d": 5,
    "k_true": 8,
    "rand_score": 0.87623031496063,
    "adjusted_rand_score": 0.22835054659660567,
    "accuracy": 0.3828125,
    "f1_score": 0.19945767195767194,
    "precision": 0.31772186147186143,
    "recall": 0.153125,
    "sigui": 0.3242414198991542,
    "sse": 145.47204718622487,
    "sc": 0.18316245984446697,
    "ch": 19.3233067748265,
    "db": 1.1514188038484254,
    "bic": -1096.5848636249725,
    "xb": 81.73600189834316
}