{
    "dataset": "blobs-P10-K16-N1024-dt0.10-S0",
    "algorithm": "kmeans",
    "k": 10,
    "n": 1024,
    "d": 10,
    "k_true": 16,
    "rand_score": 0.9217986314760508,
    "adjusted_rand_score": 0.5753424657534246,
    "accuracy": 0.625,
    "f1_score": 0.5354166666666667,
    "precision": 0.5052083333333333,
    "recall": 0.625,
    "sigui": 0.3365022227726443,
    "sse": 2947.396704945327,
    "sc": 0.45830278322183043,
    "ch": 278.76576749833913,
    "db": 1.0144943872559273,
    "bic": -10719.648291478174,
    "xb": 359.6308832307644
}