{
    "dataset": "blobs-P2-K4-N64-dt0.70-S6",
    "algorithm": "kmeans",
    "k": 4,
    "n": 64,
    "d": 2,
    "k_true": 4,
    "rand_score": 0.751984126984127,
    "adjusted_rand_score": 0.3222308288148722,
    "accuracy": 0.65625,
    "f1_score": 0.6645833333333333,
    "precision": 0.6794642857142857,
    "recall": 0.65625,
    "sigui": 0.31736894034825597,
    "sse": 35.82639214476243,
    "sc": 0.3321338953028728,
    "ch": 51.45570197679683,
    "db": 0.9430925298610379,
    "bic": -213.21263557424265,
    "xb": 24.179596322465542
}