{
    "dataset": "blobs-P2-K16-N1024-dt0.80-S7",
    "algorithm": "kmeans",
    "k": 3,
    "n": 1024,
    "d": 2,
    "k_true": 16,
    "rand_score": 0.7179844055474096,
    "adjusted_rand_score": 0.2151926919659393,
    "accuracy": 0.1875,
    "f1_score": 0.06003890873320521,
    "precision": 0.0358464524671464,
    "recall": 0.1875,
    "sigui": 0.31566424504805346,
    "sse": 491.4422839401029,
    "sc": 0.5633039442869016,
    "ch": 1616.9197075956658,
    "db": 0.581524327685174,
    "bic": -2590.2656508166633,
    "xb": 123.32244229418329
}