{
    "dataset": "blobs-P2-K2-N64-dt0.10-S0",
    "algorithm": "kmeans",
    "k": 10,
    "n": 64,
    "d": 2,
    "k_true": 2,
    "rand_score": 0.6274801587301587,
    "adjusted_rand_score": 0.24585173023893397,
    "accuracy": 0.359375,
    "f1_score": 0.10570824524312897,
    "precision": 0.2,
    "recall": 0.071875,
    "sigui": 0.13109068054180065,
    "sse": 5.392302032412344,
    "sc": 0.44355973023731066,
    "ch": 136.42525648297584,
    "db": 0.5346944914206107,
    "bic": -177.0223331600654,
    "xb": 22.500718223933774
}