{
    "dataset": "blobs-P2-K32-N128-dt0.70-S6",
    "algorithm": "kmeans",
    "k": 2,
    "n": 128,
    "d": 2,
    "k_true": 32,
    "rand_score": 0.5257135826771654,
    "adjusted_rand_score": 0.0462846623615697,
    "accuracy": 0.0625,
    "f1_score": 0.007367280606717227,
    "precision": 0.003914851969659897,
    "recall": 0.0625,
    "sigui": 0.43523745764038513,
    "sse": 156.43573929878133,
    "sc": 0.37274197940025944,
    "ch": 80.19329153674599,
    "db": 1.1297409733094568,
    "bic": -403.3581948694319,
    "xb": 44.09718706418167
}