{
    "dataset": "blobs-P5-K32-N128-dt0.30-S2",
    "algorithm": "kmeans",
    "k": 8,
    "n": 128,
    "d": 5,
    "k_true": 32,
    "rand_score": 0.8847194881889764,
    "adjusted_rand_score": 0.2541164966999079,
    "accuracy": 0.25,
    "f1_score": 0.10668322153422773,
    "precision": 0.06872996794871794,
    "recall": 0.25,
    "sigui": 0.3755024564853088,
    "sse": 197.87248809969205,
    "sc": 0.3190624250419364,
    "ch": 38.304106084799606,
    "db": 1.0325299488325161,
    "bic": -907.6029532376502,
    "xb": 65.26459947243283
}