{
    "dataset": "blobs-P10-K8-N128-dt0.40-S3",
    "algorithm": "kmeans",
    "k": 2,
    "n": 128,
    "d": 10,
    "k_true": 8,
    "rand_score": 0.5723425196850394,
    "adjusted_rand_score": 0.14979816344139035,
    "accuracy": 0.25,
    "f1_score": 0.10101010101010101,
    "precision": 0.06349206349206349,
    "recall": 0.25,
    "sigui": 0.5570715188097195,
    "sse": 1099.291120446625,
    "sc": 0.13705354247713492,
    "ch": 20.712728776044706,
    "db": 2.4066390682281105,
    "bic": -1860.0083156294238,
    "xb": 177.17895598689472
}