{
    "dataset": "blobs-P2-K16-N1024-dt0.10-S0",
    "algorithm": "kmeans",
    "k": 8,
    "n": 1024,
    "d": 2,
    "k_true": 16,
    "rand_score": 0.9217986314760508,
    "adjusted_rand_score": 0.5753424657534246,
    "accuracy": 0.5,
    "f1_score": 0.35416666666666663,
    "precision": 0.29166666666666663,
    "recall": 0.5,
    "sigui": 0.11388795982379095,
    "sse": 49.694536527297714,
    "sc": 0.7530538468094762,
    "ch": 5836.451744615574,
    "db": 0.34509182855360465,
    "bic": -1243.5942038260107,
    "xb": 82.2671531252085
}