{
    "dataset": "blobs-P2-K8-N64-dt0.90-S8",
    "algorithm": "kmeans",
    "k": 50,
    "n": 64,
    "d": 2,
    "k_true": 8,
    "rand_score": 0.8908730158730159,
    "adjusted_rand_score": 0.06954887218045112,
    "accuracy": 0.21875,
    "f1_score": 0.05624242424242425,
    "precision": 0.16,
    "recall": 0.035,
    "sigui": 0.014547629826460746,
    "sse": 0.12303553583146841,
    "sc": 0.21561007002915997,
    "ch": 296.9570971043492,
    "db": 0.19642214877383693,
    "bic": -341.8951232500028,
    "xb": 90.6419974419188
}