{
    "dataset": "blobs-P2-K16-N1024-dt0.30-S2",
    "algorithm": "kmeans",
    "k": 25,
    "n": 1024,
    "d": 2,
    "k_true": 16,
    "rand_score": 0.9818815676930597,
    "adjusted_rand_score": 0.8206351622236675,
    "accuracy": 0.771484375,
    "f1_score": 0.5477804846239868,
    "precision": 0.6386440677966102,
    "recall": 0.49375,
    "sigui": 0.048156926224368464,
    "sse": 7.701327673619907,
    "sc": 0.4875769295372788,
    "ch": 11027.635212366775,
    "db": 0.9115188273291865,
    "bic": -668.5088100183887,
    "xb": 229.52553404914872
}