{
    "dataset": "blobs-P10-K4-N1024-dt0.60-S5",
    "algorithm": "kmeans",
    "k": 16,
    "n": 1024,
    "d": 10,
    "k_true": 4,
    "rand_score": 0.7429454576001955,
    "adjusted_rand_score": 0.08429191996934708,
    "accuracy": 0.2060546875,
    "f1_score": 0.08017558617140223,
    "precision": 0.18302710428433666,
    "recall": 0.051513671875,
    "sigui": 0.49671780737597404,
    "sse": 6323.566481657539,
    "sc": 0.07149107077585498,
    "ch": 41.619603936484175,
    "db": 2.0813825895468128,
    "bic": -15502.55220629361,
    "xb": 1401.7617778298295
}