{
    "dataset": "blobs-P2-K2-N64-dt0.60-S5",
    "algorithm": "kmeans",
    "k": 16,
    "n": 64,
    "d": 2,
    "k_true": 2,
    "rand_score": 0.5391865079365079,
    "adjusted_rand_score": 0.065437125748503,
    "accuracy": 0.203125,
    "f1_score": 0.04110576923076923,
    "precision": 0.10825892857142858,
    "recall": 0.025390625,
    "sigui": 0.14235234309999872,
    "sse": 6.912906835697451,
    "sc": 0.3889940877198328,
    "ch": 56.0514856246685,
    "db": 0.5819074108279332,
    "bic": -266.14572710753595,
    "xb": 30.607062022706785
}