{
    "dataset": "blobs-P10-K8-N64-dt0.10-S0",
    "algorithm": "kmeans",
    "k": 32,
    "n": 64,
    "d": 10,
    "k_true": 8,
    "rand_score": 0.9141865079365079,
    "adjusted_rand_score": 0.3438685208596713,
    "accuracy": 0.4375,
    "f1_score": 0.15017482517482517,
    "precision": 0.25,
    "recall": 0.109375,
    "sigui": 0.13461286941488543,
    "sse": 23.257827908603545,
    "sc": 0.12323759618967946,
    "ch": 27.373023971556403,
    "db": 0.7940882147493256,
    "bic": -854.1999383462257,
    "xb": 47.16860345224396
}