{
    "dataset": "blobs-P5-K2-N64-dt0.50-S4",
    "algorithm": "kmeans",
    "k": 20,
    "n": 64,
    "d": 5,
    "k_true": 2,
    "rand_score": 0.5252976190476191,
    "adjusted_rand_score": 0.03686959855588747,
    "accuracy": 0.15625,
    "f1_score": 0.025810810810810814,
    "precision": 0.0775,
    "recall": 0.015625,
    "sigui": 0.26548655563245244,
    "sse": 58.35868810038397,
    "sc": 0.1716647663224368,
    "ch": 10.382450594773935,
    "db": 0.9703920245309957,
    "bic": -623.1361681558129,
    "xb": 41.35142127315384
}