{
    "dataset": "blobs-P2-K2-N128-dt0.50-S4",
    "algorithm": "kmeans",
    "k": 3,
    "n": 128,
    "d": 2,
    "k_true": 2,
    "rand_score": 0.6046998031496063,
    "adjusted_rand_score": 0.20726004643165902,
    "accuracy": 0.5390625,
    "f1_score": 0.4358191075172207,
    "precision": 0.5536198219125049,
    "recall": 0.359375,
    "sigui": 0.339036918103344,
    "sse": 104.35241386510631,
    "sc": 0.3734849121003869,
    "ch": 90.82659214460332,
    "db": 0.8785278698772672,
    "bic": -410.77192824383724,
    "xb": 30.570514378245488
}