{
    "dataset": "blobs-P2-K8-N1024-dt0.10-S0",
    "algorithm": "kmeans",
    "k": 3,
    "n": 1024,
    "d": 2,
    "k_true": 8,
    "rand_score": 0.7810361681329423,
    "adjusted_rand_score": 0.426890756302521,
    "accuracy": 0.375,
    "f1_score": 0.20833333333333331,
    "precision": 0.14583333333333331,
    "recall": 0.375,
    "sigui": 0.26493787887664627,
    "sse": 263.3490644154255,
    "sc": 0.7136484738353119,
    "ch": 3459.531191569934,
    "db": 0.47267962231822164,
    "bic": -1944.9844459282695,
    "xb": 55.691419663910686
}