{
    "dataset": "blobs-P2-K2-N64-dt0.10-S0",
    "algorithm": "kmeans",
    "k": 16,
    "n": 64,
    "d": 2,
    "k_true": 2,
    "rand_score": 0.5808531746031746,
    "adjusted_rand_score": 0.15018437814280924,
    "accuracy": 0.28125,
    "f1_score": 0.05476190476190476,
    "precision": 0.125,
    "recall": 0.03515625,
    "sigui": 0.09074894509365708,
    "sse": 2.4532526928041336,
    "sc": 0.41886510201196436,
    "ch": 163.76200974381334,
    "db": 0.5670048092718594,
    "bic": -195.66210308512106,
    "xb": 53.13852388407932
}