{
    "dataset": "blobs-P2-K16-N64-dt0.20-S1",
    "algorithm": "kmeans",
    "k": 25,
    "n": 64,
    "d": 2,
    "k_true": 16,
    "rand_score": 0.9836309523809523,
    "adjusted_rand_score": 0.7868348200553675,
    "accuracy": 0.78125,
    "f1_score": 0.5485714285714286,
    "precision": 0.64,
    "recall": 0.5,
    "sigui": 0.01702954628871826,
    "sse": 0.07968353846314792,
    "sc": 0.591362196838832,
    "ch": 2608.700846613801,
    "db": 0.3939909895164581,
    "bic": -71.81876451370516,
    "xb": 96.46534727896639
}