{
    "dataset": "blobs-P10-K4-N1024-dt0.80-S7",
    "algorithm": "kmeans",
    "k": 20,
    "n": 1024,
    "d": 10,
    "k_true": 4,
    "rand_score": 0.7398735337243402,
    "adjusted_rand_score": 0.052654244395578365,
    "accuracy": 0.1455078125,
    "f1_score": 0.047195974852386205,
    "precision": 0.12665259148865707,
    "recall": 0.0291015625,
    "sigui": 0.4838617380232895,
    "sse": 5886.194708656318,
    "sc": 0.07911936397038834,
    "ch": 39.08539368603303,
    "db": 2.0342213790744705,
    "bic": -15512.247089533119,
    "xb": 1406.6995076110777
}