{
    "dataset": "blobs-P5-K16-N1024-dt0.90-S8",
    "algorithm": "kmeans",
    "k": 20,
    "n": 1024,
    "d": 5,
    "k_true": 16,
    "rand_score": 0.9267625855327468,
    "adjusted_rand_score": 0.3264814179399273,
    "accuracy": 0.5087890625,
    "f1_score": 0.4401318528443448,
    "precision": 0.4959709002709455,
    "recall": 0.40703125,
    "sigui": 0.37143930222691474,
    "sse": 1484.8344649356286,
    "sc": 0.16281675430817497,
    "ch": 129.36782138957346,
    "db": 1.5170216046537552,
    "bic": -7534.011036659258,
    "xb": 832.4344771058204
}