{
    "dataset": "blobs-P5-K8-N64-dt0.90-S8",
    "algorithm": "kmeans",
    "k": 32,
    "n": 64,
    "d": 5,
    "k_true": 8,
    "rand_score": 0.8725198412698413,
    "adjusted_rand_score": 0.05860805860805861,
    "accuracy": 0.25,
    "f1_score": 0.08403263403263403,
    "precision": 0.1375,
    "recall": 0.0625,
    "sigui": 0.17638299310326633,
    "sse": 30.729815974860283,
    "sc": 0.14377706938898965,
    "ch": 9.716995393929391,
    "db": 0.6230291132137034,
    "bic": -717.3718239858464,
    "xb": 28.76454537316136
}