{
    "dataset": "blobs-P10-K4-N128-dt0.20-S1",
    "algorithm": "kmeans",
    "k": 16,
    "n": 128,
    "d": 10,
    "k_true": 4,
    "rand_score": 0.8225885826771654,
    "adjusted_rand_score": 0.3686297223313958,
    "accuracy": 0.40625,
    "f1_score": 0.14400474855910178,
    "precision": 0.25,
    "recall": 0.1015625,
    "sigui": 0.38038001569560276,
    "sse": 406.67871825903194,
    "sc": 0.0915563312317965,
    "ch": 16.034276225667906,
    "db": 1.7960130406306232,
    "bic": -1851.5906598551794,
    "xb": 202.0459581802593
}