{
    "dataset": "blobs-P2-K4-N128-dt0.80-S7",
    "algorithm": "kmeans",
    "k": 4,
    "n": 128,
    "d": 2,
    "k_true": 4,
    "rand_score": 0.8556840551181102,
    "adjusted_rand_score": 0.6100572463635341,
    "accuracy": 0.828125,
    "f1_score": 0.8289087023308623,
    "precision": 0.8327012496367335,
    "recall": 0.828125,
    "sigui": 0.26766660360559874,
    "sse": 59.95487383787895,
    "sc": 0.3931552945309353,
    "ch": 135.15495954416986,
    "db": 0.850523366319583,
    "bic": -383.55182994816823,
    "xb": 44.344866627560165
}