{
    "dataset": "blobs-P2-K16-N64-dt0.70-S6",
    "algorithm": "kmeans",
    "k": 4,
    "n": 64,
    "d": 2,
    "k_true": 16,
    "rand_score": 0.8015873015873016,
    "adjusted_rand_score": 0.26573426573426573,
    "accuracy": 0.25,
    "f1_score": 0.10208333333333333,
    "precision": 0.06458333333333333,
    "recall": 0.25,
    "sigui": 0.2638071775428938,
    "sse": 25.922679967212737,
    "sc": 0.4687677424501031,
    "ch": 78.75522142147004,
    "db": 0.7096793154227338,
    "bic": -192.2176808030252,
    "xb": 18.593972019938214
}