{
    "dataset": "blobs-P2-K2-N1024-dt0.80-S7",
    "algorithm": "kmeans",
    "k": 20,
    "n": 1024,
    "d": 2,
    "k_true": 2,
    "rand_score": 0.5138723423753666,
    "adjusted_rand_score": 0.026906908754834414,
    "accuracy": 0.1201171875,
    "f1_score": 0.020669371425988292,
    "precision": 0.07477967097532315,
    "recall": 0.01201171875,
    "sigui": 0.1985479001362304,
    "sse": 179.54812638316818,
    "sc": 0.32400549425659536,
    "ch": 549.8967467591509,
    "db": 0.8031245028133055,
    "bic": -3561.0125911103114,
    "xb": 368.56421640717656
}