{
    "dataset": "blobs-P5-K4-N1024-dt0.70-S6",
    "algorithm": "kmeans",
    "k": 4,
    "n": 1024,
    "d": 5,
    "k_true": 4,
    "rand_score": 0.7150022146871945,
    "adjusted_rand_score": 0.24006434945507896,
    "accuracy": 0.591796875,
    "f1_score": 0.5899496038928436,
    "precision": 0.5898236076439657,
    "recall": 0.591796875,
    "sigui": 0.4919357341392261,
    "sse": 3314.7147714236708,
    "sc": 0.15390801841762772,
    "ch": 185.17339199364258,
    "db": 1.7105982818811485,
    "bic": -7651.596464415573,
    "xb": 863.3304432671291
}