{
    "dataset": "blobs-P5-K16-N64-dt0.80-S7",
    "algorithm": "kmeans",
    "k": 2,
    "n": 64,
    "d": 5,
    "k_true": 16,
    "rand_score": 0.4052579365079365,
    "adjusted_rand_score": 0.04462151394422311,
    "accuracy": 0.125,
    "f1_score": 0.03574975173783515,
    "precision": 0.021768707482993196,
    "recall": 0.125,
    "sigui": 0.529806446143454,
    "sse": 240.4673024981625,
    "sc": 0.2737222666813363,
    "ch": 20.50601971197978,
    "db": 1.4027591556719345,
    "bic": -468.2240910727385,
    "xb": 33.31753979577869
}