{
    "dataset": "blobs-P5-K4-N128-dt0.80-S7",
    "algorithm": "kmeans",
    "k": 10,
    "n": 128,
    "d": 5,
    "k_true": 4,
    "rand_score": 0.7465551181102362,
    "adjusted_rand_score": 0.14078715745776516,
    "accuracy": 0.3203125,
    "f1_score": 0.17527997364953887,
    "precision": 0.2794642857142857,
    "recall": 0.128125,
    "sigui": 0.3941755606036502,
    "sse": 255.7591124807803,
    "sc": 0.1692188895283088,
    "ch": 19.697538519082165,
    "db": 1.3771617272055359,
    "bic": -1051.5312296565885,
    "xb": 86.76447416975842
}