{
    "dataset": "blobs-P10-K2-N64-dt0.90-S8",
    "algorithm": "kmeans",
    "k": 32,
    "n": 64,
    "d": 10,
    "k_true": 2,
    "rand_score": 0.5089285714285714,
    "adjusted_rand_score": 0.0031008247554504187,
    "accuracy": 0.125,
    "f1_score": 0.013580827067669173,
    "precision": 0.05729166666666667,
    "recall": 0.0078125,
    "sigui": 0.26249123088135395,
    "sse": 147.8818854343532,
    "sc": 0.029718905329495997,
    "ch": 3.4351258841662955,
    "db": 0.9368301648003576,
    "bic": -1439.875142411694,
    "xb": 39.9811109456265
}