{
    "dataset": "blobs-P10-K8-N1024-dt0.20-S1",
    "algorithm": "kmeans",
    "k": 50,
    "n": 1024,
    "d": 10,
    "k_true": 8,
    "rand_score": 0.8962819984115347,
    "adjusted_rand_score": 0.2578435658876281,
    "accuracy": 0.21484375,
    "f1_score": 0.05645225241671589,
    "precision": 0.16,
    "recall": 0.034375,
    "sigui": 0.2955459108041225,
    "sse": 1640.8427011045317,
    "sc": 0.0966029571345001,
    "ch": 104.17219629050884,
    "db": 2.0316455668418496,
    "bic": -11026.035475741133,
    "xb": 1859.5355348550436
}