{
    "dataset": "blobs-P2-K32-N1024-dt0.90-S8",
    "algorithm": "kmeans",
    "k": 8,
    "n": 1024,
    "d": 2,
    "k_true": 32,
    "rand_score": 0.8741446725317693,
    "adjusted_rand_score": 0.27185382449459955,
    "accuracy": 0.25,
    "f1_score": 0.11959329650256213,
    "precision": 0.08850659096962979,
    "recall": 0.25,
    "sigui": 0.20184769761588364,
    "sse": 193.5675354354564,
    "sc": 0.48188533584002513,
    "ch": 1390.5101683495716,
    "db": 0.7043480704444853,
    "bic": -2581.084654889345,
    "xb": 281.57480584519277
}