{
    "dataset": "blobs-P10-K32-N128-dt0.40-S3",
    "algorithm": "kmeans",
    "k": 50,
    "n": 128,
    "d": 10,
    "k_true": 32,
    "rand_score": 0.9704724409448819,
    "adjusted_rand_score": 0.3145941083876771,
    "accuracy": 0.5546875,
    "f1_score": 0.39498257298257294,
    "precision": 0.5007619047619047,
    "recall": 0.355,
    "sigui": 0.2904463743493959,
    "sse": 250.23117829375772,
    "sc": 0.12803191946478287,
    "ch": 6.550837708601074,
    "db": 0.9772969914561866,
    "bic": -2651.744693044133,
    "xb": 84.15985860580452
}