{
    "dataset": "blobs-P10-K32-N128-dt0.30-S2",
    "algorithm": "kmeans",
    "k": 32,
    "n": 128,
    "d": 10,
    "k_true": 32,
    "rand_score": 0.98314468503937,
    "adjusted_rand_score": 0.6794052072008991,
    "accuracy": 0.7890625,
    "f1_score": 0.7634271978021978,
    "precision": 0.7732638888888889,
    "recall": 0.7890625,
    "sigui": 0.3098364833210058,
    "sse": 253.23428883595724,
    "sc": 0.22074652698322533,
    "ch": 12.556204658417794,
    "db": 1.0692676651641926,
    "bic": -2088.0331456073595,
    "xb": 83.1079550601105
}