{
    "dataset": "blobs-P5-K8-N1024-dt0.50-S4",
    "algorithm": "kmeans",
    "k": 20,
    "n": 1024,
    "d": 5,
    "k_true": 8,
    "rand_score": 0.8741446725317693,
    "adjusted_rand_score": 0.22453879279297015,
    "accuracy": 0.3486328125,
    "f1_score": 0.1919442647318918,
    "precision": 0.31322269810848685,
    "recall": 0.139453125,
    "sigui": 0.3798916074917756,
    "sse": 1602.6054349864664,
    "sc": 0.14561023348286467,
    "ch": 115.9777258948795,
    "db": 1.5813365650074371,
    "bic": -7758.816462308278,
    "xb": 868.4841308007614
}