{
    "dataset": "blobs-P2-K8-N128-dt0.50-S4",
    "algorithm": "kmeans",
    "k": 10,
    "n": 128,
    "d": 2,
    "k_true": 8,
    "rand_score": 0.9245816929133859,
    "adjusted_rand_score": 0.6181621992790053,
    "accuracy": 0.734375,
    "f1_score": 0.6148901552958348,
    "precision": 0.6575909470646313,
    "recall": 0.5875,
    "sigui": 0.15191355176692892,
    "sse": 12.613426265208041,
    "sc": 0.42803744076226796,
    "ch": 252.98981768272645,
    "db": 0.8021500017669905,
    "bic": -338.17497928654166,
    "xb": 46.810306172951826
}