{
    "dataset": "blobs-P5-K4-N64-dt0.20-S1",
    "algorithm": "kmeans",
    "k": 20,
    "n": 64,
    "d": 5,
    "k_true": 4,
    "rand_score": 0.8293650793650794,
    "adjusted_rand_score": 0.3794880604707095,
    "accuracy": 0.46875,
    "f1_score": 0.1243741765480896,
    "precision": 0.2,
    "recall": 0.09375,
    "sigui": 0.15092498106948538,
    "sse": 14.103371833993497,
    "sc": 0.18356736556275122,
    "ch": 50.228569442867986,
    "db": 0.9160262459889104,
    "bic": -387.5583038703599,
    "xb": 58.51361000404343
}