{
    "dataset": "blobs-P10-K16-N128-dt0.20-S1",
    "algorithm": "kmeans",
    "k": 10,
    "n": 128,
    "d": 10,
    "k_true": 16,
    "rand_score": 0.9333169291338582,
    "adjusted_rand_score": 0.5797526160909435,
    "accuracy": 0.625,
    "f1_score": 0.516978388052242,
    "precision": 0.4694052143508665,
    "recall": 0.625,
    "sigui": 0.3724152265713325,
    "sse": 392.0876122194703,
    "sc": 0.3561176030795907,
    "ch": 29.69111395084368,
    "db": 1.104437460556019,
    "bic": -1609.172310007965,
    "xb": 55.205141812637244
}