{
    "dataset": "blobs-P2-K16-N128-dt0.10-S0",
    "algorithm": "kmeans",
    "k": 25,
    "n": 128,
    "d": 2,
    "k_true": 16,
    "rand_score": 0.9860974409448819,
    "adjusted_rand_score": 0.8485398570991335,
    "accuracy": 0.8203125,
    "f1_score": 0.5674432234432234,
    "precision": 0.64,
    "recall": 0.525,
    "sigui": 0.01086242104339739,
    "sse": 0.05514010399444958,
    "sc": 0.6805579793213883,
    "ch": 19920.71004855061,
    "db": 0.46470871979309897,
    "bic": 135.80111967558105,
    "xb": 98.67029111682851
}