{
    "dataset": "blobs-P5-K32-N128-dt0.70-S6",
    "algorithm": "kmeans",
    "k": 8,
    "n": 128,
    "d": 5,
    "k_true": 32,
    "rand_score": 0.8925935039370079,
    "adjusted_rand_score": 0.26727379669955653,
    "accuracy": 0.25,
    "f1_score": 0.10629732475127211,
    "precision": 0.06922123015873015,
    "recall": 0.25,
    "sigui": 0.3667262412376602,
    "sse": 187.89619824310603,
    "sc": 0.3381786788191631,
    "ch": 41.24804524907626,
    "db": 1.0103997251200698,
    "bic": -893.4781250863107,
    "xb": 45.45663189957414
}