{
    "dataset": "blobs-P5-K16-N64-dt0.30-S2",
    "algorithm": "kmeans",
    "k": 50,
    "n": 64,
    "d": 5,
    "k_true": 16,
    "rand_score": 0.9598214285714286,
    "adjusted_rand_score": 0.27276613937580163,
    "accuracy": 0.453125,
    "f1_score": 0.19276190476190472,
    "precision": 0.32,
    "recall": 0.145,
    "sigui": 0.04542453164746736,
    "sse": 2.9760472307653236,
    "sc": 0.13134390275478702,
    "ch": 30.435764353272074,
    "db": 0.2854595436998219,
    "bic": -692.8195642332392,
    "xb": 23.726998117240424
}