{
    "dataset": "blobs-P5-K4-N128-dt0.60-S5",
    "algorithm": "kmeans",
    "k": 16,
    "n": 128,
    "d": 5,
    "k_true": 4,
    "rand_score": 0.7917076771653543,
    "adjusted_rand_score": 0.24879901335671836,
    "accuracy": 0.328125,
    "f1_score": 0.12086563307493539,
    "precision": 0.23557692307692307,
    "recall": 0.08203125,
    "sigui": 0.31475241671267284,
    "sse": 136.56092674184757,
    "sc": 0.17631495083092127,
    "ch": 27.52626125700052,
    "db": 1.3839208603940443,
    "bic": -993.9727390237749,
    "xb": 88.12762903520591
}