{
    "dataset": "blobs-P2-K4-N1024-dt0.10-S0",
    "algorithm": "kmeans",
    "k": 3,
    "n": 1024,
    "d": 2,
    "k_true": 4,
    "rand_score": 0.8748778103616813,
    "adjusted_rand_score": 0.7136859781696053,
    "accuracy": 0.75,
    "f1_score": 0.6666666666666666,
    "precision": 0.625,
    "recall": 0.75,
    "sigui": 0.21715583057080398,
    "sse": 238.90427773440686,
    "sc": 0.7529567227068252,
    "ch": 3865.7464611969044,
    "db": 0.3742489450148407,
    "bic": -1801.7348409514634,
    "xb": 54.214240203601015
}