{
    "dataset": "blobs-P10-K32-N128-dt0.30-S2",
    "algorithm": "kmeans",
    "k": 25,
    "n": 128,
    "d": 10,
    "k_true": 32,
    "rand_score": 0.9751476377952756,
    "adjusted_rand_score": 0.5950178385375556,
    "accuracy": 0.75,
    "f1_score": 0.6790426587301588,
    "precision": 0.6411458333333333,
    "recall": 0.75,
    "sigui": 0.34009573618040506,
    "sse": 315.1304732234083,
    "sc": 0.23435320323862074,
    "ch": 13.140266453425136,
    "db": 1.1465150578222236,
    "bic": -2003.4281448310696,
    "xb": 73.22153915490678
}