{
    "dataset": "blobs-P5-K4-N64-dt0.30-S2",
    "algorithm": "kmeans",
    "k": 4,
    "n": 64,
    "d": 5,
    "k_true": 4,
    "rand_score": 0.9330357142857143,
    "adjusted_rand_score": 0.8166116825150398,
    "accuracy": 0.921875,
    "f1_score": 0.9211822660098522,
    "precision": 0.9281376518218625,
    "recall": 0.921875,
    "sigui": 0.36079448665137065,
    "sse": 93.38406644071229,
    "sc": 0.4143737942796722,
    "ch": 48.53417551765358,
    "db": 1.04272091859371,
    "bic": -395.3940453855872,
    "xb": 24.588117859526548
}