{
    "dataset": "blobs-P5-K4-N1024-dt0.30-S2",
    "algorithm": "kmeans",
    "k": 10,
    "n": 1024,
    "d": 5,
    "k_true": 4,
    "rand_score": 0.8016804893695014,
    "adjusted_rand_score": 0.34062428988858307,
    "accuracy": 0.431640625,
    "f1_score": 0.23563586707175097,
    "precision": 0.3737979372043991,
    "recall": 0.17265625,
    "sigui": 0.394343590597137,
    "sse": 1900.0295751415415,
    "sc": 0.16069391074387712,
    "ch": 190.93562504521935,
    "db": 1.623167136461733,
    "bic": -7274.909585961051,
    "xb": 836.7218797531077
}