{
    "dataset": "blobs-P2-K4-N64-dt0.90-S8",
    "algorithm": "kmeans",
    "k": 4,
    "n": 64,
    "d": 2,
    "k_true": 4,
    "rand_score": 0.7514880952380952,
    "adjusted_rand_score": 0.3446084843954401,
    "accuracy": 0.671875,
    "f1_score": 0.6670743837743417,
    "precision": 0.6968269230769231,
    "recall": 0.671875,
    "sigui": 0.3344606357427721,
    "sse": 34.907456321480254,
    "sc": 0.40725659049668833,
    "ch": 53.33676726323677,
    "db": 0.796580482171412,
    "bic": -208.51579788524606,
    "xb": 16.88668591415622
}