{
    "dataset": "blobs-P2-K32-N64-dt0.10-S0",
    "algorithm": "kmeans",
    "k": 4,
    "n": 64,
    "d": 2,
    "k_true": 32,
    "rand_score": 0.7718253968253969,
    "adjusted_rand_score": 0.09516672911202698,
    "accuracy": 0.125,
    "f1_score": 0.028373015873015873,
    "precision": 0.016059027777777776,
    "recall": 0.125,
    "sigui": 0.3154953374380026,
    "sse": 27.12151386478719,
    "sc": 0.45203862137056,
    "ch": 74.39001129371829,
    "db": 0.7253500282793589,
    "bic": -195.3337399889532,
    "xb": 11.71802111839063
}