{
    "dataset": "blobs-P2-K16-N64-dt0.80-S7",
    "algorithm": "kmeans",
    "k": 8,
    "n": 64,
    "d": 2,
    "k_true": 16,
    "rand_score": 0.9126984126984127,
    "adjusted_rand_score": 0.4475336322869955,
    "accuracy": 0.46875,
    "f1_score": 0.3143419080919081,
    "precision": 0.24751984126984128,
    "recall": 0.46875,
    "sigui": 0.17341714565036329,
    "sse": 8.309424460878798,
    "sc": 0.4499659946089589,
    "ch": 115.23356507072725,
    "db": 0.7319517881625679,
    "bic": -187.0355739858438,
    "xb": 33.29886515205594
}