{
    "dataset": "blobs-P5-K8-N1024-dt0.20-S1",
    "algorithm": "kmeans",
    "k": 16,
    "n": 1024,
    "d": 5,
    "k_true": 8,
    "rand_score": 0.9480732221407625,
    "adjusted_rand_score": 0.7097572752063585,
    "accuracy": 0.6318359375,
    "f1_score": 0.37771768167974856,
    "precision": 0.49916666666666665,
    "recall": 0.31591796875,
    "sigui": 0.2162998135667913,
    "sse": 439.6907147926149,
    "sc": 0.28356311664561323,
    "ch": 715.3136816052202,
    "db": 1.4268627176853923,
    "bic": -4067.254255829853,
    "xb": 821.7479791798874
}