{
    "dataset": "blobs-P5-K4-N64-dt0.90-S8",
    "algorithm": "kmeans",
    "k": 4,
    "n": 64,
    "d": 5,
    "k_true": 4,
    "rand_score": 0.6622023809523809,
    "adjusted_rand_score": 0.11157358514008822,
    "accuracy": 0.453125,
    "f1_score": 0.42547845031964815,
    "precision": 0.41778013653013657,
    "recall": 0.453125,
    "sigui": 0.47367469867652,
    "sse": 197.22148441338496,
    "sc": 0.16425389455518735,
    "ch": 12.45082562397369,
    "db": 1.5388151174219147,
    "bic": -511.10485123952367,
    "xb": 43.40840228455589
}