{
    "dataset": "blobs-P5-K32-N128-dt0.70-S6",
    "algorithm": "kmeans",
    "k": 2,
    "n": 128,
    "d": 5,
    "k_true": 32,
    "rand_score": 0.5009842519685039,
    "adjusted_rand_score": 0.03891994357914219,
    "accuracy": 0.0625,
    "f1_score": 0.0076784101174345075,
    "precision": 0.0041025641025641026,
    "recall": 0.0625,
    "sigui": 0.5200055748564435,
    "sse": 483.80430364503536,
    "sc": 0.23961285430011464,
    "ch": 40.67896377202374,
    "db": 1.667155988817509,
    "bic": -933.3756936246868,
    "xb": 86.89903676347156
}