{
    "dataset": "blobs-P5-K2-N1024-dt0.10-S0",
    "algorithm": "kmeans",
    "k": 8,
    "n": 1024,
    "d": 5,
    "k_true": 2,
    "rand_score": 0.6266438324780058,
    "adjusted_rand_score": 0.2527415089533833,
    "accuracy": 0.28125,
    "f1_score": 0.10971165756808827,
    "precision": 0.25,
    "recall": 0.0703125,
    "sigui": 0.31390331605560284,
    "sse": 1034.7427891101643,
    "sc": 0.23979570438644615,
    "ch": 573.0370001050401,
    "db": 1.202006415947061,
    "bic": -5458.700533602454,
    "xb": 462.893725211555
}