{
    "dataset": "blobs-P5-K32-N1024-dt0.80-S7",
    "algorithm": "kmeans",
    "k": 50,
    "n": 1024,
    "d": 5,
    "k_true": 32,
    "rand_score": 0.9594387677174976,
    "adjusted_rand_score": 0.1929037093147881,
    "accuracy": 0.3359375,
    "f1_score": 0.25276002070750037,
    "precision": 0.3243260805463573,
    "recall": 0.215,
    "sigui": 0.3215531296608968,
    "sse": 1082.7951188529817,
    "sc": 0.15530127062282417,
    "ch": 74.11350920186108,
    "db": 1.4018946756762023,
    "bic": -8280.170095446763,
    "xb": 994.1451197280942
}