{
    "dataset": "blobs-P10-K8-N1024-dt0.70-S6",
    "algorithm": "kmeans",
    "k": 2,
    "n": 1024,
    "d": 10,
    "k_true": 8,
    "rand_score": 0.5467451735092864,
    "adjusted_rand_score": 0.09386488042630504,
    "accuracy": 0.2353515625,
    "f1_score": 0.09422043010752687,
    "precision": 0.05891825600586833,
    "recall": 0.2353515625,
    "sigui": 0.5600992302055623,
    "sse": 9256.987574216091,
    "sc": 0.09259776261266073,
    "ch": 108.52760588654391,
    "db": 2.9862347638615256,
    "bic": -14798.462360349025,
    "xb": 2131.0040981056695
}