{
    "dataset": "blobs-P5-K2-N64-dt0.10-S0",
    "algorithm": "kmeans",
    "k": 20,
    "n": 64,
    "d": 5,
    "k_true": 2,
    "rand_score": 0.5654761904761905,
    "adjusted_rand_score": 0.11857151983645307,
    "accuracy": 0.234375,
    "f1_score": 0.037948717948717944,
    "precision": 0.1,
    "recall": 0.0234375,
    "sigui": 0.18461923510296635,
    "sse": 24.90226573427711,
    "sc": 0.16908963660573856,
    "ch": 27.442652568756692,
    "db": 0.8801133242099553,
    "bic": -482.2574442205429,
    "xb": 45.59398130150997
}