{
    "dataset": "blobs-P5-K2-N1024-dt0.80-S7",
    "algorithm": "kmeans",
    "k": 8,
    "n": 1024,
    "d": 5,
    "k_true": 2,
    "rand_score": 0.5234833211143695,
    "adjusted_rand_score": 0.04627006103503482,
    "accuracy": 0.224609375,
    "f1_score": 0.08919912846687211,
    "precision": 0.21697507983576642,
    "recall": 0.05615234375,
    "sigui": 0.44780184191562566,
    "sse": 2695.6929391575545,
    "sc": 0.14241866683148696,
    "ch": 130.5307619762657,
    "db": 1.5047948543716045,
    "bic": -7909.235424122118,
    "xb": 644.954247747094
}