{
    "dataset": "blobs-P10-K32-N1024-dt1.00-S9",
    "algorithm": "kmeans",
    "k": 32,
    "n": 1024,
    "d": 10,
    "k_true": 32,
    "rand_score": 0.9436724859481916,
    "adjusted_rand_score": 0.05988507334275123,
    "accuracy": 0.20703125,
    "f1_score": 0.20456453559114338,
    "precision": 0.20645435778131546,
    "recall": 0.20703125,
    "sigui": 0.46610652348739406,
    "sse": 5354.445081170601,
    "sc": 0.07581816995780469,
    "ch": 29.19775159377706,
    "db": 1.9340724453543903,
    "bic": -15961.975694083898,
    "xb": 1166.1014722139566
}