{
    "dataset": "blobs-P10-K16-N1024-dt0.80-S7",
    "algorithm": "kmeans",
    "k": 16,
    "n": 1024,
    "d": 10,
    "k_true": 16,
    "rand_score": 0.8961693548387096,
    "adjusted_rand_score": 0.11048410723608135,
    "accuracy": 0.3056640625,
    "f1_score": 0.30327763418509585,
    "precision": 0.30344257751365183,
    "recall": 0.3056640625,
    "sigui": 0.48787904530709425,
    "sse": 6209.846213439915,
    "sc": 0.07794268694804724,
    "ch": 43.61240603200299,
    "db": 2.078024556621237,
    "bic": -15407.988551524182,
    "xb": 1448.8213946609424
}