{
    "dataset": "blobs-P5-K8-N64-dt0.20-S1",
    "algorithm": "kmeans",
    "k": 20,
    "n": 64,
    "d": 5,
    "k_true": 8,
    "rand_score": 0.9379960317460317,
    "adjusted_rand_score": 0.5889660211910851,
    "accuracy": 0.625,
    "f1_score": 0.3026573426573427,
    "precision": 0.4,
    "recall": 0.25,
    "sigui": 0.1596220329580036,
    "sse": 15.661853275505152,
    "sc": 0.31320510855865785,
    "ch": 44.99997951886153,
    "db": 0.7614708826143296,
    "bic": -412.47888260513895,
    "xb": 40.99128266574973
}