{
    "dataset": "blobs-P2-K4-N128-dt0.90-S8",
    "algorithm": "kmeans",
    "k": 8,
    "n": 128,
    "d": 2,
    "k_true": 4,
    "rand_score": 0.7384350393700787,
    "adjusted_rand_score": 0.1797939171537237,
    "accuracy": 0.3828125,
    "f1_score": 0.23107840624287992,
    "precision": 0.339375,
    "recall": 0.19140625,
    "sigui": 0.24016806609671848,
    "sse": 33.84226142749243,
    "sc": 0.36824993448889326,
    "ch": 112.53439382850631,
    "db": 0.860811173623731,
    "bic": -416.3761412306421,
    "xb": 38.86362202765912
}