{
    "dataset": "blobs-P2-K4-N64-dt0.60-S5",
    "algorithm": "kmeans",
    "k": 32,
    "n": 64,
    "d": 2,
    "k_true": 4,
    "rand_score": 0.7614087301587301,
    "adjusted_rand_score": 0.05853294808463044,
    "accuracy": 0.203125,
    "f1_score": 0.04101660401002506,
    "precision": 0.1109375,
    "recall": 0.025390625,
    "sigui": 0.05984630651331088,
    "sse": 1.5572202531576198,
    "sc": 0.31473458972089274,
    "ch": 83.81703155276357,
    "db": 0.4032566864279126,
    "bic": -321.3864811286855,
    "xb": 47.63223763534408
}