{
    "dataset": "blobs-P2-K4-N128-dt0.60-S5",
    "algorithm": "kmeans",
    "k": 25,
    "n": 128,
    "d": 2,
    "k_true": 4,
    "rand_score": 0.7718996062992126,
    "adjusted_rand_score": 0.13924430081740682,
    "accuracy": 0.21875,
    "f1_score": 0.05571854502087061,
    "precision": 0.1412987012987013,
    "recall": 0.035,
    "sigui": 0.122292466506123,
    "sse": 7.0535444590221354,
    "sc": 0.3590333765434066,
    "ch": 151.4692664428384,
    "db": 0.7568038863267837,
    "bic": -486.3453351874178,
    "xb": 55.1769824773239
}