{
    "dataset": "blobs-P10-K8-N128-dt0.80-S7",
    "algorithm": "kmeans",
    "k": 8,
    "n": 128,
    "d": 10,
    "k_true": 8,
    "rand_score": 0.7992125984251969,
    "adjusted_rand_score": 0.05741961890035927,
    "accuracy": 0.3046875,
    "f1_score": 0.30510378175039116,
    "precision": 0.31423444976076553,
    "recall": 0.3046875,
    "sigui": 0.5044724772402329,
    "sse": 843.2374218423228,
    "sc": 0.08507276386820964,
    "ch": 8.879300525283263,
    "db": 2.085779295094373,
    "bic": -2026.9091754783701,
    "xb": 181.39541264259796
}