{
    "dataset": "blobs-P5-K16-N1024-dt0.80-S7",
    "algorithm": "kmeans",
    "k": 8,
    "n": 1024,
    "d": 5,
    "k_true": 16,
    "rand_score": 0.8599095796676441,
    "adjusted_rand_score": 0.19269279878900772,
    "accuracy": 0.337890625,
    "f1_score": 0.2287116022790852,
    "precision": 0.1750772209049419,
    "recall": 0.337890625,
    "sigui": 0.4485113323387421,
    "sse": 2545.9367762954,
    "sc": 0.15648015488906275,
    "ch": 146.7463348789343,
    "db": 1.48922486322268,
    "bic": -7757.254926748645,
    "xb": 706.6022579436788
}