{
    "dataset": "blobs-P2-K32-N64-dt0.80-S7",
    "algorithm": "kmeans",
    "k": 8,
    "n": 64,
    "d": 2,
    "k_true": 32,
    "rand_score": 0.8928571428571429,
    "adjusted_rand_score": 0.20625291647223518,
    "accuracy": 0.25,
    "f1_score": 0.1068452380952381,
    "precision": 0.06979166666666667,
    "recall": 0.25,
    "sigui": 0.19765373048414508,
    "sse": 10.350206227005957,
    "sc": 0.4313491653469065,
    "ch": 90.93522675211625,
    "db": 0.7573149287011061,
    "bic": -201.09579389217382,
    "xb": 21.339274565067264
}