{
    "dataset": "blobs-P2-K4-N128-dt0.20-S1",
    "algorithm": "kmeans",
    "k": 25,
    "n": 128,
    "d": 2,
    "k_true": 4,
    "rand_score": 0.8049950787401575,
    "adjusted_rand_score": 0.2756645304296823,
    "accuracy": 0.34375,
    "f1_score": 0.08069565217391304,
    "precision": 0.16,
    "recall": 0.055,
    "sigui": 0.05548853369513286,
    "sse": 1.613923277215704,
    "sc": 0.3954584020898631,
    "ch": 676.45114321588,
    "db": 0.7015337311807375,
    "bic": -287.7912487564473,
    "xb": 96.63727416136284
}