{
    "dataset": "blobs-P10-K4-N128-dt0.10-S0",
    "algorithm": "kmeans",
    "k": 10,
    "n": 128,
    "d": 10,
    "k_true": 4,
    "rand_score": 0.8619586614173228,
    "adjusted_rand_score": 0.5373541386632381,
    "accuracy": 0.5234375,
    "f1_score": 0.27362242937451076,
    "precision": 0.4,
    "recall": 0.209375,
    "sigui": 0.24789780271788206,
    "sse": 130.42682454201912,
    "sc": 0.11479007688873813,
    "ch": 115.56044308145115,
    "db": 2.0765798348423976,
    "bic": -908.5228809257376,
    "xb": 195.20076056949472
}