{
    "dataset": "blobs-P10-K8-N64-dt0.60-S5",
    "algorithm": "kmeans",
    "k": 25,
    "n": 64,
    "d": 10,
    "k_true": 8,
    "rand_score": 0.8650793650793651,
    "adjusted_rand_score": 0.054826254826254826,
    "accuracy": 0.25,
    "f1_score": 0.10444622044622044,
    "precision": 0.16885714285714287,
    "recall": 0.08,
    "sigui": 0.3201682194263564,
    "sse": 162.89085969985237,
    "sc": 0.12554568353578868,
    "ch": 4.759643078907776,
    "db": 1.0366625730788859,
    "bic": -1270.3355657537695,
    "xb": 38.97702804916474
}