{
    "dataset": "blobs-P5-K32-N1024-dt0.20-S1",
    "algorithm": "kmeans",
    "k": 3,
    "n": 1024,
    "d": 5,
    "k_true": 32,
    "rand_score": 0.5819968841642229,
    "adjusted_rand_score": 0.07195638502515538,
    "accuracy": 0.09375,
    "f1_score": 0.020310685249709637,
    "precision": 0.011618589743589744,
    "recall": 0.09375,
    "sigui": 0.4977472997331143,
    "sse": 3342.2808434602575,
    "sc": 0.2224809316951128,
    "ch": 271.5288367191724,
    "db": 1.3946836090171564,
    "bic": -7197.539307832175,
    "xb": 604.2505912913898
}