{
    "dataset": "blobs-P5-K4-N64-dt0.40-S3",
    "algorithm": "kmeans",
    "k": 25,
    "n": 64,
    "d": 5,
    "k_true": 4,
    "rand_score": 0.7837301587301587,
    "adjusted_rand_score": 0.159537360014687,
    "accuracy": 0.28125,
    "f1_score": 0.06905627705627705,
    "precision": 0.152,
    "recall": 0.045,
    "sigui": 0.1949425706114559,
    "sse": 29.235554722126043,
    "sc": 0.14502794793101234,
    "ch": 16.161561771870662,
    "db": 0.9386445592546298,
    "bic": -596.6158036164469,
    "xb": 42.63415184755697
}