{
    "dataset": "blobs-P2-K4-N64-dt0.60-S5",
    "algorithm": "kmeans",
    "k": 16,
    "n": 64,
    "d": 2,
    "k_true": 4,
    "rand_score": 0.7757936507936508,
    "adjusted_rand_score": 0.16736842105263158,
    "accuracy": 0.3125,
    "f1_score": 0.11526209297948428,
    "precision": 0.22708333333333333,
    "recall": 0.078125,
    "sigui": 0.14760109977286034,
    "sse": 6.804286798274144,
    "sc": 0.3435245704014716,
    "ch": 56.997345018421626,
    "db": 0.6682845537268552,
    "bic": -266.97245485549155,
    "xb": 26.131410428795974
}