{
    "dataset": "blobs-P2-K32-N1024-dt0.40-S3",
    "algorithm": "kmeans",
    "k": 50,
    "n": 1024,
    "d": 2,
    "k_true": 32,
    "rand_score": 0.9892931329423265,
    "adjusted_rand_score": 0.7907093517173993,
    "accuracy": 0.74609375,
    "f1_score": 0.5289399162874865,
    "precision": 0.6277386363636364,
    "recall": 0.4775,
    "sigui": 0.03320301858054362,
    "sse": 3.9155468456993314,
    "sc": 0.4937867872311409,
    "ch": 10385.434119688234,
    "db": 0.8342713659879973,
    "bic": -943.1961744349383,
    "xb": 309.26603147092743
}