{
    "dataset": "blobs-P2-K32-N64-dt1.00-S9",
    "algorithm": "kmeans",
    "k": 50,
    "n": 64,
    "d": 2,
    "k_true": 32,
    "rand_score": 0.9890873015873016,
    "adjusted_rand_score": 0.5170731707317073,
    "accuracy": 0.6875,
    "f1_score": 0.5,
    "precision": 0.62,
    "recall": 0.44,
    "sigui": 0.01703338164004575,
    "sse": 0.1101664390302507,
    "sc": 0.24197058429718388,
    "ch": 331.67952751888294,
    "db": 0.20269944558844447,
    "bic": -335.8708407525819,
    "xb": 94.19683863446568
}