{
    "dataset": "blobs-P5-K32-N64-dt0.20-S1",
    "algorithm": "kmeans",
    "k": 50,
    "n": 64,
    "d": 5,
    "k_true": 32,
    "rand_score": 0.9910714285714286,
    "adjusted_rand_score": 0.6048780487804878,
    "accuracy": 0.71875,
    "f1_score": 0.5199999999999999,
    "precision": 0.64,
    "recall": 0.46,
    "sigui": 0.028983989958308302,
    "sse": 0.8299433943740484,
    "sc": 0.32296213429656717,
    "ch": 109.87670407720046,
    "db": 0.13674116564238661,
    "bic": -490.0703058702446,
    "xb": 58.113816324315636
}