{
    "dataset": "blobs-P5-K8-N64-dt0.70-S6",
    "algorithm": "kmeans",
    "k": 32,
    "n": 64,
    "d": 5,
    "k_true": 8,
    "rand_score": 0.8948412698412699,
    "adjusted_rand_score": 0.19357565511411665,
    "accuracy": 0.359375,
    "f1_score": 0.12614364801864802,
    "precision": 0.22552083333333334,
    "recall": 0.08984375,
    "sigui": 0.15779680686197695,
    "sse": 19.143770687799453,
    "sc": 0.20319592975734763,
    "ch": 16.222575689613603,
    "db": 0.6400770152318276,
    "bic": -646.9946838279002,
    "xb": 26.425266314630676
}