{
    "dataset": "blobs-P2-K32-N1024-dt0.80-S7",
    "algorithm": "kmeans",
    "k": 4,
    "n": 1024,
    "d": 2,
    "k_true": 32,
    "rand_score": 0.7508476906158358,
    "adjusted_rand_score": 0.14576351068286553,
    "accuracy": 0.125,
    "f1_score": 0.031187204491725767,
    "precision": 0.018232542946276638,
    "recall": 0.125,
    "sigui": 0.3381080148820851,
    "sse": 570.2503015947577,
    "sc": 0.41468547836213776,
    "ch": 881.0778285477046,
    "db": 0.9146676671743845,
    "bic": -2993.6234831716442,
    "xb": 316.58294289321645
}