{
    "dataset": "blobs-P5-K32-N1024-dt1.00-S9",
    "algorithm": "kmeans",
    "k": 10,
    "n": 1024,
    "d": 5,
    "k_true": 32,
    "rand_score": 0.9026053121945259,
    "adjusted_rand_score": 0.23332776199231156,
    "accuracy": 0.2841796875,
    "f1_score": 0.13860270528928592,
    "precision": 0.09242775420861382,
    "recall": 0.2841796875,
    "sigui": 0.3990573360941685,
    "sse": 1941.6212309399798,
    "sc": 0.18315181221055316,
    "ch": 184.43213104995402,
    "db": 1.5109097546547985,
    "bic": -7329.494784423383,
    "xb": 760.7901318388609
}