{
    "dataset": "blobs-P10-K32-N128-dt0.60-S5",
    "algorithm": "kmeans",
    "k": 10,
    "n": 128,
    "d": 10,
    "k_true": 32,
    "rand_score": 0.8975147637795275,
    "adjusted_rand_score": 0.11374812556023758,
    "accuracy": 0.2265625,
    "f1_score": 0.10768846253076128,
    "precision": 0.07122756481671923,
    "recall": 0.2265625,
    "sigui": 0.4933459995236282,
    "sse": 777.8769559309817,
    "sc": 0.07498261481013095,
    "ch": 8.463280692457433,
    "db": 1.9961462975836235,
    "bic": -2058.8230278858746,
    "xb": 161.28733958418007
}