{
    "dataset": "blobs-P5-K2-N128-dt0.10-S0",
    "algorithm": "kmeans",
    "k": 50,
    "n": 128,
    "d": 5,
    "k_true": 2,
    "rand_score": 0.5222687007874016,
    "adjusted_rand_score": 0.03723450986210815,
    "accuracy": 0.0859375,
    "f1_score": 0.006296603148301574,
    "precision": 0.04,
    "recall": 0.0034375,
    "sigui": 0.12789573685808348,
    "sse": 19.824530970679014,
    "sc": 0.2231945049101921,
    "ch": 49.797803288108,
    "db": 0.756378037311179,
    "bic": -1039.7814656850003,
    "xb": 76.53232136277055
}