{
    "dataset": "blobs-P5-K8-N64-dt0.10-S0",
    "algorithm": "kmeans",
    "k": 50,
    "n": 64,
    "d": 5,
    "k_true": 8,
    "rand_score": 0.8963293650793651,
    "adjusted_rand_score": 0.11315417256011315,
    "accuracy": 0.265625,
    "f1_score": 0.06690909090909092,
    "precision": 0.16,
    "recall": 0.0425,
    "sigui": 0.015089479882294378,
    "sse": 0.22590998366329515,
    "sc": 0.15303451324304823,
    "ch": 404.42668463526496,
    "db": 0.3345682869640686,
    "bic": -281.35171670862667,
    "xb": 138.76424082342962
}