{
    "dataset": "blobs-P2-K32-N64-dt0.80-S7",
    "algorithm": "kmeans",
    "k": 20,
    "n": 64,
    "d": 2,
    "k_true": 32,
    "rand_score": 0.9697420634920635,
    "adjusted_rand_score": 0.4752150757886112,
    "accuracy": 0.625,
    "f1_score": 0.5087797619047618,
    "precision": 0.4541666666666666,
    "recall": 0.625,
    "sigui": 0.08965730906043415,
    "sse": 2.074794634674022,
    "sc": 0.501852170824852,
    "ch": 140.55186965642082,
    "db": 0.5292683958797573,
    "bic": -233.28377019427992,
    "xb": 25.57224578950536
}