{
    "dataset": "blobs-P2-K8-N1024-dt0.60-S5",
    "algorithm": "kmeans",
    "k": 32,
    "n": 1024,
    "d": 2,
    "k_true": 8,
    "rand_score": 0.8961349890029325,
    "adjusted_rand_score": 0.30688059911913584,
    "accuracy": 0.3125,
    "f1_score": 0.11548715302040168,
    "precision": 0.22670505733005733,
    "recall": 0.078125,
    "sigui": 0.10894421071356794,
    "sse": 41.13787401858736,
    "sc": 0.34277325721234747,
    "ch": 1561.4184976451372,
    "db": 0.8470271454528642,
    "bic": -2723.452439592712,
    "xb": 336.096168561432
}