{
    "dataset": "blobs-P5-K8-N128-dt0.80-S7",
    "algorithm": "kmeans",
    "k": 8,
    "n": 128,
    "d": 5,
    "k_true": 8,
    "rand_score": 0.842888779527559,
    "adjusted_rand_score": 0.26407714123652865,
    "accuracy": 0.5234375,
    "f1_score": 0.5215440730735502,
    "precision": 0.5359971359685318,
    "recall": 0.5234375,
    "sigui": 0.415633131491815,
    "sse": 265.9686282186427,
    "sc": 0.1820784025126814,
    "ch": 24.10798001380697,
    "db": 1.3761221091830291,
    "bic": -1007.0522517249475,
    "xb": 78.83095132821892
}