{
    "dataset": "blobs-P2-K32-N64-dt0.70-S6",
    "algorithm": "kmeans",
    "k": 16,
    "n": 64,
    "d": 2,
    "k_true": 32,
    "rand_score": 0.9503968253968254,
    "adjusted_rand_score": 0.3587133550488599,
    "accuracy": 0.5,
    "f1_score": 0.3650297619047619,
    "precision": 0.30937499999999996,
    "recall": 0.5,
    "sigui": 0.09790469341555512,
    "sse": 3.0263434950758676,
    "sc": 0.544870675957547,
    "ch": 132.14484788869996,
    "db": 0.49532998566527586,
    "bic": -214.48711490941972,
    "xb": 29.280105941347138
}