{
    "dataset": "blobs-P10-K2-N128-dt0.90-S8",
    "algorithm": "kmeans",
    "k": 4,
    "n": 128,
    "d": 10,
    "k_true": 2,
    "rand_score": 0.5257135826771654,
    "adjusted_rand_score": 0.047738991576044144,
    "accuracy": 0.3828125,
    "f1_score": 0.2458546879710582,
    "precision": 0.35224538893344026,
    "recall": 0.19140625,
    "sigui": 0.5415634380659125,
    "sse": 1007.2003264033708,
    "sc": 0.0738305920494233,
    "ch": 11.195111385893489,
    "db": 2.4678859805207023,
    "bic": -1944.9796403243647,
    "xb": 233.95113303444788
}