{
    "dataset": "blobs-P5-K2-N64-dt1.00-S9",
    "algorithm": "kmeans",
    "k": 2,
    "n": 64,
    "d": 5,
    "k_true": 2,
    "rand_score": 0.5163690476190477,
    "adjusted_rand_score": 0.03250956858668431,
    "accuracy": 0.609375,
    "f1_score": 0.6092796092796093,
    "precision": 0.6094819159335289,
    "recall": 0.609375,
    "sigui": 0.5243372041389178,
    "sse": 273.4572241943014,
    "sc": 0.12630857530866899,
    "ch": 10.552480770824141,
    "db": 2.3040210417435305,
    "bic": -498.2754593000385,
    "xb": 81.00464960475868
}