{
    "dataset": "blobs-P5-K8-N128-dt0.10-S0",
    "algorithm": "kmeans",
    "k": 32,
    "n": 128,
    "d": 5,
    "k_true": 8,
    "rand_score": 0.9170767716535433,
    "adjusted_rand_score": 0.42805789044647274,
    "accuracy": 0.453125,
    "f1_score": 0.1551778656126482,
    "precision": 0.25,
    "recall": 0.11328125,
    "sigui": 0.036973640013514365,
    "sse": 1.4133700264593319,
    "sc": 0.2335719152503166,
    "ch": 1399.1796621024469,
    "db": 0.9878487964246577,
    "bic": 151.02356031159718,
    "xb": 255.11313474205593
}