{
    "dataset": "blobs-P5-K2-N1024-dt1.00-S9",
    "algorithm": "kmeans",
    "k": 32,
    "n": 1024,
    "d": 5,
    "k_true": 2,
    "rand_score": 0.5053877993646139,
    "adjusted_rand_score": 0.009871201390714594,
    "accuracy": 0.0634765625,
    "f1_score": 0.007366382598174597,
    "precision": 0.05144230769230769,
    "recall": 0.00396728515625,
    "sigui": 0.361003561825029,
    "sse": 1550.6167155999187,
    "sc": 0.13753590708106106,
    "ch": 73.6611852250103,
    "db": 1.4016287228636284,
    "bic": -8380.003512777645,
    "xb": 854.100393341446
}