{
    "dataset": "blobs-P10-K4-N128-dt0.10-S0",
    "algorithm": "kmeans",
    "k": 4,
    "n": 128,
    "d": 10,
    "k_true": 4,
    "rand_score": 1.0,
    "adjusted_rand_score": 1.0,
    "accuracy": 1.0,
    "f1_score": 1.0,
    "precision": 1.0,
    "recall": 1.0,
    "sigui": 0.27293510431756174,
    "sse": 163.70103454575104,
    "sc": 0.6385260320592425,
    "ch": 281.8574565934118,
    "db": 0.5308679330592309,
    "bic": -784.5437596671645,
    "xb": 12.830081620337426
}