{
    "dataset": "blobs-P2-K16-N64-dt0.40-S3",
    "algorithm": "kmeans",
    "k": 32,
    "n": 64,
    "d": 2,
    "k_true": 16,
    "rand_score": 0.9732142857142857,
    "adjusted_rand_score": 0.6076124567474048,
    "accuracy": 0.671875,
    "f1_score": 0.3943452380952381,
    "precision": 0.5,
    "recall": 0.3359375,
    "sigui": 0.02539726083444928,
    "sse": 0.1745017040954728,
    "sc": 0.43350514472284973,
    "ch": 756.1467789136814,
    "db": 0.4128628388123533,
    "bic": -186.38144749842024,
    "xb": 106.31826339555006
}