{
    "dataset": "blobs-P5-K32-N1024-dt0.10-S0",
    "algorithm": "kmeans",
    "k": 3,
    "n": 1024,
    "d": 5,
    "k_true": 32,
    "rand_score": 0.6871945259042033,
    "adjusted_rand_score": 0.11290322580645161,
    "accuracy": 0.09375,
    "f1_score": 0.01655982905982906,
    "precision": 0.009114583333333332,
    "recall": 0.09375,
    "sigui": 0.49781429853767756,
    "sse": 3305.2566772603195,
    "sc": 0.2482865757730967,
    "ch": 280.28881164730353,
    "db": 1.5666123584371945,
    "bic": -7315.1685849064415,
    "xb": 631.5778827189982
}