{
    "dataset": "blobs-P10-K2-N1024-dt0.20-S1",
    "algorithm": "kmeans",
    "k": 32,
    "n": 1024,
    "d": 10,
    "k_true": 2,
    "rand_score": 0.5312538184261975,
    "adjusted_rand_score": 0.0616499465218929,
    "accuracy": 0.0908203125,
    "f1_score": 0.010381459005479592,
    "precision": 0.061921296296296294,
    "recall": 0.00567626953125,
    "sigui": 0.4423517200050131,
    "sse": 4554.089950231207,
    "sc": 0.08352474463798955,
    "ch": 39.95290465954983,
    "db": 1.9071000954398107,
    "bic": -15117.278861217294,
    "xb": 1193.480205010965
}