{
    "dataset": "blobs-P10-K8-N1024-dt0.50-S4",
    "algorithm": "kmeans",
    "k": 4,
    "n": 1024,
    "d": 10,
    "k_true": 8,
    "rand_score": 0.7652756140029325,
    "adjusted_rand_score": 0.24998768721126405,
    "accuracy": 0.42578125,
    "f1_score": 0.2851476936932649,
    "precision": 0.21484695404709866,
    "recall": 0.42578125,
    "sigui": 0.5360696214501749,
    "sse": 7790.434812900523,
    "sc": 0.10626276964630077,
    "ch": 106.90701913514076,
    "db": 2.278348568250899,
    "bic": -14698.363634390143,
    "xb": 1527.3107492116471
}