{
    "dataset": "blobs-P5-K2-N1024-dt0.60-S5",
    "algorithm": "kmeans",
    "k": 8,
    "n": 1024,
    "d": 5,
    "k_true": 2,
    "rand_score": 0.5306524163000977,
    "adjusted_rand_score": 0.06061707864359194,
    "accuracy": 0.236328125,
    "f1_score": 0.09196378041878892,
    "precision": 0.20775144590210184,
    "recall": 0.05908203125,
    "sigui": 0.45107375916263326,
    "sse": 2701.363883076533,
    "sc": 0.13437984495504304,
    "ch": 129.95204333574492,
    "db": 1.5851366278996415,
    "bic": -7918.284191062965,
    "xb": 767.5166805673217
}