{
    "dataset": "blobs-P2-K4-N128-dt0.20-S1",
    "algorithm": "kmeans",
    "k": 4,
    "n": 128,
    "d": 2,
    "k_true": 4,
    "rand_score": 0.9922490157480315,
    "adjusted_rand_score": 0.9789996141661396,
    "accuracy": 0.9921875,
    "f1_score": 0.9921855921855922,
    "precision": 0.9924242424242424,
    "recall": 0.9921875,
    "sigui": 0.14022473440473793,
    "sse": 12.038819073669604,
    "sc": 0.7399922741138328,
    "ch": 837.6011592097124,
    "db": 0.3492497674266861,
    "bic": -178.5374427003434,
    "xb": 8.717023411352667
}