{
    "dataset": "blobs-P2-K32-N1024-dt0.90-S8",
    "algorithm": "kmeans",
    "k": 32,
    "n": 1024,
    "d": 2,
    "k_true": 32,
    "rand_score": 0.9740824321847508,
    "adjusted_rand_score": 0.5790495950475428,
    "accuracy": 0.669921875,
    "f1_score": 0.6500375659476647,
    "precision": 0.6506094468242272,
    "recall": 0.669921875,
    "sigui": 0.09642545658499638,
    "sse": 32.00174259769211,
    "sc": 0.3964096112561688,
    "ch": 2015.8884798206682,
    "db": 0.8667201059210691,
    "bic": -2475.6547488396127,
    "xb": 356.5006834026523
}