{
    "dataset": "blobs-P2-K4-N1024-dt0.60-S5",
    "algorithm": "kmeans",
    "k": 8,
    "n": 1024,
    "d": 2,
    "k_true": 4,
    "rand_score": 0.7968979105571847,
    "adjusted_rand_score": 0.3577349430867535,
    "accuracy": 0.4541015625,
    "f1_score": 0.2887057447532234,
    "precision": 0.4087506289132379,
    "recall": 0.22705078125,
    "sigui": 0.24445169810361167,
    "sse": 269.7668681921365,
    "sc": 0.32471350487502104,
    "ch": 956.7440180714067,
    "db": 0.9615575259609618,
    "bic": -3004.493220294805,
    "xb": 310.5097526291708
}