{
    "dataset": "blobs-P5-K2-N64-dt0.90-S8",
    "algorithm": "kmeans",
    "k": 8,
    "n": 64,
    "d": 5,
    "k_true": 2,
    "rand_score": 0.5223214285714286,
    "adjusted_rand_score": 0.033240379252649194,
    "accuracy": 0.265625,
    "f1_score": 0.09769647696476964,
    "precision": 0.1891025641025641,
    "recall": 0.06640625,
    "sigui": 0.402175895330108,
    "sse": 126.61694933983514,
    "sc": 0.2081239779322,
    "ch": 12.218462167565388,
    "db": 1.2823464530332587,
    "bic": -535.1413534654657,
    "xb": 36.44104484106859
}