{
    "dataset": "blobs-P5-K2-N64-dt0.60-S5",
    "algorithm": "kmeans",
    "k": 16,
    "n": 64,
    "d": 5,
    "k_true": 2,
    "rand_score": 0.5282738095238095,
    "adjusted_rand_score": 0.043397039804569625,
    "accuracy": 0.21875,
    "f1_score": 0.043546365914786965,
    "precision": 0.1125,
    "recall": 0.02734375,
    "sigui": 0.306868371566853,
    "sse": 69.3079486252887,
    "sc": 0.20214042891154022,
    "ch": 11.574640143170656,
    "db": 1.040284913996056,
    "bic": -582.8185809959602,
    "xb": 48.857183871908916
}