{
    "dataset": "blobs-P2-K2-N128-dt0.20-S1",
    "algorithm": "kmeans",
    "k": 4,
    "n": 128,
    "d": 2,
    "k_true": 2,
    "rand_score": 0.7408956692913385,
    "adjusted_rand_score": 0.4797451069640419,
    "accuracy": 0.5625,
    "f1_score": 0.3594234811330197,
    "precision": 0.5,
    "recall": 0.28125,
    "sigui": 0.3054554435434489,
    "sse": 60.46543532199648,
    "sc": 0.443313061281638,
    "ch": 133.6647176520698,
    "db": 0.7365867533085254,
    "bic": -383.57748892031424,
    "xb": 29.10817038287872
}