{
    "dataset": "blobs-P10-K2-N1024-dt0.80-S7",
    "algorithm": "kmeans",
    "k": 32,
    "n": 1024,
    "d": 10,
    "k_true": 2,
    "rand_score": 0.5074726600684262,
    "adjusted_rand_score": 0.014042620617499406,
    "accuracy": 0.064453125,
    "f1_score": 0.007512401081672943,
    "precision": 0.05621766444937176,
    "recall": 0.0040283203125,
    "sigui": 0.46827493577252494,
    "sse": 5393.57095264695,
    "sc": 0.0782186785814808,
    "ch": 28.75381280359123,
    "db": 1.9246077709662779,
    "bic": -15994.92668225089,
    "xb": 1227.7499164685896
}