{
    "dataset": "blobs-P5-K4-N1024-dt0.10-S0",
    "algorithm": "kmeans",
    "k": 20,
    "n": 1024,
    "d": 5,
    "k_true": 4,
    "rand_score": 0.8063122403470185,
    "adjusted_rand_score": 0.3011141591897895,
    "accuracy": 0.2724609375,
    "f1_score": 0.08470011827893753,
    "precision": 0.2,
    "recall": 0.0544921875,
    "sigui": 0.174792118260559,
    "sse": 262.4983009761209,
    "sc": 0.18342030719596514,
    "ch": 977.8940664434418,
    "db": 1.389690200917682,
    "bic": -3082.257357035084,
    "xb": 696.9303909727408
}