{
    "dataset": "blobs-P2-K32-N1024-dt0.50-S4",
    "algorithm": "kmeans",
    "k": 25,
    "n": 1024,
    "d": 2,
    "k_true": 32,
    "rand_score": 0.9827368951612904,
    "adjusted_rand_score": 0.7660000282318842,
    "accuracy": 0.779296875,
    "f1_score": 0.71179171179398,
    "precision": 0.6800977058585593,
    "recall": 0.779296875,
    "sigui": 0.05456354402888142,
    "sse": 11.276841336051993,
    "sc": 0.6817873414648172,
    "ch": 7522.9201947235015,
    "db": 0.4210058552437107,
    "bic": -1059.4150796296976,
    "xb": 163.81111283359382
}