{
    "dataset": "blobs-P2-K16-N64-dt0.50-S4",
    "algorithm": "kmeans",
    "k": 4,
    "n": 64,
    "d": 2,
    "k_true": 16,
    "rand_score": 0.7857142857142857,
    "adjusted_rand_score": 0.24701195219123506,
    "accuracy": 0.25,
    "f1_score": 0.10833333333333334,
    "precision": 0.071875,
    "recall": 0.25,
    "sigui": 0.2588526135948692,
    "sse": 19.69173092434382,
    "sc": 0.5876866927684661,
    "ch": 110.00380768128466,
    "db": 0.5390613819290376,
    "bic": -172.25295676170884,
    "xb": 6.694672213621844
}