{
    "dataset": "blobs-P5-K4-N128-dt0.10-S0",
    "algorithm": "kmeans",
    "k": 16,
    "n": 128,
    "d": 5,
    "k_true": 4,
    "rand_score": 0.8267716535433071,
    "adjusted_rand_score": 0.38213180008845643,
    "accuracy": 0.375,
    "f1_score": 0.1344350002157311,
    "precision": 0.25,
    "recall": 0.09375,
    "sigui": 0.12033141367827324,
    "sse": 15.759808744869703,
    "sc": 0.228400517455551,
    "ch": 295.7519030524786,
    "db": 1.2355157247698876,
    "bic": -297.7087397690948,
    "xb": 101.30283890537895
}