{
    "dataset": "blobs-P10-K8-N128-dt0.90-S8",
    "algorithm": "kmeans",
    "k": 20,
    "n": 128,
    "d": 10,
    "k_true": 8,
    "rand_score": 0.8574064960629921,
    "adjusted_rand_score": 0.10416958291998613,
    "accuracy": 0.3046875,
    "f1_score": 0.16093423243423244,
    "precision": 0.24763888888888888,
    "recall": 0.121875,
    "sigui": 0.43058537284001214,
    "sse": 576.3410605806899,
    "sc": 0.09071563998491086,
    "ch": 6.939893448427084,
    "db": 1.5040607604745664,
    "bic": -2215.372466276779,
    "xb": 121.89338886138783
}