{
    "dataset": "blobs-P10-K2-N128-dt0.50-S4",
    "algorithm": "kmeans",
    "k": 25,
    "n": 128,
    "d": 10,
    "k_true": 2,
    "rand_score": 0.5150098425196851,
    "adjusted_rand_score": 0.02311123599452074,
    "accuracy": 0.1484375,
    "f1_score": 0.020227596017069704,
    "precision": 0.06866666666666667,
    "recall": 0.011875,
    "sigui": 0.40360055918466603,
    "sse": 506.9372709058316,
    "sc": 0.0898094211471725,
    "ch": 6.544651056663193,
    "db": 1.4207868666259693,
    "bic": -2287.804536785934,
    "xb": 142.36781606836672
}