{
    "dataset": "blobs-P5-K4-N1024-dt0.10-S0",
    "algorithm": "kmeans",
    "k": 8,
    "n": 1024,
    "d": 5,
    "k_true": 4,
    "rand_score": 0.8965378329667644,
    "adjusted_rand_score": 0.6790706483993009,
    "accuracy": 0.6162109375,
    "f1_score": 0.3689539194531737,
    "precision": 0.5,
    "recall": 0.30810546875,
    "sigui": 0.20534317087060172,
    "sse": 412.1232705587154,
    "sc": 0.3154891875610081,
    "ch": 1658.0346910794642,
    "db": 1.5333408985433408,
    "bic": -3033.5337521195056,
    "xb": 795.8370822931112
}