{
    "dataset": "blobs-P5-K32-N64-dt0.10-S0",
    "algorithm": "kmeans",
    "k": 2,
    "n": 64,
    "d": 5,
    "k_true": 32,
    "rand_score": 0.5158730158730159,
    "adjusted_rand_score": 0.031746031746031744,
    "accuracy": 0.0625,
    "f1_score": 0.007456140350877193,
    "precision": 0.003968253968253968,
    "recall": 0.0625,
    "sigui": 0.5204175651741838,
    "sse": 247.01938819519498,
    "sc": 0.2053424646196079,
    "ch": 18.31758213376519,
    "db": 1.7599036948449822,
    "bic": -481.53686331704654,
    "xb": 49.0199243739268
}