{
    "dataset": "blobs-P2-K8-N128-dt0.40-S3",
    "algorithm": "kmeans",
    "k": 4,
    "n": 128,
    "d": 2,
    "k_true": 8,
    "rand_score": 0.84251968503937,
    "adjusted_rand_score": 0.5207547169811321,
    "accuracy": 0.5,
    "f1_score": 0.35416666666666663,
    "precision": 0.29166666666666663,
    "recall": 0.5,
    "sigui": 0.23887332592365237,
    "sse": 29.93215192322302,
    "sc": 0.6151441536685911,
    "ch": 312.17727828172235,
    "db": 0.5046354714737868,
    "bic": -286.7787263785348,
    "xb": 13.618036928152502
}