{
    "dataset": "blobs-P10-K32-N128-dt0.20-S1",
    "algorithm": "kmeans",
    "k": 25,
    "n": 128,
    "d": 10,
    "k_true": 32,
    "rand_score": 0.9822834645669292,
    "adjusted_rand_score": 0.7045270947103112,
    "accuracy": 0.78125,
    "f1_score": 0.7083017676767678,
    "precision": 0.669047619047619,
    "recall": 0.78125,
    "sigui": 0.29887794186472744,
    "sse": 224.85842133554638,
    "sc": 0.3573760099440603,
    "ch": 20.13852056272721,
    "db": 0.9604812352082519,
    "bic": -1788.8247451825691,
    "xb": 77.35458199361273
}