{
    "dataset": "blobs-P5-K2-N1024-dt0.50-S4",
    "algorithm": "kmeans",
    "k": 8,
    "n": 1024,
    "d": 5,
    "k_true": 2,
    "rand_score": 0.5506552419354839,
    "adjusted_rand_score": 0.1006544696618805,
    "accuracy": 0.23828125,
    "f1_score": 0.09312830840448369,
    "precision": 0.21330398630471997,
    "recall": 0.0595703125,
    "sigui": 0.43965501667118473,
    "sse": 2670.836107534743,
    "sc": 0.13787004917438314,
    "ch": 133.09639028792577,
    "db": 1.5861491378165717,
    "bic": -7883.096333528074,
    "xb": 774.7104408437558
}