{
    "dataset": "blobs-P5-K4-N1024-dt0.30-S2",
    "algorithm": "kmeans",
    "k": 50,
    "n": 1024,
    "d": 5,
    "k_true": 4,
    "rand_score": 0.7634217680840665,
    "adjusted_rand_score": 0.08936396490475822,
    "accuracy": 0.115234375,
    "f1_score": 0.016444628126877015,
    "precision": 0.0769128787878788,
    "recall": 0.00921875,
    "sigui": 0.3016660357353553,
    "sse": 970.4242629511389,
    "sc": 0.14276832744787288,
    "ch": 84.99726003902435,
    "db": 1.415965101250806,
    "bic": -8004.015527700623,
    "xb": 864.1449867370734
}