{
    "dataset": "blobs-P5-K8-N128-dt0.20-S1",
    "algorithm": "kmeans",
    "k": 3,
    "n": 128,
    "d": 5,
    "k_true": 8,
    "rand_score": 0.7480314960629921,
    "adjusted_rand_score": 0.3712871287128713,
    "accuracy": 0.375,
    "f1_score": 0.21666666666666667,
    "precision": 0.15625,
    "recall": 0.375,
    "sigui": 0.4201982510570446,
    "sse": 264.46931354012554,
    "sc": 0.4524237083062684,
    "ch": 88.74628057814795,
    "db": 0.9567168185769845,
    "bic": -802.1647372441596,
    "xb": 33.45309036088092
}