{
    "dataset": "blobs-P5-K16-N64-dt0.10-S0",
    "algorithm": "kmeans",
    "k": 20,
    "n": 64,
    "d": 5,
    "k_true": 16,
    "rand_score": 0.9935515873015873,
    "adjusted_rand_score": 0.9240189256888394,
    "accuracy": 0.921875,
    "f1_score": 0.7619047619047619,
    "precision": 0.8,
    "recall": 0.7375,
    "sigui": 0.042434853650286944,
    "sse": 0.8615380409830766,
    "sc": 0.7065847922670512,
    "ch": 857.8350063441686,
    "db": 0.31463032110219724,
    "bic": 46.26657387713084,
    "xb": 137.4471393101741
}