{
    "dataset": "blobs-P5-K2-N128-dt0.70-S6",
    "algorithm": "kmeans",
    "k": 25,
    "n": 128,
    "d": 5,
    "k_true": 2,
    "rand_score": 0.51685531496063,
    "adjusted_rand_score": 0.026735411149642195,
    "accuracy": 0.1328125,
    "f1_score": 0.018239538239538236,
    "precision": 0.06769230769230769,
    "recall": 0.010625,
    "sigui": 0.3258253597341689,
    "sse": 150.4118013449347,
    "sc": 0.16775770547118704,
    "ch": 13.96931180780704,
    "db": 1.1271739382220334,
    "bic": -1207.3072863782331,
    "xb": 114.63408411022284
}