{
    "dataset": "blobs-P10-K32-N128-dt0.50-S4",
    "algorithm": "kmeans",
    "k": 8,
    "n": 128,
    "d": 10,
    "k_true": 32,
    "rand_score": 0.8713090551181102,
    "adjusted_rand_score": 0.15256637619770602,
    "accuracy": 0.2421875,
    "f1_score": 0.1033498884364634,
    "precision": 0.06783036884139826,
    "recall": 0.2421875,
    "sigui": 0.5021022209879459,
    "sse": 794.5269384092425,
    "sc": 0.08669245160315926,
    "ch": 10.474654714940794,
    "db": 2.0462256391738602,
    "bic": -1983.651392707774,
    "xb": 168.806163514303
}