{
    "dataset": "blobs-P10-K2-N1024-dt0.80-S7",
    "algorithm": "kmeans",
    "k": 10,
    "n": 1024,
    "d": 10,
    "k_true": 2,
    "rand_score": 0.5186262829912024,
    "adjusted_rand_score": 0.03649888057928803,
    "accuracy": 0.1689453125,
    "f1_score": 0.05518689540584896,
    "precision": 0.15133640552995392,
    "recall": 0.0337890625,
    "sigui": 0.5145432225345009,
    "sse": 7085.744457619822,
    "sc": 0.07449338012597315,
    "ch": 50.15414539719506,
    "db": 2.152938608288513,
    "bic": -15380.166429017563,
    "xb": 1330.8290847746198
}