{
    "dataset": "blobs-P10-K8-N1024-dt0.80-S7",
    "algorithm": "kmeans",
    "k": 2,
    "n": 1024,
    "d": 10,
    "k_true": 8,
    "rand_score": 0.5337854349951124,
    "adjusted_rand_score": 0.06692809131025416,
    "accuracy": 0.2216796875,
    "f1_score": 0.08866313137231924,
    "precision": 0.0554137673197827,
    "recall": 0.2216796875,
    "sigui": 0.5597504847655612,
    "sse": 9278.42355869243,
    "sc": 0.0895546078786236,
    "ch": 105.93718751705025,
    "db": 3.0274532871980897,
    "bic": -14811.05500340324,
    "xb": 2180.8091858230955
}