{
    "dataset": "blobs-P10-K2-N64-dt1.00-S9",
    "algorithm": "kmeans",
    "k": 3,
    "n": 64,
    "d": 10,
    "k_true": 2,
    "rand_score": 0.49851190476190477,
    "adjusted_rand_score": -0.006383415759452669,
    "accuracy": 0.453125,
    "f1_score": 0.32024505708716233,
    "precision": 0.34279569892473116,
    "recall": 0.3020833333333333,
    "sigui": 0.5439180406927755,
    "sse": 538.408360878954,
    "sc": 0.06112579410585476,
    "ch": 5.75500905694243,
    "db": 2.553617616339345,
    "bic": -984.4003902197317,
    "xb": 117.25171987551504
}