{
    "dataset": "blobs-P2-K4-N1024-dt0.40-S3",
    "algorithm": "kmeans",
    "k": 32,
    "n": 1024,
    "d": 2,
    "k_true": 4,
    "rand_score": 0.7776568609481916,
    "adjusted_rand_score": 0.1653324909349697,
    "accuracy": 0.177734375,
    "f1_score": 0.03755171681291167,
    "precision": 0.12195839874411303,
    "recall": 0.022216796875,
    "sigui": 0.11420229245765968,
    "sse": 53.80568039377304,
    "sc": 0.32434427388318116,
    "ch": 1186.012661867288,
    "db": 0.8622159448763371,
    "bic": -2995.544539247989,
    "xb": 351.65725985574255
}