{
    "dataset": "blobs-P2-K4-N64-dt0.60-S5",
    "algorithm": "kmeans",
    "k": 2,
    "n": 64,
    "d": 2,
    "k_true": 4,
    "rand_score": 0.6135912698412699,
    "adjusted_rand_score": 0.24021178765500906,
    "accuracy": 0.453125,
    "f1_score": 0.3039911308203991,
    "precision": 0.23256410256410256,
    "recall": 0.453125,
    "sigui": 0.42727053406379323,
    "sse": 77.54901195673934,
    "sc": 0.39060732418864097,
    "ch": 40.335281904392176,
    "db": 1.0953140702998068,
    "bic": -204.87872834003065,
    "xb": 21.214059259602138
}