{
    "dataset": "blobs-P2-K32-N1024-dt0.70-S6",
    "algorithm": "kmeans",
    "k": 32,
    "n": 1024,
    "d": 2,
    "k_true": 32,
    "rand_score": 0.9889628390762464,
    "adjusted_rand_score": 0.8171563792989428,
    "accuracy": 0.8740234375,
    "f1_score": 0.8683962249224534,
    "precision": 0.8727623721168406,
    "recall": 0.8740234375,
    "sigui": 0.04968993263498366,
    "sse": 10.880530305424898,
    "sc": 0.5429357927848384,
    "ch": 5992.42261667284,
    "db": 0.6388228324172441,
    "bic": -1398.807750851535,
    "xb": 258.2345690191124
}