{
    "dataset": "blobs-P10-K32-N64-dt0.90-S8",
    "algorithm": "kmeans",
    "k": 4,
    "n": 64,
    "d": 10,
    "k_true": 32,
    "rand_score": 0.7341269841269841,
    "adjusted_rand_score": 0.03060228512372969,
    "accuracy": 0.109375,
    "f1_score": 0.0249105553739421,
    "precision": 0.01440642046292201,
    "recall": 0.109375,
    "sigui": 0.5287396203316177,
    "sse": 497.10992573306413,
    "sc": 0.08145253868744565,
    "ch": 5.748832073961217,
    "db": 2.3289391038961997,
    "bic": -1003.9213847188951,
    "xb": 96.01090519586144
}