{
    "dataset": "blobs-P5-K16-N128-dt0.30-S2",
    "algorithm": "kmeans",
    "k": 3,
    "n": 128,
    "d": 5,
    "k_true": 16,
    "rand_score": 0.7086614173228346,
    "adjusted_rand_score": 0.19825968264801228,
    "accuracy": 0.1875,
    "f1_score": 0.06145833333333334,
    "precision": 0.03705357142857143,
    "recall": 0.1875,
    "sigui": 0.4518599761951653,
    "sse": 328.2356998186858,
    "sc": 0.3399743958259971,
    "ch": 59.3636486588619,
    "db": 1.1235006356339527,
    "bic": -875.3840809010528,
    "xb": 45.30491802850825
}