{
    "dataset": "blobs-P2-K8-N64-dt0.30-S2",
    "algorithm": "kmeans",
    "k": 20,
    "n": 64,
    "d": 2,
    "k_true": 8,
    "rand_score": 0.9434523809523809,
    "adjusted_rand_score": 0.6317300789662599,
    "accuracy": 0.625,
    "f1_score": 0.2974025974025974,
    "precision": 0.4,
    "recall": 0.25,
    "sigui": 0.04442148341091198,
    "sse": 0.5452710166521297,
    "sc": 0.4622450652523049,
    "ch": 541.305719058996,
    "db": 0.5252287763009513,
    "bic": -141.74125254873894,
    "xb": 65.78193496761553
}