{
    "dataset": "blobs-P2-K2-N1024-dt0.80-S7",
    "algorithm": "kmeans",
    "k": 10,
    "n": 1024,
    "d": 2,
    "k_true": 2,
    "rand_score": 0.5222938813538612,
    "adjusted_rand_score": 0.04386605332900794,
    "accuracy": 0.1953125,
    "f1_score": 0.06087294968028913,
    "precision": 0.13787590407308717,
    "recall": 0.0390625,
    "sigui": 0.2614467626795758,
    "sse": 338.0182570935952,
    "sc": 0.31123099664580245,
    "ch": 569.9756178966461,
    "db": 0.8942896835089899,
    "bic": -3445.4431510024474,
    "xb": 331.86627650309384
}