{
    "dataset": "blobs-P2-K2-N1024-dt0.80-S7",
    "algorithm": "kmeans",
    "k": 8,
    "n": 1024,
    "d": 2,
    "k_true": 2,
    "rand_score": 0.5280787970430108,
    "adjusted_rand_score": 0.055493531055959354,
    "accuracy": 0.2607421875,
    "f1_score": 0.09856016829315131,
    "precision": 0.20242042440318303,
    "recall": 0.065185546875,
    "sigui": 0.275396042499376,
    "sse": 406.83468440032664,
    "sc": 0.3248205155467361,
    "ch": 585.5042160454099,
    "db": 0.9007418246201335,
    "bic": -3392.1207560595785,
    "xb": 269.0337210303484
}