{
    "dataset": "blobs-P10-K4-N64-dt0.10-S0",
    "algorithm": "kmeans",
    "k": 20,
    "n": 64,
    "d": 10,
    "k_true": 4,
    "rand_score": 0.8154761904761905,
    "adjusted_rand_score": 0.30670926517571884,
    "accuracy": 0.375,
    "f1_score": 0.10708225108225107,
    "precision": 0.2,
    "recall": 0.075,
    "sigui": 0.1989659539024221,
    "sse": 47.484343528568424,
    "sc": 0.19009482456704757,
    "ch": 28.896714543902192,
    "db": 1.0018732020615395,
    "bic": -734.2300189405112,
    "xb": 49.37396293950433
}