{
    "dataset": "blobs-P10-K8-N128-dt0.80-S7",
    "algorithm": "kmeans",
    "k": 10,
    "n": 128,
    "d": 10,
    "k_true": 8,
    "rand_score": 0.8152066929133859,
    "adjusted_rand_score": 0.05496214973643534,
    "accuracy": 0.2890625,
    "f1_score": 0.24700269926076376,
    "precision": 0.2726839826839827,
    "recall": 0.23125,
    "sigui": 0.4915664155845064,
    "sse": 782.2599653966067,
    "sc": 0.08094279095120155,
    "ch": 8.34239918544819,
    "db": 1.966854100549659,
    "bic": -2059.3248840243655,
    "xb": 146.12015691928804
}