{
    "dataset": "blobs-P2-K32-N1024-dt0.50-S4",
    "algorithm": "kmeans",
    "k": 3,
    "n": 1024,
    "d": 2,
    "k_true": 32,
    "rand_score": 0.6873300800342131,
    "adjusted_rand_score": 0.11214513541552866,
    "accuracy": 0.09375,
    "f1_score": 0.0165351059410054,
    "precision": 0.009097901107130569,
    "recall": 0.09375,
    "sigui": 0.3558312685207837,
    "sse": 647.594430566923,
    "sc": 0.4911590051299476,
    "ch": 1103.9425440545158,
    "db": 0.7598535871688749,
    "bic": -2867.1640273193975,
    "xb": 160.19159696263745
}