{
    "dataset": "blobs-P5-K2-N64-dt0.80-S7",
    "algorithm": "kmeans",
    "k": 25,
    "n": 64,
    "d": 5,
    "k_true": 2,
    "rand_score": 0.5124007936507936,
    "adjusted_rand_score": 0.01060821497611554,
    "accuracy": 0.171875,
    "f1_score": 0.022239382239382238,
    "precision": 0.064,
    "recall": 0.01375,
    "sigui": 0.2283015226298275,
    "sse": 41.48249059590199,
    "sc": 0.18493873586065124,
    "ch": 10.91040933849739,
    "db": 0.742516053366278,
    "bic": -647.2537139182302,
    "xb": 30.589215537845146
}