{
    "dataset": "blobs-P2-K8-N128-dt0.80-S7",
    "algorithm": "kmeans",
    "k": 25,
    "n": 128,
    "d": 2,
    "k_true": 8,
    "rand_score": 0.890748031496063,
    "adjusted_rand_score": 0.2737622997269589,
    "accuracy": 0.359375,
    "f1_score": 0.15675850011502188,
    "precision": 0.2637532467532468,
    "recall": 0.115,
    "sigui": 0.0879809510614762,
    "sse": 4.7353698299230444,
    "sc": 0.39401107817069814,
    "ch": 227.72118684355667,
    "db": 0.681299668988142,
    "bic": -433.22722144626823,
    "xb": 60.03951902950825
}