{
    "dataset": "blobs-P5-K32-N128-dt0.80-S7",
    "algorithm": "kmeans",
    "k": 32,
    "n": 128,
    "d": 5,
    "k_true": 32,
    "rand_score": 0.9553395669291339,
    "adjusted_rand_score": 0.17267555587459396,
    "accuracy": 0.453125,
    "f1_score": 0.4440647893772893,
    "precision": 0.4751736111111111,
    "recall": 0.453125,
    "sigui": 0.27847972949167044,
    "sse": 106.25600241140353,
    "sc": 0.192387698980137,
    "ch": 15.555682504354477,
    "db": 1.0202194973880774,
    "bic": -1238.1711533935368,
    "xb": 84.62882747085989
}