{
    "dataset": "blobs-P10-K16-N128-dt0.60-S5",
    "algorithm": "kmeans",
    "k": 4,
    "n": 128,
    "d": 10,
    "k_true": 16,
    "rand_score": 0.7395423228346457,
    "adjusted_rand_score": 0.06640021390300055,
    "accuracy": 0.1953125,
    "f1_score": 0.07827710794462713,
    "precision": 0.04924560187718082,
    "recall": 0.1953125,
    "sigui": 0.5363176066254731,
    "sse": 998.0890563567414,
    "sc": 0.08676102191760543,
    "ch": 11.674628561157705,
    "db": 2.4309289592634533,
    "bic": -1939.6200629586638,
    "xb": 188.59436356832947
}