{
    "dataset": "blobs-P10-K2-N128-dt1.00-S9",
    "algorithm": "kmeans",
    "k": 2,
    "n": 128,
    "d": 10,
    "k_true": 2,
    "rand_score": 0.5137795275590551,
    "adjusted_rand_score": 0.027619342839429635,
    "accuracy": 0.59375,
    "f1_score": 0.592156862745098,
    "precision": 0.5952380952380952,
    "recall": 0.59375,
    "sigui": 0.55967106972507,
    "sse": 1142.4506859571986,
    "sc": 0.09622569541689903,
    "ch": 15.170207154168848,
    "db": 2.799650325545832,
    "bic": -1884.6548074502757,
    "xb": 235.64845118360046
}