{
    "dataset": "blobs-P2-K16-N128-dt0.20-S1",
    "algorithm": "kmeans",
    "k": 32,
    "n": 128,
    "d": 2,
    "k_true": 16,
    "rand_score": 0.9782234251968503,
    "adjusted_rand_score": 0.7431529153669489,
    "accuracy": 0.734375,
    "f1_score": 0.4161754911754912,
    "precision": 0.5,
    "recall": 0.3671875,
    "sigui": 0.01775358681444916,
    "sse": 0.1625149906103188,
    "sc": 0.5197037472824546,
    "ch": 4875.063637785395,
    "db": 0.5703642605503179,
    "bic": -82.36188243009735,
    "xb": 124.28224707668302
}