{
    "dataset": "blobs-P2-K2-N128-dt0.60-S5",
    "algorithm": "kmeans",
    "k": 4,
    "n": 128,
    "d": 2,
    "k_true": 2,
    "rand_score": 0.594611220472441,
    "adjusted_rand_score": 0.1859972027863205,
    "accuracy": 0.484375,
    "f1_score": 0.31241696474195196,
    "precision": 0.4437551695616212,
    "recall": 0.2421875,
    "sigui": 0.3260406543095385,
    "sse": 83.11495452967192,
    "sc": 0.33127538156307557,
    "ch": 85.97628733854962,
    "db": 0.9025480081510928,
    "bic": -424.82003950412025,
    "xb": 32.65195870072398
}