{
    "dataset": "blobs-P10-K8-N64-dt0.50-S4",
    "algorithm": "kmeans",
    "k": 25,
    "n": 64,
    "d": 10,
    "k_true": 8,
    "rand_score": 0.8829365079365079,
    "adjusted_rand_score": 0.1799227799227799,
    "accuracy": 0.375,
    "f1_score": 0.15695104895104894,
    "precision": 0.2509523809523809,
    "recall": 0.12,
    "sigui": 0.31413562924346594,
    "sse": 165.6988853720277,
    "sc": 0.09712588212063819,
    "ch": 4.651445358488613,
    "db": 0.9945317971678642,
    "bic": -1275.2124700536688,
    "xb": 31.203957567869782
}