{
    "dataset": "blobs-P2-K2-N128-dt0.40-S3",
    "algorithm": "kmeans",
    "k": 32,
    "n": 128,
    "d": 2,
    "k_true": 2,
    "rand_score": 0.5266978346456693,
    "adjusted_rand_score": 0.04643228673644847,
    "accuracy": 0.1171875,
    "f1_score": 0.013106416275430358,
    "precision": 0.0625,
    "recall": 0.00732421875,
    "sigui": 0.11560762411882997,
    "sse": 6.950637607099313,
    "sc": 0.3417684017174022,
    "ch": 110.96099120320538,
    "db": 0.6067664288856194,
    "bic": -556.0770584490956,
    "xb": 66.24934021167711
}