{
    "dataset": "blobs-P10-K8-N64-dt0.10-S0",
    "algorithm": "kmeans",
    "k": 16,
    "n": 64,
    "d": 10,
    "k_true": 8,
    "rand_score": 0.9424603174603174,
    "adjusted_rand_score": 0.6233766233766234,
    "accuracy": 0.59375,
    "f1_score": 0.36923076923076925,
    "precision": 0.5,
    "recall": 0.296875,
    "sigui": 0.20930669019156184,
    "sse": 49.01249177849745,
    "sc": 0.17311178579174108,
    "ch": 38.585265871719855,
    "db": 1.3281193230845678,
    "bic": -638.1115307494402,
    "xb": 73.1773497775214
}