{
    "dataset": "blobs-P2-K32-N128-dt0.10-S0",
    "algorithm": "kmeans",
    "k": 3,
    "n": 128,
    "d": 2,
    "k_true": 32,
    "rand_score": 0.6358267716535433,
    "adjusted_rand_score": 0.07357754031781082,
    "accuracy": 0.09375,
    "f1_score": 0.018229166666666664,
    "precision": 0.010208771008403362,
    "recall": 0.09375,
    "sigui": 0.37354304795764637,
    "sse": 107.97854403029358,
    "sc": 0.37876253061110676,
    "ch": 85.67758605368087,
    "db": 0.8699922449054451,
    "bic": -404.550843105068,
    "xb": 36.391527042859536
}