{
    "dataset": "blobs-P2-K2-N128-dt0.70-S6",
    "algorithm": "kmeans",
    "k": 25,
    "n": 128,
    "d": 2,
    "k_true": 2,
    "rand_score": 0.514886811023622,
    "adjusted_rand_score": 0.022842446440453728,
    "accuracy": 0.1484375,
    "f1_score": 0.020138765344244795,
    "precision": 0.06803418803418804,
    "recall": 0.011875,
    "sigui": 0.12990436479380454,
    "sse": 9.51039570108278,
    "sc": 0.37733496818467116,
    "ch": 111.23104145173271,
    "db": 0.6676628208235558,
    "bic": -513.6480866276318,
    "xb": 64.82702742366509
}