{
    "dataset": "blobs-P2-K2-N128-dt0.90-S8",
    "algorithm": "kmeans",
    "k": 16,
    "n": 128,
    "d": 2,
    "k_true": 2,
    "rand_score": 0.5184547244094488,
    "adjusted_rand_score": 0.030311188101815004,
    "accuracy": 0.140625,
    "f1_score": 0.02943438140806562,
    "precision": 0.0905448717948718,
    "recall": 0.017578125,
    "sigui": 0.19642548304810847,
    "sse": 21.085646719313033,
    "sc": 0.3093060418028283,
    "ch": 83.18583700617033,
    "db": 0.7928641130401205,
    "bic": -500.85858321654007,
    "xb": 58.136621146625366
}