{
    "dataset": "blobs-P5-K16-N1024-dt0.80-S7",
    "algorithm": "kmeans",
    "k": 32,
    "n": 1024,
    "d": 5,
    "k_true": 16,
    "rand_score": 0.9239025843108505,
    "adjusted_rand_score": 0.15389798576397876,
    "accuracy": 0.28125,
    "f1_score": 0.1822391555241856,
    "precision": 0.2646926688546692,
    "recall": 0.140625,
    "sigui": 0.3602615085617482,
    "sse": 1423.4166772785577,
    "sc": 0.14656662891249703,
    "ch": 83.1033303285775,
    "db": 1.4325104528072088,
    "bic": -8169.540446762735,
    "xb": 836.7985746412276
}