{
    "dataset": "blobs-P2-K32-N1024-dt0.80-S7",
    "algorithm": "kmeans",
    "k": 10,
    "n": 1024,
    "d": 2,
    "k_true": 32,
    "rand_score": 0.9125274926686217,
    "adjusted_rand_score": 0.366927946940006,
    "accuracy": 0.3125,
    "f1_score": 0.16233983114738534,
    "precision": 0.11368935662457061,
    "recall": 0.3125,
    "sigui": 0.18528367716631555,
    "sse": 142.98471239008097,
    "sc": 0.46344217326693304,
    "ch": 1501.1445135827414,
    "db": 0.7630395988183432,
    "bic": -2563.1627058961635,
    "xb": 290.57705532338605
}