{
    "dataset": "blobs-P10-K32-N64-dt0.90-S8",
    "algorithm": "kmeans",
    "k": 20,
    "n": 64,
    "d": 10,
    "k_true": 32,
    "rand_score": 0.9260912698412699,
    "adjusted_rand_score": 0.013867002836432399,
    "accuracy": 0.34375,
    "f1_score": 0.2868596681096681,
    "precision": 0.3252480158730159,
    "recall": 0.34375,
    "sigui": 0.37291108923229643,
    "sse": 261.7929741007693,
    "sc": -0.010069365489257125,
    "ch": 3.3455743129061934,
    "db": 1.2734808844481058,
    "bic": -1275.2156842839381,
    "xb": 65.12511293723345
}