{
    "dataset": "blobs-P10-K32-N64-dt0.20-S1",
    "algorithm": "kmeans",
    "k": 4,
    "n": 64,
    "d": 10,
    "k_true": 32,
    "rand_score": 0.7405753968253969,
    "adjusted_rand_score": 0.06556819148634468,
    "accuracy": 0.125,
    "f1_score": 0.031239580852583947,
    "precision": 0.01825980392156863,
    "recall": 0.125,
    "sigui": 0.5201947178982668,
    "sse": 451.76335412077725,
    "sc": 0.1278105690541423,
    "ch": 8.333418112036524,
    "db": 1.9405846969480822,
    "bic": -973.2836293916225,
    "xb": 67.28879388061152
}