{
    "dataset": "blobs-P5-K2-N1024-dt0.40-S3",
    "algorithm": "kmeans",
    "k": 50,
    "n": 1024,
    "d": 5,
    "k_true": 2,
    "rand_score": 0.5129139173998045,
    "adjusted_rand_score": 0.02491591710746451,
    "accuracy": 0.060546875,
    "f1_score": 0.004503279729157849,
    "precision": 0.03278409090909091,
    "recall": 0.002421875,
    "sigui": 0.32107900998179933,
    "sse": 1133.6748805018535,
    "sc": 0.14167442644840517,
    "ch": 69.89515451879988,
    "db": 1.377091758909643,
    "bic": -8388.826822491525,
    "xb": 769.8024316941465
}