{
    "dataset": "blobs-P5-K4-N128-dt0.20-S1",
    "algorithm": "kmeans",
    "k": 2,
    "n": 128,
    "d": 5,
    "k_true": 4,
    "rand_score": 0.6220472440944882,
    "adjusted_rand_score": 0.328042328042328,
    "accuracy": 0.5,
    "f1_score": 0.375,
    "precision": 0.3333333333333333,
    "recall": 0.5,
    "sigui": 0.4896726376945084,
    "sse": 421.1855344969076,
    "sc": 0.3654926011136176,
    "ch": 65.45956685412243,
    "db": 0.9949975121348551,
    "bic": -875.3648987008795,
    "xb": 44.74272126280802
}