{
    "dataset": "blobs-P2-K32-N128-dt0.60-S5",
    "algorithm": "kmeans",
    "k": 4,
    "n": 128,
    "d": 2,
    "k_true": 32,
    "rand_score": 0.749138779527559,
    "adjusted_rand_score": 0.11584830802743758,
    "accuracy": 0.125,
    "f1_score": 0.030017887205387207,
    "precision": 0.017227011494252875,
    "recall": 0.125,
    "sigui": 0.285518620134947,
    "sse": 56.58082246392601,
    "sc": 0.4605397044335467,
    "ch": 145.67938356521702,
    "db": 0.7447877339286879,
    "bic": -369.777786603232,
    "xb": 29.008390713609863
}