{
    "dataset": "blobs-P10-K16-N64-dt0.60-S5",
    "algorithm": "kmeans",
    "k": 10,
    "n": 64,
    "d": 10,
    "k_true": 16,
    "rand_score": 0.8591269841269841,
    "adjusted_rand_score": 0.07160647571606475,
    "accuracy": 0.3125,
    "f1_score": 0.24904418498168496,
    "precision": 0.2607638888888889,
    "recall": 0.3125,
    "sigui": 0.4628258487299962,
    "sse": 351.67396727457253,
    "sc": 0.062398624218604065,
    "ch": 4.919204596687951,
    "db": 1.6570640072142357,
    "bic": -1086.8293943154956,
    "xb": 75.80028152279783
}