{
    "dataset": "blobs-P5-K32-N1024-dt0.10-S0",
    "algorithm": "kmeans",
    "k": 16,
    "n": 1024,
    "d": 5,
    "k_true": 32,
    "rand_score": 0.9530791788856305,
    "adjusted_rand_score": 0.543778801843318,
    "accuracy": 0.5,
    "f1_score": 0.3645833333333333,
    "precision": 0.30833333333333335,
    "recall": 0.5,
    "sigui": 0.24143130897834453,
    "sse": 653.9220914329903,
    "sc": 0.5809141334379792,
    "ch": 458.9544219220768,
    "db": 0.7520115990119597,
    "bic": -5055.291273322077,
    "xb": 308.1592394810515
}