{
    "dataset": "blobs-P10-K32-N1024-dt0.90-S8",
    "algorithm": "kmeans",
    "k": 32,
    "n": 1024,
    "d": 10,
    "k_true": 32,
    "rand_score": 0.9429832600195504,
    "adjusted_rand_score": 0.052437863564251716,
    "accuracy": 0.19921875,
    "f1_score": 0.1977907103857754,
    "precision": 0.20058709305001954,
    "recall": 0.19921875,
    "sigui": 0.4647476146198721,
    "sse": 5338.5041368597185,
    "sc": 0.07827187599040475,
    "ch": 29.380490039809516,
    "db": 1.9477115392455184,
    "bic": -15942.190799151891,
    "xb": 1480.142885116325
}