{
    "dataset": "blobs-P10-K8-N64-dt1.00-S9",
    "algorithm": "kmeans",
    "k": 4,
    "n": 64,
    "d": 10,
    "k_true": 8,
    "rand_score": 0.6860119047619048,
    "adjusted_rand_score": 0.003846826368246197,
    "accuracy": 0.21875,
    "f1_score": 0.14220637750049514,
    "precision": 0.10928837244626718,
    "recall": 0.21875,
    "sigui": 0.5247844415299687,
    "sse": 488.2391386193635,
    "sc": 0.07302164501920752,
    "ch": 6.216661032533524,
    "db": 2.2992974097689007,
    "bic": -999.155722035061,
    "xb": 105.87112017192959
}