{
    "dataset": "blobs-P5-K32-N64-dt1.00-S9",
    "algorithm": "kmeans",
    "k": 2,
    "n": 64,
    "d": 5,
    "k_true": 32,
    "rand_score": 0.5124007936507936,
    "adjusted_rand_score": 0.018199977804905117,
    "accuracy": 0.0625,
    "f1_score": 0.0074106364428945075,
    "precision": 0.003940886699507389,
    "recall": 0.0625,
    "sigui": 0.5268131632063144,
    "sse": 263.57331565905906,
    "sc": 0.16141813467984983,
    "ch": 13.27317380513474,
    "db": 2.0279746332150896,
    "bic": -492.1348683743845,
    "xb": 65.82929733581129
}