{
    "dataset": "blobs-P5-K32-N128-dt0.20-S1",
    "algorithm": "kmeans",
    "k": 8,
    "n": 128,
    "d": 5,
    "k_true": 32,
    "rand_score": 0.8818897637795275,
    "adjusted_rand_score": 0.2555685814771395,
    "accuracy": 0.25,
    "f1_score": 0.11006944444444444,
    "precision": 0.07265625,
    "recall": 0.25,
    "sigui": 0.3684120260985193,
    "sse": 182.93948719930341,
    "sc": 0.3635485030916691,
    "ch": 42.830135781714404,
    "db": 1.0225572746429938,
    "bic": -879.9083031764591,
    "xb": 49.11971967536274
}