{
    "dataset": "blobs-P2-K4-N1024-dt0.50-S4",
    "algorithm": "kmeans",
    "k": 8,
    "n": 1024,
    "d": 2,
    "k_true": 4,
    "rand_score": 0.8198982007575758,
    "adjusted_rand_score": 0.42309218599538256,
    "accuracy": 0.48046875,
    "f1_score": 0.32099995566433304,
    "precision": 0.48563711327795833,
    "recall": 0.240234375,
    "sigui": 0.21049156127737215,
    "sse": 204.91734347147377,
    "sc": 0.34340546765555535,
    "ch": 1305.454571034086,
    "db": 0.9369275911939011,
    "bic": -2756.0568682359444,
    "xb": 313.17538171423865
}