{
    "dataset": "blobs-P5-K16-N1024-dt0.60-S5",
    "algorithm": "kmeans",
    "k": 50,
    "n": 1024,
    "d": 5,
    "k_true": 16,
    "rand_score": 0.9489380956744868,
    "adjusted_rand_score": 0.36652422098665727,
    "accuracy": 0.392578125,
    "f1_score": 0.17267459869407703,
    "precision": 0.28508872781341715,
    "recall": 0.125625,
    "sigui": 0.26989833509468075,
    "sse": 715.4057259606934,
    "sc": 0.16043662363872765,
    "ch": 122.3816699102355,
    "db": 1.5197252799471814,
    "bic": -7209.523821496605,
    "xb": 1226.0620240389364
}