{
    "dataset": "blobs-P5-K8-N128-dt0.70-S6",
    "algorithm": "kmeans",
    "k": 25,
    "n": 128,
    "d": 5,
    "k_true": 8,
    "rand_score": 0.8881643700787402,
    "adjusted_rand_score": 0.2570518389805966,
    "accuracy": 0.375,
    "f1_score": 0.16400222965440356,
    "precision": 0.2634761904761905,
    "recall": 0.12,
    "sigui": 0.28017195053051835,
    "sse": 105.67833764918367,
    "sc": 0.16519104365632442,
    "ch": 21.69915347458754,
    "db": 1.1513993347637805,
    "bic": -1096.4968336916513,
    "xb": 84.15219635808906
}