{
    "dataset": "blobs-P5-K2-N64-dt0.10-S0",
    "algorithm": "kmeans",
    "k": 25,
    "n": 64,
    "d": 5,
    "k_true": 2,
    "rand_score": 0.5496031746031746,
    "adjusted_rand_score": 0.08590604026845637,
    "accuracy": 0.171875,
    "f1_score": 0.023442389758179232,
    "precision": 0.08,
    "recall": 0.01375,
    "sigui": 0.1508648627333798,
    "sse": 16.912166683615855,
    "sc": 0.1773908311923045,
    "ch": 29.122095255616472,
    "db": 0.7722175936573704,
    "bic": -505.1690324397174,
    "xb": 58.274432104166245
}