{
    "dataset": "blobs-P5-K4-N128-dt0.80-S7",
    "algorithm": "kmeans",
    "k": 32,
    "n": 128,
    "d": 5,
    "k_true": 4,
    "rand_score": 0.7515994094488189,
    "adjusted_rand_score": 0.0547787653028499,
    "accuracy": 0.1640625,
    "f1_score": 0.034446123755334276,
    "precision": 0.1109375,
    "recall": 0.0205078125,
    "sigui": 0.2754930174666578,
    "sse": 112.7295350652886,
    "sc": 0.16526588806303172,
    "ch": 14.484558708455573,
    "db": 0.9860726285668715,
    "bic": -1247.5866060063995,
    "xb": 75.19118358803053
}