{
    "dataset": "blobs-P10-K32-N1024-dt0.20-S1",
    "algorithm": "kmeans",
    "k": 2,
    "n": 1024,
    "d": 10,
    "k_true": 32,
    "rand_score": 0.5247815860215054,
    "adjusted_rand_score": 0.0489081501078233,
    "accuracy": 0.0625,
    "f1_score": 0.007354531689379191,
    "precision": 0.003907203907203907,
    "recall": 0.0625,
    "sigui": 0.5565315055390294,
    "sse": 8749.07221549566,
    "sc": 0.1413474377527918,
    "ch": 174.15883172900715,
    "db": 2.375498046407705,
    "bic": -14510.19199426564,
    "xb": 1384.0949993904082
}