{
    "dataset": "blobs-P10-K4-N64-dt0.50-S4",
    "algorithm": "kmeans",
    "k": 32,
    "n": 64,
    "d": 10,
    "k_true": 4,
    "rand_score": 0.7643849206349206,
    "adjusted_rand_score": 0.07407407407407407,
    "accuracy": 0.21875,
    "f1_score": 0.04298563437579456,
    "precision": 0.12053571428571429,
    "recall": 0.02734375,
    "sigui": 0.26624062742286664,
    "sse": 132.80088740722726,
    "sc": 0.05198992539469939,
    "ch": 3.9424463534181218,
    "db": 0.9183231288477957,
    "bic": -1407.7895589328818,
    "xb": 31.41567781959676
}