{
    "dataset": "blobs-P10-K16-N1024-dt0.50-S4",
    "algorithm": "kmeans",
    "k": 8,
    "n": 1024,
    "d": 10,
    "k_true": 16,
    "rand_score": 0.8632697947214076,
    "adjusted_rand_score": 0.20883598045410462,
    "accuracy": 0.3564453125,
    "f1_score": 0.240348798465014,
    "precision": 0.18265588000045985,
    "recall": 0.3564453125,
    "sigui": 0.5125744930939642,
    "sse": 6876.944467063469,
    "sc": 0.09000654145359743,
    "ch": 70.97970488468061,
    "db": 2.150284270442757,
    "bic": -14915.041099046466,
    "xb": 1449.7263184056774
}