{
    "dataset": "blobs-P10-K8-N1024-dt0.20-S1",
    "algorithm": "kmeans",
    "k": 3,
    "n": 1024,
    "d": 10,
    "k_true": 8,
    "rand_score": 0.7702052022238515,
    "adjusted_rand_score": 0.38818873100665685,
    "accuracy": 0.375,
    "f1_score": 0.205117624345216,
    "precision": 0.1413605285269453,
    "recall": 0.375,
    "sigui": 0.49390743528045317,
    "sse": 6298.743461956539,
    "sc": 0.22904213196332524,
    "ch": 319.4306094260598,
    "db": 1.668440351819114,
    "bic": -13278.472334077762,
    "xb": 925.6949206525547
}