{
    "dataset": "blobs-P10-K4-N64-dt0.70-S6",
    "algorithm": "kmeans",
    "k": 8,
    "n": 64,
    "d": 10,
    "k_true": 4,
    "rand_score": 0.6820436507936508,
    "adjusted_rand_score": 0.08769908505591326,
    "accuracy": 0.390625,
    "f1_score": 0.20694175458881342,
    "precision": 0.3360177404295051,
    "recall": 0.1953125,
    "sigui": 0.4791949241354683,
    "sse": 408.0964614755707,
    "sc": 0.055863837219449805,
    "ch": 4.546053404843089,
    "db": 1.6074978633482635,
    "bic": -1057.4402941482072,
    "xb": 89.82240551361153
}