{
    "dataset": "blobs-P5-K16-N64-dt0.10-S0",
    "algorithm": "kmeans",
    "k": 25,
    "n": 64,
    "d": 5,
    "k_true": 16,
    "rand_score": 0.9846230158730159,
    "adjusted_rand_score": 0.7997539218701938,
    "accuracy": 0.78125,
    "f1_score": 0.5485714285714285,
    "precision": 0.64,
    "recall": 0.5,
    "sigui": 0.03613363405906933,
    "sse": 0.6582302176104664,
    "sc": 0.5616132549022945,
    "ch": 788.3721561435218,
    "db": 0.4898544481824725,
    "bic": 7.149266867599863,
    "xb": 172.71497525203299
}