{
    "dataset": "blobs-P5-K8-N128-dt0.60-S5",
    "algorithm": "kmeans",
    "k": 8,
    "n": 128,
    "d": 5,
    "k_true": 8,
    "rand_score": 0.8676181102362205,
    "adjusted_rand_score": 0.39195514817122007,
    "accuracy": 0.5859375,
    "f1_score": 0.5863268892739621,
    "precision": 0.6065344513873925,
    "recall": 0.5859375,
    "sigui": 0.4193948809631098,
    "sse": 253.47157984488564,
    "sc": 0.16628120374360883,
    "ch": 26.141792671306018,
    "db": 1.532480872579191,
    "bic": -989.2173103601359,
    "xb": 125.16384897376935
}