{
    "dataset": "blobs-P2-K4-N64-dt0.80-S7",
    "algorithm": "kmeans",
    "k": 16,
    "n": 64,
    "d": 2,
    "k_true": 4,
    "rand_score": 0.7886904761904762,
    "adjusted_rand_score": 0.21677464542111713,
    "accuracy": 0.3125,
    "f1_score": 0.11199534161490682,
    "precision": 0.20401785714285714,
    "recall": 0.078125,
    "sigui": 0.12728912113869068,
    "sse": 4.486048350274542,
    "sc": 0.44548464806581334,
    "ch": 88.10530213187133,
    "db": 0.5918796057803477,
    "bic": -240.4434294185938,
    "xb": 34.372684709186224
}