{
    "dataset": "blobs-P5-K2-N1024-dt0.40-S3",
    "algorithm": "kmeans",
    "k": 8,
    "n": 1024,
    "d": 5,
    "k_true": 2,
    "rand_score": 0.5714274804496579,
    "adjusted_rand_score": 0.14222658782396494,
    "accuracy": 0.2470703125,
    "f1_score": 0.09777068994862723,
    "precision": 0.2361485916680722,
    "recall": 0.061767578125,
    "sigui": 0.4334240934938449,
    "sse": 2413.629466490001,
    "sc": 0.14507928056231373,
    "ch": 162.74675014310318,
    "db": 1.600577873641528,
    "bic": -7630.952470884546,
    "xb": 778.5606767851997
}