{
    "dataset": "blobs-P10-K32-N128-dt0.10-S0",
    "algorithm": "kmeans",
    "k": 8,
    "n": 128,
    "d": 10,
    "k_true": 32,
    "rand_score": 0.8681102362204725,
    "adjusted_rand_score": 0.23224758639357573,
    "accuracy": 0.25,
    "f1_score": 0.11562499999999999,
    "precision": 0.07847222222222222,
    "recall": 0.25,
    "sigui": 0.4543595565092129,
    "sse": 640.016443875493,
    "sc": 0.22929535994375694,
    "ch": 17.141976243589163,
    "db": 1.5101968555487582,
    "bic": -1836.9337527442565,
    "xb": 94.83417613340079
}