{
    "dataset": "blobs-P5-K4-N64-dt0.80-S7",
    "algorithm": "kmeans",
    "k": 32,
    "n": 64,
    "d": 5,
    "k_true": 4,
    "rand_score": 0.7470238095238095,
    "adjusted_rand_score": 0.0007464079119238664,
    "accuracy": 0.140625,
    "f1_score": 0.028352130325814535,
    "precision": 0.07708333333333334,
    "recall": 0.017578125,
    "sigui": 0.18020338126992178,
    "sse": 29.791679804699122,
    "sc": 0.10874190135951041,
    "ch": 10.055488004540997,
    "db": 0.7298487947367471,
    "bic": -714.6604870716358,
    "xb": 42.346802639916525
}