{
    "dataset": "blobs-P5-K16-N128-dt0.40-S3",
    "algorithm": "kmeans",
    "k": 16,
    "n": 128,
    "d": 5,
    "k_true": 16,
    "rand_score": 0.9587844488188977,
    "adjusted_rand_score": 0.6456443700390628,
    "accuracy": 0.6796875,
    "f1_score": 0.6519586407744302,
    "precision": 0.6728583916083917,
    "recall": 0.6796875,
    "sigui": 0.26715886568153613,
    "sse": 94.86721767666378,
    "sc": 0.31330535113816216,
    "ch": 42.90549332387728,
    "db": 1.0931185965185657,
    "bic": -874.3663272785268,
    "xb": 167.6052188213441
}