{
    "dataset": "blobs-P2-K8-N128-dt0.10-S0",
    "algorithm": "kmeans",
    "k": 16,
    "n": 128,
    "d": 2,
    "k_true": 8,
    "rand_score": 0.9483267716535433,
    "adjusted_rand_score": 0.6939759036144578,
    "accuracy": 0.65625,
    "f1_score": 0.390870665094803,
    "precision": 0.5,
    "recall": 0.328125,
    "sigui": 0.022494674339236416,
    "sse": 0.2625809135820841,
    "sc": 0.4744792720943686,
    "ch": 7272.067251434102,
    "db": 0.7590376310185687,
    "bic": 56.85151876347018,
    "xb": 66.79485824810992
}