{
    "dataset": "blobs-P2-K8-N64-dt0.10-S0",
    "algorithm": "kmeans",
    "k": 2,
    "n": 64,
    "d": 2,
    "k_true": 8,
    "rand_score": 0.6190476190476191,
    "adjusted_rand_score": 0.22857142857142856,
    "accuracy": 0.25,
    "f1_score": 0.1,
    "precision": 0.0625,
    "recall": 0.25,
    "sigui": 0.4288039274382562,
    "sse": 79.47760156169217,
    "sc": 0.39702563260031065,
    "ch": 37.852031818548426,
    "db": 1.1320578710028242,
    "bic": -207.99459625587892,
    "xb": 23.356475660994708
}