{
    "dataset": "blobs-P2-K8-N64-dt0.10-S0",
    "algorithm": "kmeans",
    "k": 32,
    "n": 64,
    "d": 2,
    "k_true": 8,
    "rand_score": 0.910218253968254,
    "adjusted_rand_score": 0.29693569270608544,
    "accuracy": 0.375,
    "f1_score": 0.13484848484848483,
    "precision": 0.25,
    "recall": 0.09375,
    "sigui": 0.009122067894260413,
    "sse": 0.021306564119818606,
    "sc": 0.42177807654969224,
    "ch": 6200.2976004255615,
    "db": 0.4367910483628174,
    "bic": -53.180906191943336,
    "xb": 125.81801100130126
}