{
    "dataset": "blobs-P5-K32-N1024-dt0.90-S8",
    "algorithm": "kmeans",
    "k": 3,
    "n": 1024,
    "d": 5,
    "k_true": 32,
    "rand_score": 0.6785706103372434,
    "adjusted_rand_score": 0.0629036390491774,
    "accuracy": 0.091796875,
    "f1_score": 0.0157465416942967,
    "precision": 0.008612315798586992,
    "recall": 0.091796875,
    "sigui": 0.5106345702727819,
    "sse": 3717.0015169359854,
    "sc": 0.15700296740133252,
    "ch": 192.7080849101711,
    "db": 1.8273366725338276,
    "bic": -7632.233293569065,
    "xb": 903.0022820308932
}