{
    "dataset": "blobs-P5-K32-N128-dt0.10-S0",
    "algorithm": "kmeans",
    "k": 3,
    "n": 128,
    "d": 5,
    "k_true": 32,
    "rand_score": 0.6830708661417323,
    "adjusted_rand_score": 0.0895043861602173,
    "accuracy": 0.09375,
    "f1_score": 0.016617063492063492,
    "precision": 0.009151005244755244,
    "recall": 0.09375,
    "sigui": 0.5184698694754974,
    "sse": 444.7806000983194,
    "sc": 0.18129954173603055,
    "ch": 27.431979927087514,
    "db": 1.7610684602454514,
    "bic": -973.6216740155708,
    "xb": 96.52584573451394
}