{
    "dataset": "blobs-P10-K4-N1024-dt0.10-S0",
    "algorithm": "kmeans",
    "k": 10,
    "n": 1024,
    "d": 10,
    "k_true": 4,
    "rand_score": 0.8812545821114369,
    "adjusted_rand_score": 0.6226937960624362,
    "accuracy": 0.548828125,
    "f1_score": 0.2696948243496916,
    "precision": 0.4,
    "recall": 0.21953125,
    "sigui": 0.30922553042792456,
    "sse": 1825.225487327255,
    "sc": 0.22340044218687435,
    "ch": 519.4232721803314,
    "db": 1.886401499607056,
    "bic": -8305.454419479152,
    "xb": 1281.9790472682369
}