{
    "dataset": "blobs-P5-K4-N64-dt0.50-S4",
    "algorithm": "kmeans",
    "k": 10,
    "n": 64,
    "d": 5,
    "k_true": 4,
    "rand_score": 0.7748015873015873,
    "adjusted_rand_score": 0.259437626223396,
    "accuracy": 0.421875,
    "f1_score": 0.2037878787878788,
    "precision": 0.291421568627451,
    "recall": 0.16875,
    "sigui": 0.3513154463024381,
    "sse": 95.70386241879295,
    "sc": 0.1848764416592766,
    "ch": 14.061886233997788,
    "db": 1.1402297031812545,
    "bic": -523.9276730292927,
    "xb": 45.08954857903599
}