{
    "dataset": "blobs-P2-K4-N64-dt1.00-S9",
    "algorithm": "kmeans",
    "k": 4,
    "n": 64,
    "d": 2,
    "k_true": 4,
    "rand_score": 0.7614087301587301,
    "adjusted_rand_score": 0.38095238095238093,
    "accuracy": 0.578125,
    "f1_score": 0.5512539361223572,
    "precision": 0.5858448616600791,
    "recall": 0.578125,
    "sigui": 0.3009088222874361,
    "sse": 34.564203808262626,
    "sc": 0.40704095901949755,
    "ch": 54.06506494988402,
    "db": 0.7979388610148548,
    "bic": -205.9551840414336,
    "xb": 14.932944879659829
}