{
    "dataset": "blobs-P10-K2-N64-dt1.00-S9",
    "algorithm": "kmeans",
    "k": 8,
    "n": 64,
    "d": 10,
    "k_true": 2,
    "rand_score": 0.5223214285714286,
    "adjusted_rand_score": 0.03354838709677419,
    "accuracy": 0.25,
    "f1_score": 0.0905552672548002,
    "precision": 0.17222222222222222,
    "recall": 0.0625,
    "sigui": 0.4835583193140309,
    "sse": 386.1191478788747,
    "sc": 0.09205421742204031,
    "ch": 5.260155649173193,
    "db": 1.6569317901113756,
    "bic": -1057.117036650664,
    "xb": 70.48834944714172
}