{
    "dataset": "blobs-P2-K8-N1024-dt0.20-S1",
    "algorithm": "kmeans",
    "k": 3,
    "n": 1024,
    "d": 2,
    "k_true": 8,
    "rand_score": 0.7805493187927663,
    "adjusted_rand_score": 0.42561864931157367,
    "accuracy": 0.375,
    "f1_score": 0.2083338101723105,
    "precision": 0.1458338984775016,
    "recall": 0.375,
    "sigui": 0.2964168981649744,
    "sse": 412.44303597037896,
    "sc": 0.5864087027777032,
    "ch": 2024.4052082796907,
    "db": 0.6419532788370783,
    "bic": -2404.3663750849023,
    "xb": 116.80054218204268
}