{
    "dataset": "blobs-P10-K32-N64-dt0.50-S4",
    "algorithm": "kmeans",
    "k": 4,
    "n": 64,
    "d": 10,
    "k_true": 32,
    "rand_score": 0.7356150793650794,
    "adjusted_rand_score": 0.04439511653718091,
    "accuracy": 0.125,
    "f1_score": 0.030754662004662005,
    "precision": 0.01782852564102564,
    "recall": 0.125,
    "sigui": 0.5174130228523057,
    "sse": 470.58932347012666,
    "sc": 0.09427672326180012,
    "ch": 7.199937103572122,
    "db": 2.1962951641575685,
    "bic": -986.6232228099207,
    "xb": 100.3606701517542
}