{
    "dataset": "blobs-P5-K16-N128-dt0.90-S8",
    "algorithm": "kmeans",
    "k": 25,
    "n": 128,
    "d": 5,
    "k_true": 16,
    "rand_score": 0.9446358267716536,
    "adjusted_rand_score": 0.3989904301188348,
    "accuracy": 0.546875,
    "f1_score": 0.39377892695539757,
    "precision": 0.4855555555555556,
    "recall": 0.35,
    "sigui": 0.28693120131957595,
    "sse": 109.70709935268353,
    "sc": 0.20428341633327232,
    "ch": 20.744695454591813,
    "db": 1.1149531985885734,
    "bic": -1112.2762479322191,
    "xb": 87.42564820455515
}