{
    "dataset": "blobs-P5-K2-N1024-dt0.70-S6",
    "algorithm": "kmeans",
    "k": 10,
    "n": 1024,
    "d": 5,
    "k_true": 2,
    "rand_score": 0.5254746303763441,
    "adjusted_rand_score": 0.05020768503454276,
    "accuracy": 0.1806640625,
    "f1_score": 0.06005718728175937,
    "precision": 0.17776236708275542,
    "recall": 0.0361328125,
    "sigui": 0.4393515929417027,
    "sse": 2402.210706453684,
    "sc": 0.15251822070544319,
    "ch": 127.46769447974826,
    "db": 1.4311217850971212,
    "bic": -7885.35860175993,
    "xb": 659.344417814396
}