{
    "dataset": "blobs-P2-K32-N1024-dt0.60-S5",
    "algorithm": "kmeans",
    "k": 3,
    "n": 1024,
    "d": 2,
    "k_true": 32,
    "rand_score": 0.6793743890518084,
    "adjusted_rand_score": 0.10928242264647794,
    "accuracy": 0.09375,
    "f1_score": 0.016792929292929294,
    "precision": 0.009263392857142857,
    "recall": 0.09375,
    "sigui": 0.3856975408662607,
    "sse": 777.2929835817831,
    "sc": 0.424316235694329,
    "ch": 834.5578122837225,
    "db": 0.8512711478294569,
    "bic": -3042.5808827358633,
    "xb": 197.47681151656107
}