{
    "dataset": "blobs-P10-K8-N64-dt0.60-S5",
    "algorithm": "kmeans",
    "k": 4,
    "n": 64,
    "d": 10,
    "k_true": 8,
    "rand_score": 0.7296626984126984,
    "adjusted_rand_score": 0.10509031198686371,
    "accuracy": 0.34375,
    "f1_score": 0.2345906106775672,
    "precision": 0.18011695906432748,
    "recall": 0.34375,
    "sigui": 0.5174617330411883,
    "sse": 477.878627643712,
    "sc": 0.10212933102749341,
    "ch": 6.785043857502644,
    "db": 2.095867388369176,
    "bic": -994.5506223098957,
    "xb": 77.94551599240481
}