{
    "dataset": "blobs-P5-K32-N128-dt0.50-S4",
    "algorithm": "kmeans",
    "k": 25,
    "n": 128,
    "d": 5,
    "k_true": 32,
    "rand_score": 0.9737942913385826,
    "adjusted_rand_score": 0.5863951194899316,
    "accuracy": 0.6953125,
    "f1_score": 0.6176299395049395,
    "precision": 0.5966810966810967,
    "recall": 0.6953125,
    "sigui": 0.23651231759259114,
    "sse": 72.0228178218605,
    "sc": 0.29325167731667456,
    "ch": 33.84439562209585,
    "db": 0.923542398506034,
    "bic": -977.6254579392782,
    "xb": 61.84141769203397
}