{
    "dataset": "blobs-P5-K16-N1024-dt1.00-S9",
    "algorithm": "kmeans",
    "k": 2,
    "n": 1024,
    "d": 5,
    "k_true": 16,
    "rand_score": 0.5264177816471163,
    "adjusted_rand_score": 0.05635202898994546,
    "accuracy": 0.1201171875,
    "f1_score": 0.026761312562990493,
    "precision": 0.015066867989646248,
    "recall": 0.1201171875,
    "sigui": 0.5235076072531537,
    "sse": 4242.999176889376,
    "sc": 0.16232809021907768,
    "ch": 211.2408708681741,
    "db": 2.084629679252135,
    "bic": -7532.682351580767,
    "xb": 1076.7474009242133
}