{
    "dataset": "blobs-P5-K16-N128-dt1.00-S9",
    "algorithm": "kmeans",
    "k": 50,
    "n": 128,
    "d": 5,
    "k_true": 16,
    "rand_score": 0.9340551181102362,
    "adjusted_rand_score": 0.10289931470743278,
    "accuracy": 0.3125,
    "f1_score": 0.13081318681318682,
    "precision": 0.2038095238095238,
    "recall": 0.1,
    "sigui": 0.2141651613412181,
    "sse": 66.32183961933598,
    "sc": 0.1584556795707609,
    "ch": 13.76924968949904,
    "db": 0.8032472142269624,
    "bic": -1420.133665992365,
    "xb": 65.52295356925397
}