{
    "dataset": "blobs-P5-K32-N1024-dt0.60-S5",
    "algorithm": "kmeans",
    "k": 2,
    "n": 1024,
    "d": 5,
    "k_true": 32,
    "rand_score": 0.512318242913001,
    "adjusted_rand_score": 0.04157828383894981,
    "accuracy": 0.0625,
    "f1_score": 0.007484041382346467,
    "precision": 0.00398505603985056,
    "recall": 0.0625,
    "sigui": 0.5417880346039878,
    "sse": 4334.229432386819,
    "sc": 0.1630422587196132,
    "ch": 185.28797370977662,
    "db": 2.2303546176702858,
    "bic": -7579.659950300931,
    "xb": 1195.0092770419178
}