{
    "dataset": "blobs-P10-K4-N128-dt0.40-S3",
    "algorithm": "kmeans",
    "k": 50,
    "n": 128,
    "d": 10,
    "k_true": 4,
    "rand_score": 0.7589812992125984,
    "adjusted_rand_score": 0.051975170805500834,
    "accuracy": 0.125,
    "f1_score": 0.01761737677527151,
    "precision": 0.08,
    "recall": 0.01,
    "sigui": 0.2836263126848602,
    "sse": 253.08379411888336,
    "sc": 0.07203880695989301,
    "ch": 6.45905813789937,
    "db": 1.0151000836341395,
    "bic": -2658.7577970777365,
    "xb": 92.5235233782599
}