{
    "dataset": "blobs-P10-K16-N64-dt0.20-S1",
    "algorithm": "kmeans",
    "k": 50,
    "n": 64,
    "d": 10,
    "k_true": 16,
    "rand_score": 0.9608134920634921,
    "adjusted_rand_score": 0.3020614219604544,
    "accuracy": 0.453125,
    "f1_score": 0.18838095238095234,
    "precision": 0.31,
    "recall": 0.145,
    "sigui": 0.07351311240033921,
    "sse": 16.13328975655883,
    "sc": 0.09438201004489477,
    "ch": 11.04843675330763,
    "db": 0.38612520236269937,
    "bic": -1354.5152331839884,
    "xb": 15.417895433000274
}