{
    "dataset": "blobs-P5-K2-N64-dt1.00-S9",
    "algorithm": "kmeans",
    "k": 3,
    "n": 64,
    "d": 5,
    "k_true": 2,
    "rand_score": 0.5337301587301587,
    "adjusted_rand_score": 0.06220307848229556,
    "accuracy": 0.46875,
    "f1_score": 0.37749287749287747,
    "precision": 0.47727272727272724,
    "recall": 0.3125,
    "sigui": 0.5002254047114811,
    "sse": 236.4851137763135,
    "sc": 0.13587786668044186,
    "ch": 10.77109670518959,
    "db": 1.8693612434055407,
    "bic": -513.5300399687311,
    "xb": 61.917953562813054
}