{
    "dataset": "blobs-P10-K2-N64-dt0.70-S6",
    "algorithm": "kmeans",
    "k": 25,
    "n": 64,
    "d": 10,
    "k_true": 2,
    "rand_score": 0.5163690476190477,
    "adjusted_rand_score": 0.018628876356025628,
    "accuracy": 0.171875,
    "f1_score": 0.02311850311850312,
    "precision": 0.07428571428571429,
    "recall": 0.01375,
    "sigui": 0.3116556054369565,
    "sse": 168.15731818138227,
    "sc": 0.06842728648390442,
    "ch": 4.559684741928437,
    "db": 1.0155526375855486,
    "bic": -1275.8535971390152,
    "xb": 53.570608741656834
}