{
    "dataset": "blobs-P2-K32-N64-dt1.00-S9",
    "algorithm": "kmeans",
    "k": 3,
    "n": 64,
    "d": 2,
    "k_true": 32,
    "rand_score": 0.6453373015873016,
    "adjusted_rand_score": 0.04845898730433681,
    "accuracy": 0.09375,
    "f1_score": 0.018521634615384617,
    "precision": 0.01048254281949934,
    "recall": 0.09375,
    "sigui": 0.3871955997875548,
    "sse": 49.61318431334665,
    "sc": 0.3908954029606392,
    "ch": 48.18876094191295,
    "db": 0.8544875304530547,
    "bic": -205.39356329578283,
    "xb": 14.190995384029238
}