{
    "dataset": "blobs-P10-K16-N128-dt0.30-S2",
    "algorithm": "kmeans",
    "k": 8,
    "n": 128,
    "d": 10,
    "k_true": 16,
    "rand_score": 0.8940698818897638,
    "adjusted_rand_score": 0.4035932650823866,
    "accuracy": 0.484375,
    "f1_score": 0.3486147584033613,
    "precision": 0.2887686965811966,
    "recall": 0.484375,
    "sigui": 0.44751780922763895,
    "sse": 601.1425751127247,
    "sc": 0.2022092970803443,
    "ch": 19.359061122942734,
    "db": 1.4319523395561853,
    "bic": -1803.5602782532515,
    "xb": 79.07226181151319
}