{
    "dataset": "blobs-P10-K32-N1024-dt0.80-S7",
    "algorithm": "kmeans",
    "k": 32,
    "n": 1024,
    "d": 10,
    "k_true": 32,
    "rand_score": 0.9460418194037146,
    "adjusted_rand_score": 0.106888474775584,
    "accuracy": 0.2626953125,
    "f1_score": 0.25760100191377144,
    "precision": 0.2577953841043216,
    "recall": 0.2626953125,
    "sigui": 0.4639752169730119,
    "sse": 5251.003695749767,
    "sc": 0.07733046781942553,
    "ch": 30.403307821936743,
    "db": 1.9593875070653297,
    "bic": -15852.74854615436,
    "xb": 1266.2253880216167
}