{
    "dataset": "blobs-P2-K32-N64-dt0.70-S6",
    "algorithm": "kmeans",
    "k": 3,
    "n": 64,
    "d": 2,
    "k_true": 32,
    "rand_score": 0.6884920634920635,
    "adjusted_rand_score": 0.06414987226795345,
    "accuracy": 0.09375,
    "f1_score": 0.016266025641025642,
    "precision": 0.00891729797979798,
    "recall": 0.09375,
    "sigui": 0.3792916363782318,
    "sse": 50.72180099593545,
    "sc": 0.36425912051688614,
    "ch": 46.468875776174485,
    "db": 0.8925030322438764,
    "bic": -211.03413141102635,
    "xb": 16.046248233321407
}