{
    "dataset": "blobs-P10-K16-N128-dt0.60-S5",
    "algorithm": "kmeans",
    "k": 20,
    "n": 128,
    "d": 10,
    "k_true": 16,
    "rand_score": 0.9106791338582677,
    "adjusted_rand_score": 0.12780006054184956,
    "accuracy": 0.3671875,
    "f1_score": 0.3180961522137993,
    "precision": 0.3973015873015873,
    "recall": 0.29375,
    "sigui": 0.4368208268949236,
    "sse": 576.1935902588656,
    "sc": 0.07922853909088196,
    "ch": 6.943124447013972,
    "db": 1.6277607417060906,
    "bic": -2217.6192790799264,
    "xb": 134.17362537601858
}