{
    "dataset": "blobs-P2-K16-N128-dt0.10-S0",
    "algorithm": "kmeans",
    "k": 8,
    "n": 128,
    "d": 2,
    "k_true": 16,
    "rand_score": 0.8818897637795275,
    "adjusted_rand_score": 0.43555555555555553,
    "accuracy": 0.5,
    "f1_score": 0.38541666666666663,
    "precision": 0.3458333333333333,
    "recall": 0.5,
    "sigui": 0.11464889972510942,
    "sse": 9.441014706636311,
    "sc": 0.707078178268213,
    "ch": 447.698218201152,
    "db": 0.32018541230085074,
    "bic": -241.28540417782096,
    "xb": 21.89225942271689
}