{
    "dataset": "blobs-P10-K16-N64-dt0.10-S0",
    "algorithm": "kmeans",
    "k": 4,
    "n": 64,
    "d": 10,
    "k_true": 16,
    "rand_score": 0.7698412698412699,
    "adjusted_rand_score": 0.23008849557522124,
    "accuracy": 0.25,
    "f1_score": 0.11160714285714285,
    "precision": 0.075,
    "recall": 0.25,
    "sigui": 0.481531493629033,
    "sse": 351.40825368452244,
    "sc": 0.28370512903429346,
    "ch": 16.424870121267066,
    "db": 1.4387906819502534,
    "bic": -891.948339534325,
    "xb": 39.118334097140576
}