{
    "dataset": "blobs-P2-K16-N1024-dt0.80-S7",
    "algorithm": "kmeans",
    "k": 32,
    "n": 1024,
    "d": 2,
    "k_true": 16,
    "rand_score": 0.9525866019061584,
    "adjusted_rand_score": 0.48419353317934577,
    "accuracy": 0.5146484375,
    "f1_score": 0.3153989316065732,
    "precision": 0.4218287901361624,
    "recall": 0.25732421875,
    "sigui": 0.07841838138222243,
    "sse": 25.810968828945327,
    "sc": 0.3529084256075943,
    "ch": 2507.0755548278994,
    "db": 0.9213716736287199,
    "bic": -2240.8573376065124,
    "xb": 363.4233729003615
}