{
    "dataset": "blobs-P5-K16-N1024-dt0.70-S6",
    "algorithm": "kmeans",
    "k": 20,
    "n": 1024,
    "d": 5,
    "k_true": 16,
    "rand_score": 0.9570751619012707,
    "adjusted_rand_score": 0.5969003289435462,
    "accuracy": 0.7109375,
    "f1_score": 0.6071635682733947,
    "precision": 0.6577037854192629,
    "recall": 0.56875,
    "sigui": 0.33291465565492007,
    "sse": 1181.711839234833,
    "sc": 0.20340158587504162,
    "ch": 176.10675516507698,
    "db": 1.491222697702997,
    "bic": -6972.784395519079,
    "xb": 1291.8236501503777
}