{
    "dataset": "blobs-P10-K4-N1024-dt0.90-S8",
    "algorithm": "kmeans",
    "k": 10,
    "n": 1024,
    "d": 10,
    "k_true": 4,
    "rand_score": 0.7168312408357771,
    "adjusted_rand_score": 0.05474905547509338,
    "accuracy": 0.2236328125,
    "f1_score": 0.12517479561573225,
    "precision": 0.2109170898615745,
    "recall": 0.089453125,
    "sigui": 0.5172427408080507,
    "sse": 7128.084890065137,
    "sc": 0.07244897154886648,
    "ch": 49.186998723129754,
    "db": 2.202505146267947,
    "bic": -15408.551692968234,
    "xb": 1368.5135041246929
}