{
    "dataset": "blobs-P10-K16-N1024-dt1.00-S9",
    "algorithm": "kmeans",
    "k": 2,
    "n": 1024,
    "d": 10,
    "k_true": 16,
    "rand_score": 0.5114037298387096,
    "adjusted_rand_score": 0.021998666255070957,
    "accuracy": 0.111328125,
    "f1_score": 0.024733472587689553,
    "precision": 0.01391220172811719,
    "recall": 0.111328125,
    "sigui": 0.5656794831605509,
    "sse": 9446.140109920052,
    "sc": 0.0747655287917972,
    "ch": 85.8895589331435,
    "db": 3.3660244760667157,
    "bic": -14902.791155429502,
    "xb": 2623.9716712585523
}