{
    "dataset": "blobs-P5-K2-N128-dt0.10-S0",
    "algorithm": "kmeans",
    "k": 4,
    "n": 128,
    "d": 5,
    "k_true": 2,
    "rand_score": 0.7522145669291339,
    "adjusted_rand_score": 0.5024568065016864,
    "accuracy": 0.5625,
    "f1_score": 0.3599359935993599,
    "precision": 0.5,
    "recall": 0.28125,
    "sigui": 0.3435725577676456,
    "sse": 185.89585772705607,
    "sc": 0.3002555126134734,
    "ch": 100.96856438928175,
    "db": 1.2207872855328759,
    "bic": -747.2740617642548,
    "xb": 59.47403354479405
}