{
    "dataset": "blobs-P2-K4-N1024-dt0.60-S5",
    "algorithm": "kmeans",
    "k": 10,
    "n": 1024,
    "d": 2,
    "k_true": 4,
    "rand_score": 0.7935758797653959,
    "adjusted_rand_score": 0.3174692016310576,
    "accuracy": 0.3994140625,
    "f1_score": 0.21595818151327123,
    "precision": 0.3396449646244167,
    "recall": 0.159765625,
    "sigui": 0.2177926236802817,
    "sse": 211.6737147174324,
    "sc": 0.33887948719128375,
    "ch": 977.4382046362942,
    "db": 0.9121405071785365,
    "bic": -3007.921637690687,
    "xb": 312.32981618758816
}