{
    "dataset": "blobs-P10-K8-N64-dt0.80-S7",
    "algorithm": "kmeans",
    "k": 20,
    "n": 64,
    "d": 10,
    "k_true": 8,
    "rand_score": 0.8511904761904762,
    "adjusted_rand_score": 0.04051172707889126,
    "accuracy": 0.265625,
    "f1_score": 0.1338095238095238,
    "precision": 0.19833333333333333,
    "recall": 0.10625,
    "sigui": 0.36795664402463196,
    "sse": 217.98711178755357,
    "sc": 0.09755513086043158,
    "ch": 4.48326048392213,
    "db": 1.2125371790277537,
    "bic": -1220.3788626618652,
    "xb": 44.29502897406213
}