{
    "dataset": "blobs-P5-K4-N64-dt0.30-S2",
    "algorithm": "kmeans",
    "k": 20,
    "n": 64,
    "d": 5,
    "k_true": 4,
    "rand_score": 0.8090277777777778,
    "adjusted_rand_score": 0.2817802256373812,
    "accuracy": 0.375,
    "f1_score": 0.1075776397515528,
    "precision": 0.2,
    "recall": 0.075,
    "sigui": 0.19921008469848742,
    "sse": 27.484473875246398,
    "sc": 0.23164410137526448,
    "ch": 24.64680165840832,
    "db": 0.9444598051596534,
    "bic": -502.01887182628525,
    "xb": 46.692962031826795
}