{
    "dataset": "blobs-P2-K32-N64-dt0.20-S1",
    "algorithm": "kmeans",
    "k": 2,
    "n": 64,
    "d": 2,
    "k_true": 32,
    "rand_score": 0.49206349206349204,
    "adjusted_rand_score": 0.028901734104046242,
    "accuracy": 0.0625,
    "f1_score": 0.007783882783882784,
    "precision": 0.004166666666666667,
    "recall": 0.0625,
    "sigui": 0.4657557193239009,
    "sse": 82.62634438938339,
    "sc": 0.35126673877459846,
    "ch": 34.04684872177029,
    "db": 1.1593848380000487,
    "bic": -208.4598369606496,
    "xb": 24.298846119378137
}