{
    "dataset": "blobs-P10-K4-N64-dt0.10-S0",
    "algorithm": "kmeans",
    "k": 8,
    "n": 64,
    "d": 10,
    "k_true": 4,
    "rand_score": 0.8898809523809523,
    "adjusted_rand_score": 0.6391082210868555,
    "accuracy": 0.65625,
    "f1_score": 0.3943766578249337,
    "precision": 0.5,
    "recall": 0.328125,
    "sigui": 0.2778854446769145,
    "sse": 93.37647169898854,
    "sc": 0.24723322297500505,
    "ch": 46.83179977612562,
    "db": 1.3295644617752305,
    "bic": -606.4754866561741,
    "xb": 58.29235479125783
}