{
    "dataset": "blobs-P2-K32-N128-dt0.60-S5",
    "algorithm": "kmeans",
    "k": 16,
    "n": 128,
    "d": 2,
    "k_true": 32,
    "rand_score": 0.953986220472441,
    "adjusted_rand_score": 0.4804305497823186,
    "accuracy": 0.5,
    "f1_score": 0.3572358197358197,
    "precision": 0.2931096681096681,
    "recall": 0.5,
    "sigui": 0.12725671370913227,
    "sse": 7.377280823446267,
    "sc": 0.5467464688193069,
    "ch": 251.6351233304956,
    "db": 0.6047557113354757,
    "bic": -370.4071588863774,
    "xb": 34.29397443819494
}