{
    "dataset": "blobs-P10-K16-N64-dt0.50-S4",
    "algorithm": "kmeans",
    "k": 25,
    "n": 64,
    "d": 10,
    "k_true": 16,
    "rand_score": 0.935515873015873,
    "adjusted_rand_score": 0.22794117647058823,
    "accuracy": 0.46875,
    "f1_score": 0.33096103896103896,
    "precision": 0.43714285714285717,
    "recall": 0.3,
    "sigui": 0.3346573659819985,
    "sse": 180.54340043980778,
    "sc": 0.0397219561756086,
    "ch": 4.135387792999007,
    "db": 1.079371329621371,
    "bic": -1303.6696382150926,
    "xb": 48.08557513946922
}