{
    "dataset": "blobs-P5-K16-N64-dt1.00-S9",
    "algorithm": "kmeans",
    "k": 8,
    "n": 64,
    "d": 5,
    "k_true": 16,
    "rand_score": 0.8655753968253969,
    "adjusted_rand_score": 0.19288044249042688,
    "accuracy": 0.390625,
    "f1_score": 0.2777665043290043,
    "precision": 0.23199404761904763,
    "recall": 0.390625,
    "sigui": 0.3986878435595501,
    "sse": 115.37050176179386,
    "sc": 0.20632300538705461,
    "ch": 14.189380828781058,
    "db": 1.2479523457041464,
    "bic": -519.7311211580122,
    "xb": 48.59338579116223
}