{
    "dataset": "blobs-P5-K32-N64-dt0.30-S2",
    "algorithm": "kmeans",
    "k": 50,
    "n": 64,
    "d": 5,
    "k_true": 32,
    "rand_score": 0.9895833333333334,
    "adjusted_rand_score": 0.548618219037871,
    "accuracy": 0.703125,
    "f1_score": 0.5093333333333332,
    "precision": 0.6333333333333333,
    "recall": 0.45,
    "sigui": 0.03762203259109875,
    "sse": 1.6345397718548373,
    "sc": 0.259420857186389,
    "ch": 55.64964623770719,
    "db": 0.19918253547315332,
    "bic": -597.9885072764483,
    "xb": 50.803167276283915
}