{
    "dataset": "blobs-P5-K4-N128-dt0.20-S1",
    "algorithm": "kmeans",
    "k": 25,
    "n": 128,
    "d": 5,
    "k_true": 4,
    "rand_score": 0.797244094488189,
    "adjusted_rand_score": 0.2377816947572363,
    "accuracy": 0.28125,
    "f1_score": 0.06914928346507293,
    "precision": 0.16,
    "recall": 0.045,
    "sigui": 0.21329086936854993,
    "sse": 55.71148795486664,
    "sc": 0.20321042305797,
    "ch": 45.00995437227982,
    "db": 1.1918744993927104,
    "bic": -894.3970285233672,
    "xb": 116.18299217731133
}