{
    "dataset": "blobs-P2-K4-N1024-dt0.40-S3",
    "algorithm": "kmeans",
    "k": 8,
    "n": 1024,
    "d": 2,
    "k_true": 4,
    "rand_score": 0.8465813630254154,
    "adjusted_rand_score": 0.5164595983223341,
    "accuracy": 0.5400390625,
    "f1_score": 0.3436161266358313,
    "precision": 0.4878124276986583,
    "recall": 0.27001953125,
    "sigui": 0.2025397340647604,
    "sse": 191.49697646799302,
    "sc": 0.3380973724209634,
    "ch": 1407.1143999227895,
    "db": 1.0160044507013564,
    "bic": -2644.1212275670387,
    "xb": 329.8548375340911
}