{
    "dataset": "blobs-P2-K16-N128-dt0.40-S3",
    "algorithm": "kmeans",
    "k": 20,
    "n": 128,
    "d": 2,
    "k_true": 16,
    "rand_score": 0.9817913385826772,
    "adjusted_rand_score": 0.8158987619495377,
    "accuracy": 0.859375,
    "f1_score": 0.7165023040255238,
    "precision": 0.7708080808080808,
    "recall": 0.6875,
    "sigui": 0.053521816289702054,
    "sse": 1.3277004351129902,
    "sc": 0.5570672898777216,
    "ch": 1090.3144471927394,
    "db": 0.6486853717035292,
    "bic": -211.64346834576514,
    "xb": 71.2728210735612
}