{
    "dataset": "blobs-P10-K2-N1024-dt1.00-S9",
    "algorithm": "kmeans",
    "k": 25,
    "n": 1024,
    "d": 10,
    "k_true": 2,
    "rand_score": 0.504018893572825,
    "adjusted_rand_score": 0.007144258787157627,
    "accuracy": 0.06640625,
    "f1_score": 0.009784299263744937,
    "precision": 0.061946169772256726,
    "recall": 0.0053125,
    "sigui": 0.48251419730798467,
    "sse": 5747.229486714622,
    "sc": 0.07729628065367068,
    "ch": 32.53943018071622,
    "db": 1.968495336795452,
    "bic": -15815.690217959838,
    "xb": 1270.4993573718023
}