{
    "dataset": "blobs-P5-K16-N128-dt0.50-S4",
    "algorithm": "kmeans",
    "k": 3,
    "n": 128,
    "d": 5,
    "k_true": 16,
    "rand_score": 0.7060777559055118,
    "adjusted_rand_score": 0.15897303695326165,
    "accuracy": 0.1875,
    "f1_score": 0.05954190186712982,
    "precision": 0.035432301438399,
    "recall": 0.1875,
    "sigui": 0.49137449429596497,
    "sse": 417.38429615193763,
    "sc": 0.1862172018650498,
    "ch": 33.33494244699391,
    "db": 1.6251947666039868,
    "bic": -955.1976307280981,
    "xb": 94.99005411162685
}