{
    "dataset": "blobs-P10-K16-N64-dt0.90-S8",
    "algorithm": "kmeans",
    "k": 16,
    "n": 64,
    "d": 10,
    "k_true": 16,
    "rand_score": 0.8864087301587301,
    "adjusted_rand_score": 0.03800760152030406,
    "accuracy": 0.375,
    "f1_score": 0.37420461482961487,
    "precision": 0.49379960317460314,
    "recall": 0.375,
    "sigui": 0.40163940138630594,
    "sse": 270.11480917940065,
    "sc": 0.07498945403494496,
    "ch": 4.381961189842765,
    "db": 1.3207123429940428,
    "bic": -1172.568608317181,
    "xb": 51.74200976132884
}