{
    "dataset": "blobs-P5-K4-N64-dt0.80-S7",
    "algorithm": "kmeans",
    "k": 16,
    "n": 64,
    "d": 5,
    "k_true": 4,
    "rand_score": 0.7291666666666666,
    "adjusted_rand_score": 0.009502418797512093,
    "accuracy": 0.203125,
    "f1_score": 0.07393421795595709,
    "precision": 0.13720238095238096,
    "recall": 0.05078125,
    "sigui": 0.3039349981012396,
    "sse": 75.9535658237983,
    "sc": 0.15405487193323655,
    "ch": 10.281921340935291,
    "db": 1.0101395123630954,
    "bic": -596.0645086601845,
    "xb": 44.57668482094701
}