{
    "dataset": "blobs-P10-K4-N128-dt0.30-S2",
    "algorithm": "kmeans",
    "k": 3,
    "n": 128,
    "d": 10,
    "k_true": 4,
    "rand_score": 0.7725147637795275,
    "adjusted_rand_score": 0.4666422878532183,
    "accuracy": 0.6796875,
    "f1_score": 0.5969845273123962,
    "precision": 0.5521186440677965,
    "recall": 0.6796875,
    "sigui": 0.5238500533160203,
    "sse": 929.0792853431693,
    "sc": 0.14952936387317795,
    "ch": 23.606752418283442,
    "db": 2.177176673382284,
    "bic": -1826.6871890228067,
    "xb": 188.9668049150608
}