{
    "dataset": "blobs-P10-K2-N128-dt0.70-S6",
    "algorithm": "kmeans",
    "k": 4,
    "n": 128,
    "d": 10,
    "k_true": 2,
    "rand_score": 0.5397391732283464,
    "adjusted_rand_score": 0.0757769992277181,
    "accuracy": 0.390625,
    "f1_score": 0.26097935880544576,
    "precision": 0.39642857142857146,
    "recall": 0.1953125,
    "sigui": 0.5456518978994805,
    "sse": 1019.9914526264149,
    "sc": 0.07131220409165359,
    "ch": 10.536382369122089,
    "db": 2.6620304869496607,
    "bic": -1955.0156906692068,
    "xb": 240.9113164950111
}