{
    "dataset": "blobs-P2-K4-N64-dt0.30-S2",
    "algorithm": "kmeans",
    "k": 50,
    "n": 64,
    "d": 2,
    "k_true": 4,
    "rand_score": 0.7693452380952381,
    "adjusted_rand_score": 0.04889451641180481,
    "accuracy": 0.15625,
    "f1_score": 0.021333333333333333,
    "precision": 0.08,
    "recall": 0.0125,
    "sigui": 0.010432457637613964,
    "sse": 0.05090955562262108,
    "sc": 0.25262062186632317,
    "ch": 718.0750752391991,
    "db": 0.1562984029077503,
    "bic": -285.0802798225257,
    "xb": 99.03015582969651
}