{
    "dataset": "blobs-P5-K32-N1024-dt0.90-S8",
    "algorithm": "kmeans",
    "k": 10,
    "n": 1024,
    "d": 5,
    "k_true": 32,
    "rand_score": 0.8981988483626588,
    "adjusted_rand_score": 0.20073975926709053,
    "accuracy": 0.2724609375,
    "f1_score": 0.13436873077339045,
    "precision": 0.09097337860424085,
    "recall": 0.2724609375,
    "sigui": 0.41398778780974343,
    "sse": 2130.0584638791743,
    "sc": 0.17472097732773864,
    "ch": 158.14906121846954,
    "db": 1.4492776177724103,
    "bic": -7561.859547575893,
    "xb": 665.3950169802365
}