{
    "dataset": "blobs-P2-K8-N64-dt0.90-S8",
    "algorithm": "kmeans",
    "k": 3,
    "n": 64,
    "d": 2,
    "k_true": 8,
    "rand_score": 0.6706349206349206,
    "adjusted_rand_score": 0.2294997421351212,
    "accuracy": 0.375,
    "f1_score": 0.23928571428571427,
    "precision": 0.19986631016042783,
    "recall": 0.375,
    "sigui": 0.3258331964795114,
    "sse": 32.98061644450107,
    "sc": 0.5331764650489673,
    "ch": 87.87256003293784,
    "db": 0.6130870739031055,
    "bic": -175.2544329921009,
    "xb": 8.83337908135439
}