{
    "dataset": "blobs-P5-K8-N64-dt0.80-S7",
    "algorithm": "kmeans",
    "k": 8,
    "n": 64,
    "d": 5,
    "k_true": 8,
    "rand_score": 0.8090277777777778,
    "adjusted_rand_score": 0.12078152753108348,
    "accuracy": 0.40625,
    "f1_score": 0.3842142120005897,
    "precision": 0.38867035742035744,
    "recall": 0.40625,
    "sigui": 0.40889668941117374,
    "sse": 133.62574276992208,
    "sc": 0.15889706986891527,
    "ch": 11.15798518259935,
    "db": 1.2363246523810272,
    "bic": -540.4556109114411,
    "xb": 42.31611980615943
}