{
    "dataset": "blobs-P2-K32-N128-dt1.00-S9",
    "algorithm": "kmeans",
    "k": 16,
    "n": 128,
    "d": 2,
    "k_true": 32,
    "rand_score": 0.9510334645669292,
    "adjusted_rand_score": 0.4335948005378754,
    "accuracy": 0.5,
    "f1_score": 0.35945753055853674,
    "precision": 0.30033959096459095,
    "recall": 0.5,
    "sigui": 0.13262842786844042,
    "sse": 8.189711327143149,
    "sc": 0.4349423897923054,
    "ch": 225.9318733199011,
    "db": 0.6781425466062468,
    "bic": -384.12137369447,
    "xb": 39.740333320005355
}