{
    "dataset": "blobs-P10-K2-N1024-dt0.30-S2",
    "algorithm": "kmeans",
    "k": 3,
    "n": 1024,
    "d": 10,
    "k_true": 2,
    "rand_score": 0.7858302022238515,
    "adjusted_rand_score": 0.571537515004177,
    "accuracy": 0.69140625,
    "f1_score": 0.5265022442242498,
    "precision": 0.6372743058304438,
    "recall": 0.4609375,
    "sigui": 0.5366964822245168,
    "sse": 8077.349359814333,
    "sc": 0.10916947580552641,
    "ch": 136.6826049777498,
    "db": 2.627714743373162,
    "bic": -14524.400303389235,
    "xb": 2148.098702357741
}