{
    "dataset": "blobs-P10-K8-N64-dt0.20-S1",
    "algorithm": "kmeans",
    "k": 4,
    "n": 64,
    "d": 10,
    "k_true": 8,
    "rand_score": 0.7951388888888888,
    "adjusted_rand_score": 0.3917525773195876,
    "accuracy": 0.5,
    "f1_score": 0.3601591361182154,
    "precision": 0.2968253968253968,
    "recall": 0.5,
    "sigui": 0.4693750587349441,
    "sse": 338.0656440606522,
    "sc": 0.23958625697196553,
    "ch": 17.862469094030622,
    "db": 1.37680464130915,
    "bic": -878.687565199282,
    "xb": 35.8733016200173
}