{
    "dataset": "blobs-P5-K16-N64-dt0.90-S8",
    "algorithm": "kmeans",
    "k": 50,
    "n": 64,
    "d": 5,
    "k_true": 16,
    "rand_score": 0.9459325396825397,
    "adjusted_rand_score": 0.021376656690893545,
    "accuracy": 0.28125,
    "f1_score": 0.12457142857142857,
    "precision": 0.2333333333333333,
    "recall": 0.09,
    "sigui": 0.068971060381774,
    "sse": 6.040098714377991,
    "sc": 0.12222947531667767,
    "ch": 14.851219024817997,
    "db": 0.3736990387273513,
    "bic": -806.0714630901132,
    "xb": 16.467559484136533
}