{
    "dataset": "blobs-P10-K8-N1024-dt0.40-S3",
    "algorithm": "kmeans",
    "k": 2,
    "n": 1024,
    "d": 10,
    "k_true": 8,
    "rand_score": 0.5752936369745846,
    "adjusted_rand_score": 0.15125235769633438,
    "accuracy": 0.248046875,
    "f1_score": 0.09937516959158679,
    "precision": 0.062159088737266596,
    "recall": 0.248046875,
    "sigui": 0.5529107793485151,
    "sse": 8668.349551636344,
    "sc": 0.14234540611032376,
    "ch": 185.30147914174236,
    "db": 2.289474680439914,
    "bic": -14461.824874652544,
    "xb": 1304.3270861734882
}