{
    "dataset": "blobs-P2-K16-N1024-dt0.10-S0",
    "algorithm": "kmeans",
    "k": 2,
    "n": 1024,
    "d": 2,
    "k_true": 16,
    "rand_score": 0.5620723362658846,
    "adjusted_rand_score": 0.12339331619537275,
    "accuracy": 0.125,
    "f1_score": 0.027777777777777776,
    "precision": 0.015625,
    "recall": 0.125,
    "sigui": 0.4328089808655426,
    "sse": 1069.8780837636195,
    "sc": 0.459265754620913,
    "ch": 934.3500101217545,
    "db": 0.9832916190899385,
    "bic": -2971.6625382477637,
    "xb": 248.4960358573924
}