{
    "dataset": "blobs-P10-K8-N1024-dt0.40-S3",
    "algorithm": "kmeans",
    "k": 4,
    "n": 1024,
    "d": 10,
    "k_true": 8,
    "rand_score": 0.7822733382209188,
    "adjusted_rand_score": 0.35436931335823607,
    "accuracy": 0.48046875,
    "f1_score": 0.3407635950940057,
    "precision": 0.2784228661325907,
    "recall": 0.48046875,
    "sigui": 0.5216528020990884,
    "sse": 7242.4422640741905,
    "sc": 0.13838699305425958,
    "ch": 140.72181635058664,
    "db": 2.027851738490874,
    "bic": -14257.119562729256,
    "xb": 1170.1907004735644
}