{
    "dataset": "blobs-P5-K2-N64-dt0.50-S4",
    "algorithm": "kmeans",
    "k": 16,
    "n": 64,
    "d": 5,
    "k_true": 2,
    "rand_score": 0.5322420634920635,
    "adjusted_rand_score": 0.05129269733795372,
    "accuracy": 0.1875,
    "f1_score": 0.037980769230769235,
    "precision": 0.10044642857142858,
    "recall": 0.0234375,
    "sigui": 0.3103317845290291,
    "sse": 68.74121726456207,
    "sc": 0.19063097407276236,
    "ch": 11.696448459138637,
    "db": 1.0408162527972105,
    "bic": -583.4546419108983,
    "xb": 42.11426726404888
}