{
    "dataset": "blobs-P10-K32-N64-dt0.80-S7",
    "algorithm": "kmeans",
    "k": 16,
    "n": 64,
    "d": 10,
    "k_true": 32,
    "rand_score": 0.9330357142857143,
    "adjusted_rand_score": 0.09492391188677238,
    "accuracy": 0.375,
    "f1_score": 0.2683035714285714,
    "precision": 0.23020833333333335,
    "recall": 0.375,
    "sigui": 0.4149310855034455,
    "sse": 261.6609692494262,
    "sc": 0.09000121524852897,
    "ch": 4.626922012383743,
    "db": 1.4192414941968576,
    "bic": -1171.0441880657686,
    "xb": 46.61433674827674
}