{
    "dataset": "blobs-P5-K32-N1024-dt0.30-S2",
    "algorithm": "kmeans",
    "k": 4,
    "n": 1024,
    "d": 5,
    "k_true": 32,
    "rand_score": 0.7409140548631477,
    "adjusted_rand_score": 0.14025869806240432,
    "accuracy": 0.125,
    "f1_score": 0.030844017094017094,
    "precision": 0.017827671408628624,
    "recall": 0.125,
    "sigui": 0.44619822403021037,
    "sse": 2596.294296963174,
    "sc": 0.3130161406692369,
    "ch": 330.50014594742333,
    "db": 1.2112763829943534,
    "bic": -6954.476525607458,
    "xb": 437.4458847467958
}