{
    "dataset": "blobs-P2-K8-N1024-dt0.70-S6",
    "algorithm": "kmeans",
    "k": 10,
    "n": 1024,
    "d": 2,
    "k_true": 8,
    "rand_score": 0.9144825268817204,
    "adjusted_rand_score": 0.5796092724131551,
    "accuracy": 0.7001953125,
    "f1_score": 0.6035340334754903,
    "precision": 0.6642336123884711,
    "recall": 0.56015625,
    "sigui": 0.19350397088520777,
    "sse": 143.1910626206296,
    "sc": 0.3839222623656293,
    "ch": 1498.7560653837218,
    "db": 0.8964636148776973,
    "bic": -2610.36680658622,
    "xb": 298.8910268856684
}