{
    "dataset": "blobs-P10-K4-N128-dt0.70-S6",
    "algorithm": "kmeans",
    "k": 32,
    "n": 128,
    "d": 10,
    "k_true": 4,
    "rand_score": 0.7439714566929134,
    "adjusted_rand_score": 0.018224842399319447,
    "accuracy": 0.1171875,
    "f1_score": 0.024097307221542227,
    "precision": 0.07102272727272727,
    "recall": 0.0146484375,
    "sigui": 0.38148483013269024,
    "sse": 442.7022554693852,
    "sc": 0.08289798345548602,
    "ch": 5.857033741175486,
    "db": 1.3406662272876595,
    "bic": -2440.3974318479095,
    "xb": 125.35515265003491
}