{
    "dataset": "blobs-P5-K32-N128-dt1.00-S9",
    "algorithm": "kmeans",
    "k": 10,
    "n": 128,
    "d": 5,
    "k_true": 32,
    "rand_score": 0.9095718503937008,
    "adjusted_rand_score": 0.27667010205425846,
    "accuracy": 0.3125,
    "f1_score": 0.15832988031831044,
    "precision": 0.10858044733044733,
    "recall": 0.3125,
    "sigui": 0.3652743589796476,
    "sse": 205.28822960330734,
    "sc": 0.21769636866435296,
    "ch": 27.763668350555236,
    "db": 1.244164990539429,
    "bic": -977.9339550148588,
    "xb": 96.60111892532201
}