{
    "dataset": "blobs-P5-K8-N128-dt0.30-S2",
    "algorithm": "kmeans",
    "k": 16,
    "n": 128,
    "d": 5,
    "k_true": 8,
    "rand_score": 0.95435531496063,
    "adjusted_rand_score": 0.7379899793692897,
    "accuracy": 0.6953125,
    "f1_score": 0.39645922917662046,
    "precision": 0.5,
    "recall": 0.34765625,
    "sigui": 0.22151161935542352,
    "sse": 55.49012003919302,
    "sc": 0.30032053445919643,
    "ch": 78.65076582927071,
    "db": 1.2539903350812458,
    "bic": -699.0120292830657,
    "xb": 100.28508610166531
}