{
    "dataset": "blobs-P10-K16-N128-dt0.10-S0",
    "algorithm": "kmeans",
    "k": 10,
    "n": 128,
    "d": 10,
    "k_true": 16,
    "rand_score": 0.952755905511811,
    "adjusted_rand_score": 0.6768447837150128,
    "accuracy": 0.625,
    "f1_score": 0.5,
    "precision": 0.4375,
    "recall": 0.625,
    "sigui": 0.3164718072614347,
    "sse": 262.194108690585,
    "sc": 0.4883184368658548,
    "ch": 50.89575123234035,
    "db": 0.8879323023096679,
    "bic": -1358.7740604379478,
    "xb": 34.558729470901156
}