{
    "dataset": "blobs-P2-K4-N128-dt0.80-S7",
    "algorithm": "kmeans",
    "k": 10,
    "n": 128,
    "d": 2,
    "k_true": 4,
    "rand_score": 0.7859251968503937,
    "adjusted_rand_score": 0.28403877556310103,
    "accuracy": 0.4140625,
    "f1_score": 0.21659787945634382,
    "precision": 0.31833333333333336,
    "recall": 0.165625,
    "sigui": 0.19548310881821154,
    "sse": 23.562365247584285,
    "sc": 0.3777718826320824,
    "ch": 129.33827413422463,
    "db": 0.8550750093524186,
    "bic": -416.32320035869543,
    "xb": 46.9204648156002
}