{
    "dataset": "blobs-P10-K2-N128-dt0.40-S3",
    "algorithm": "kmeans",
    "k": 8,
    "n": 128,
    "d": 10,
    "k_true": 2,
    "rand_score": 0.578248031496063,
    "adjusted_rand_score": 0.15167363609083503,
    "accuracy": 0.3125,
    "f1_score": 0.1170940170940171,
    "precision": 0.25,
    "recall": 0.078125,
    "sigui": 0.48745001525941944,
    "sse": 804.4013596169491,
    "sc": 0.08027904223240455,
    "ch": 10.13563621188581,
    "db": 1.9602894202213645,
    "bic": -1989.6184395942068,
    "xb": 159.11740505832282
}