{
    "dataset": "blobs-P2-K16-N128-dt0.80-S7",
    "algorithm": "kmeans",
    "k": 32,
    "n": 128,
    "d": 2,
    "k_true": 16,
    "rand_score": 0.9557086614173228,
    "adjusted_rand_score": 0.4728346093533807,
    "accuracy": 0.5546875,
    "f1_score": 0.3281988385389121,
    "precision": 0.4290798611111111,
    "recall": 0.27734375,
    "sigui": 0.06285038478154253,
    "sse": 2.1549292193133365,
    "sc": 0.42736612698078585,
    "ch": 364.791965001794,
    "db": 0.6756939743986847,
    "bic": -415.5565409569191,
    "xb": 103.98496683822316
}