{
    "dataset": "blobs-P5-K4-N64-dt0.60-S5",
    "algorithm": "kmeans",
    "k": 50,
    "n": 64,
    "d": 5,
    "k_true": 4,
    "rand_score": 0.7633928571428571,
    "adjusted_rand_score": 0.028513238289205704,
    "accuracy": 0.15625,
    "f1_score": 0.02071846282372598,
    "precision": 0.06933333333333333,
    "recall": 0.0125,
    "sigui": 0.06247235001435842,
    "sse": 6.077885287174487,
    "sc": 0.11314924008036659,
    "ch": 14.757111813933141,
    "db": 0.347578601361369,
    "bic": -805.6137817581673,
    "xb": 14.881996595685855
}