{
    "dataset": "blobs-P2-K32-N64-dt0.30-S2",
    "algorithm": "kmeans",
    "k": 2,
    "n": 64,
    "d": 2,
    "k_true": 32,
    "rand_score": 0.49206349206349204,
    "adjusted_rand_score": 0.028901734104046242,
    "accuracy": 0.0625,
    "f1_score": 0.007783882783882784,
    "precision": 0.004166666666666667,
    "recall": 0.0625,
    "sigui": 0.4618557926063925,
    "sse": 81.3507876309914,
    "sc": 0.3511066110534813,
    "ch": 35.55283545621995,
    "db": 1.1247188218932032,
    "bic": -207.46412154345816,
    "xb": 23.39666583144939
}