{
    "dataset": "blobs-P10-K4-N64-dt0.60-S5",
    "algorithm": "kmeans",
    "k": 16,
    "n": 64,
    "d": 10,
    "k_true": 4,
    "rand_score": 0.7569444444444444,
    "adjusted_rand_score": 0.10599478714161599,
    "accuracy": 0.296875,
    "f1_score": 0.10510951910408432,
    "precision": 0.1878720238095238,
    "recall": 0.07421875,
    "sigui": 0.39206490084332607,
    "sse": 240.7267500990456,
    "sc": 0.12781413607035824,
    "ch": 5.307571340357322,
    "db": 1.2800118289887221,
    "bic": -1141.420254099679,
    "xb": 52.29648599771719
}