{
    "dataset": "blobs-P10-K32-N1024-dt0.90-S8",
    "algorithm": "kmeans",
    "k": 50,
    "n": 1024,
    "d": 10,
    "k_true": 32,
    "rand_score": 0.9524376832844574,
    "adjusted_rand_score": 0.04338699204777387,
    "accuracy": 0.1640625,
    "f1_score": 0.12450314623001484,
    "precision": 0.16108000438626405,
    "recall": 0.105,
    "sigui": 0.4492319786745742,
    "sse": 4760.97765003728,
    "sc": 0.07799480081965185,
    "ch": 22.87545842658759,
    "db": 1.8667661198804537,
    "bic": -16484.479998203882,
    "xb": 1494.4346550108994
}