{
    "dataset": "blobs-P5-K32-N64-dt1.00-S9",
    "algorithm": "kmeans",
    "k": 3,
    "n": 64,
    "d": 5,
    "k_true": 32,
    "rand_score": 0.6696428571428571,
    "adjusted_rand_score": 0.01884762884669348,
    "accuracy": 0.09375,
    "f1_score": 0.016396103896103895,
    "precision": 0.009001068376068375,
    "recall": 0.09375,
    "sigui": 0.49113006115722024,
    "sse": 228.13175782179712,
    "sc": 0.14805175632575002,
    "ch": 12.282294289881062,
    "db": 1.7991531075435976,
    "bic": -507.04479990802326,
    "xb": 57.50126339553282
}