{
    "dataset": "blobs-P10-K4-N128-dt0.60-S5",
    "algorithm": "kmeans",
    "k": 20,
    "n": 128,
    "d": 10,
    "k_true": 4,
    "rand_score": 0.7470472440944882,
    "adjusted_rand_score": 0.083360832414747,
    "accuracy": 0.25,
    "f1_score": 0.07235269785825904,
    "precision": 0.1314393939393939,
    "recall": 0.05,
    "sigui": 0.43438775070814434,
    "sse": 587.3771468172239,
    "sc": 0.07464017861825356,
    "ch": 6.7027022317119656,
    "db": 1.5755364527877638,
    "bic": -2217.7645125603194,
    "xb": 155.6274467396946
}