{
    "dataset": "blobs-P10-K8-N1024-dt0.90-S8",
    "algorithm": "kmeans",
    "k": 25,
    "n": 1024,
    "d": 10,
    "k_true": 8,
    "rand_score": 0.8545504184995112,
    "adjusted_rand_score": 0.057651342136794126,
    "accuracy": 0.171875,
    "f1_score": 0.08012721654369585,
    "precision": 0.14910003005333963,
    "recall": 0.055,
    "sigui": 0.48091870324519,
    "sse": 5688.767274037419,
    "sc": 0.07739534549140477,
    "ch": 33.30160175171657,
    "db": 1.9628140909838234,
    "bic": -15756.685846563798,
    "xb": 1248.355033658535
}