{
    "dataset": "blobs-P10-K32-N1024-dt0.40-S3",
    "algorithm": "kmeans",
    "k": 25,
    "n": 1024,
    "d": 10,
    "k_true": 32,
    "rand_score": 0.9645611864613881,
    "adjusted_rand_score": 0.4932929431968208,
    "accuracy": 0.6181640625,
    "f1_score": 0.5491143542530024,
    "precision": 0.5084084057559739,
    "recall": 0.6181640625,
    "sigui": 0.4389584801082945,
    "sse": 4408.968309540436,
    "sc": 0.13223409340016878,
    "ch": 55.050677862703566,
    "db": 1.717782333165756,
    "bic": -14429.295705128628,
    "xb": 1025.1984354224346
}