{
    "dataset": "blobs-P10-K32-N1024-dt0.80-S7",
    "algorithm": "kmeans",
    "k": 3,
    "n": 1024,
    "d": 10,
    "k_true": 32,
    "rand_score": 0.6696965878543499,
    "adjusted_rand_score": 0.04081387841218207,
    "accuracy": 0.0869140625,
    "f1_score": 0.014967850418844235,
    "precision": 0.008192161946549661,
    "recall": 0.0869140625,
    "sigui": 0.5545766823827034,
    "sse": 8728.564511652585,
    "sc": 0.08188404902637986,
    "ch": 88.39801960234045,
    "db": 2.772750322348936,
    "bic": -14949.161618052702,
    "xb": 1933.84481842331
}