{
    "dataset": "blobs-P10-K4-N1024-dt0.90-S8",
    "algorithm": "kmeans",
    "k": 3,
    "n": 1024,
    "d": 10,
    "k_true": 4,
    "rand_score": 0.6355713129276638,
    "adjusted_rand_score": 0.12498461255947195,
    "accuracy": 0.4521484375,
    "f1_score": 0.3864481797217002,
    "precision": 0.33772444998237866,
    "recall": 0.4521484375,
    "sigui": 0.5568645780029223,
    "sse": 8882.640445221454,
    "sc": 0.06971471824933803,
    "ch": 78.01453644707647,
    "db": 2.930993407842147,
    "bic": -15040.028411865136,
    "xb": 2194.93221422737
}