{
    "dataset": "blobs-P2-K32-N1024-dt0.50-S4",
    "algorithm": "kmeans",
    "k": 10,
    "n": 1024,
    "d": 2,
    "k_true": 32,
    "rand_score": 0.9136291086265884,
    "adjusted_rand_score": 0.3812695750993753,
    "accuracy": 0.3125,
    "f1_score": 0.16519574700109052,
    "precision": 0.12085369827305312,
    "recall": 0.3125,
    "sigui": 0.15746315447094877,
    "sse": 134.2637405799691,
    "sc": 0.5726515339443004,
    "ch": 1605.9010742335715,
    "db": 0.6072320035022922,
    "bic": -2489.9287416477277,
    "xb": 355.09564727379353
}