{
    "dataset": "blobs-P5-K2-N128-dt0.50-S4",
    "algorithm": "kmeans",
    "k": 3,
    "n": 128,
    "d": 5,
    "k_true": 2,
    "rand_score": 0.6748277559055118,
    "adjusted_rand_score": 0.3479841881877604,
    "accuracy": 0.6171875,
    "f1_score": 0.4726874657909141,
    "precision": 0.559724828017511,
    "recall": 0.4114583333333333,
    "sigui": 0.5016289463466548,
    "sse": 436.02150532966175,
    "sc": 0.16556328712233084,
    "ch": 29.23859433781208,
    "db": 1.7655140001423957,
    "bic": -967.9712704497258,
    "xb": 106.53402478756837
}