{
    "dataset": "blobs-P2-K4-N64-dt0.10-S0",
    "algorithm": "kmeans",
    "k": 20,
    "n": 64,
    "d": 2,
    "k_true": 4,
    "rand_score": 0.8095238095238095,
    "adjusted_rand_score": 0.27586206896551724,
    "accuracy": 0.328125,
    "f1_score": 0.09835497835497835,
    "precision": 0.2,
    "recall": 0.065625,
    "sigui": 0.02485985697458644,
    "sse": 0.15378077164176115,
    "sc": 0.4362733585528455,
    "ch": 1925.2402337338492,
    "db": 0.5484299222470044,
    "bic": -63.00018319084401,
    "xb": 73.09238100523008
}