{
    "dataset": "blobs-P10-K8-N1024-dt0.50-S4",
    "algorithm": "kmeans",
    "k": 16,
    "n": 1024,
    "d": 10,
    "k_true": 8,
    "rand_score": 0.8676285282258065,
    "adjusted_rand_score": 0.22969413286343524,
    "accuracy": 0.3798828125,
    "f1_score": 0.24718043769793538,
    "precision": 0.3610249839408629,
    "recall": 0.18994140625,
    "sigui": 0.48387168075883213,
    "sse": 5885.282327407011,
    "sc": 0.07932024151863142,
    "ch": 49.72353258831365,
    "db": 2.189489078742609,
    "bic": -15128.47493444148,
    "xb": 1516.1689874019064
}