{
    "dataset": "blobs-P10-K8-N128-dt0.20-S1",
    "algorithm": "kmeans",
    "k": 50,
    "n": 128,
    "d": 10,
    "k_true": 8,
    "rand_score": 0.9026820866141733,
    "adjusted_rand_score": 0.2736980616427957,
    "accuracy": 0.3125,
    "f1_score": 0.07509651599354117,
    "precision": 0.16,
    "recall": 0.05,
    "sigui": 0.22450109087629566,
    "sse": 140.64787516766984,
    "sc": 0.10847268720012501,
    "ch": 12.895058413769242,
    "db": 1.0606412735823847,
    "bic": -2279.997034067257,
    "xb": 91.56087040070209
}