{
    "dataset": "blobs-P2-K16-N128-dt0.60-S5",
    "algorithm": "kmeans",
    "k": 32,
    "n": 128,
    "d": 2,
    "k_true": 16,
    "rand_score": 0.9619832677165354,
    "adjusted_rand_score": 0.5372669708868372,
    "accuracy": 0.6171875,
    "f1_score": 0.36698785283344104,
    "precision": 0.46510416666666665,
    "recall": 0.30859375,
    "sigui": 0.04425240173679973,
    "sse": 1.0070722743739497,
    "sc": 0.41819473165988486,
    "ch": 784.1100765175568,
    "db": 0.6478456728163944,
    "bic": -321.5574620234617,
    "xb": 78.86396738250004
}