{
    "dataset": "blobs-P10-K2-N64-dt0.20-S1",
    "algorithm": "kmeans",
    "k": 4,
    "n": 64,
    "d": 10,
    "k_true": 2,
    "rand_score": 0.7470238095238095,
    "adjusted_rand_score": 0.48982184254819144,
    "accuracy": 0.53125,
    "f1_score": 0.3469387755102041,
    "precision": 0.5,
    "recall": 0.265625,
    "sigui": 0.4791905120507254,
    "sse": 364.92212617041105,
    "sc": 0.10297352870084019,
    "ch": 15.075976714063826,
    "db": 2.4314323689644324,
    "bic": -909.0952299355325,
    "xb": 100.9682291335347
}