{
    "dataset": "blobs-P10-K16-N1024-dt0.60-S5",
    "algorithm": "kmeans",
    "k": 3,
    "n": 1024,
    "d": 10,
    "k_true": 16,
    "rand_score": 0.6722816623900293,
    "adjusted_rand_score": 0.1134664650952263,
    "accuracy": 0.181640625,
    "f1_score": 0.05942239469306607,
    "precision": 0.03577297702297702,
    "recall": 0.181640625,
    "sigui": 0.5417868032687327,
    "sse": 8351.564859240789,
    "sc": 0.105224856645885,
    "ch": 115.43299436762251,
    "db": 2.477219380864058,
    "bic": -14698.103407452687,
    "xb": 1658.6553337582122
}