{
    "dataset": "blobs-P5-K32-N1024-dt0.50-S4",
    "algorithm": "kmeans",
    "k": 32,
    "n": 1024,
    "d": 5,
    "k_true": 32,
    "rand_score": 0.9753253299120235,
    "adjusted_rand_score": 0.5950012819660612,
    "accuracy": 0.689453125,
    "f1_score": 0.6761722676603883,
    "precision": 0.6847632394891144,
    "recall": 0.689453125,
    "sigui": 0.3029307272258983,
    "sse": 917.9762006132844,
    "sc": 0.22495162003958097,
    "ch": 146.47957266271317,
    "db": 1.350035645458131,
    "bic": -7041.417802742552,
    "xb": 1139.4792235102536
}