{
    "dataset": "blobs-P10-K32-N128-dt0.70-S6",
    "algorithm": "kmeans",
    "k": 25,
    "n": 128,
    "d": 10,
    "k_true": 32,
    "rand_score": 0.937376968503937,
    "adjusted_rand_score": 0.05698113758041693,
    "accuracy": 0.3046875,
    "f1_score": 0.27267003829503833,
    "precision": 0.2978839736652237,
    "recall": 0.3046875,
    "sigui": 0.4070302263882845,
    "sse": 521.3358645604935,
    "sc": 0.07206834279090321,
    "ch": 6.245366571904844,
    "db": 1.466957789258373,
    "bic": -2315.0416031233726,
    "xb": 108.33093028357949
}