{
    "dataset": "blobs-P2-K16-N64-dt0.40-S3",
    "algorithm": "kmeans",
    "k": 4,
    "n": 64,
    "d": 2,
    "k_true": 16,
    "rand_score": 0.8095238095238095,
    "adjusted_rand_score": 0.27586206896551724,
    "accuracy": 0.25,
    "f1_score": 0.1,
    "precision": 0.0625,
    "recall": 0.25,
    "sigui": 0.25280687438648847,
    "sse": 17.957538689416005,
    "sc": 0.6154629578916329,
    "ch": 122.5585122926027,
    "db": 0.5868710076677228,
    "bic": -169.73343892964283,
    "xb": 7.7032079819103405
}