{
    "dataset": "blobs-P5-K16-N1024-dt1.00-S9",
    "algorithm": "kmeans",
    "k": 3,
    "n": 1024,
    "d": 5,
    "k_true": 16,
    "rand_score": 0.6746051747311828,
    "adjusted_rand_score": 0.07931254780627078,
    "accuracy": 0.1640625,
    "f1_score": 0.0517792375457293,
    "precision": 0.030742864943483203,
    "recall": 0.1640625,
    "sigui": 0.5020071632409319,
    "sse": 3754.273253796551,
    "sc": 0.14782710512688724,
    "ch": 185.70931224353643,
    "db": 1.9056362363309451,
    "bic": -7657.835120640855,
    "xb": 997.8029836288702
}