{
    "dataset": "blobs-P2-K8-N64-dt0.20-S1",
    "algorithm": "kmeans",
    "k": 32,
    "n": 64,
    "d": 2,
    "k_true": 8,
    "rand_score": 0.9136904761904762,
    "adjusted_rand_score": 0.33812341504649196,
    "accuracy": 0.421875,
    "f1_score": 0.14696969696969697,
    "precision": 0.25,
    "recall": 0.10546875,
    "sigui": 0.020121109417446097,
    "sse": 0.1798966703332535,
    "sc": 0.3980838725769299,
    "ch": 733.4395474074762,
    "db": 0.3725015379330229,
    "bic": -186.42058500436784,
    "xb": 101.04478320489437
}