{
    "dataset": "blobs-P2-K16-N64-dt0.20-S1",
    "algorithm": "kmeans",
    "k": 10,
    "n": 64,
    "d": 2,
    "k_true": 16,
    "rand_score": 0.9444444444444444,
    "adjusted_rand_score": 0.6058981233243967,
    "accuracy": 0.625,
    "f1_score": 0.5104166666666666,
    "precision": 0.4583333333333333,
    "recall": 0.625,
    "sigui": 0.07283710215539196,
    "sse": 1.3640623499022546,
    "sc": 0.739651479519706,
    "ch": 557.0241169364676,
    "db": 0.35522927076245714,
    "bic": -96.30250619076298,
    "xb": 11.742657270909909
}