{
    "dataset": "blobs-P2-K32-N1024-dt0.60-S5",
    "algorithm": "kmeans",
    "k": 20,
    "n": 1024,
    "d": 2,
    "k_true": 32,
    "rand_score": 0.9699451673998045,
    "adjusted_rand_score": 0.6482744332292459,
    "accuracy": 0.625,
    "f1_score": 0.5136784981765297,
    "precision": 0.4650335224736692,
    "recall": 0.625,
    "sigui": 0.08492667494609368,
    "sse": 29.09088220116003,
    "sc": 0.6448495910228328,
    "ch": 3667.245543870836,
    "db": 0.483366236182463,
    "bic": -1731.1613393085318,
    "xb": 130.90850957510355
}