{
    "dataset": "blobs-P5-K16-N128-dt1.00-S9",
    "algorithm": "kmeans",
    "k": 10,
    "n": 128,
    "d": 5,
    "k_true": 16,
    "rand_score": 0.8831200787401575,
    "adjusted_rand_score": 0.21232340114381218,
    "accuracy": 0.390625,
    "f1_score": 0.29276894888736993,
    "precision": 0.2486467576541106,
    "recall": 0.390625,
    "sigui": 0.4015962750210039,
    "sse": 245.74390697269342,
    "sc": 0.15486211063004746,
    "ch": 21.03464336345869,
    "db": 1.48848054669586,
    "bic": -1035.086337279031,
    "xb": 97.64648640696265
}