{
    "dataset": "blobs-P5-K8-N128-dt0.40-S3",
    "algorithm": "kmeans",
    "k": 32,
    "n": 128,
    "d": 5,
    "k_true": 8,
    "rand_score": 0.8946850393700787,
    "adjusted_rand_score": 0.2601908183958733,
    "accuracy": 0.359375,
    "f1_score": 0.12755434782608693,
    "precision": 0.22713293650793653,
    "recall": 0.08984375,
    "sigui": 0.25717350148723683,
    "sse": 88.64074106528737,
    "sc": 0.1857431101600707,
    "ch": 19.262419333626603,
    "db": 1.1023113245656053,
    "bic": -1179.730020650958,
    "xb": 72.47558520377382
}