{
    "dataset": "blobs-P5-K2-N64-dt0.80-S7",
    "algorithm": "kmeans",
    "k": 20,
    "n": 64,
    "d": 5,
    "k_true": 2,
    "rand_score": 0.5213293650793651,
    "adjusted_rand_score": 0.028911428799616643,
    "accuracy": 0.171875,
    "f1_score": 0.02851351351351351,
    "precision": 0.0875,
    "recall": 0.0171875,
    "sigui": 0.2705850457478775,
    "sse": 54.462452472972295,
    "sc": 0.1921997309425084,
    "ch": 11.290880772146249,
    "db": 0.878470838427415,
    "bic": -610.0840230872169,
    "xb": 35.75246777614293
}