{
    "dataset": "blobs-P2-K16-N128-dt0.40-S3",
    "algorithm": "kmeans",
    "k": 8,
    "n": 128,
    "d": 2,
    "k_true": 16,
    "rand_score": 0.9272883858267716,
    "adjusted_rand_score": 0.5654436924288303,
    "accuracy": 0.5,
    "f1_score": 0.34389492753623185,
    "precision": 0.271078431372549,
    "recall": 0.5,
    "sigui": 0.14206219373339113,
    "sse": 9.475423633930815,
    "sc": 0.6538569446145486,
    "ch": 446.01020050580246,
    "db": 0.48432985941425527,
    "bic": -261.7046238770277,
    "xb": 17.2007526783828
}