{
    "dataset": "blobs-P10-K8-N1024-dt0.60-S5",
    "algorithm": "kmeans",
    "k": 32,
    "n": 1024,
    "d": 10,
    "k_true": 8,
    "rand_score": 0.8704331622678397,
    "adjusted_rand_score": 0.12483791350586658,
    "accuracy": 0.205078125,
    "f1_score": 0.07911549430237472,
    "precision": 0.17726663607991142,
    "recall": 0.05126953125,
    "sigui": 0.4584363906930472,
    "sse": 5084.393329272912,
    "sc": 0.07544779207818647,
    "ch": 32.44820036117452,
    "db": 2.0818095687940135,
    "bic": -15690.79804836965,
    "xb": 1599.2272597102208
}