{
    "dataset": "blobs-P10-K32-N1024-dt0.70-S6",
    "algorithm": "kmeans",
    "k": 3,
    "n": 1024,
    "d": 10,
    "k_true": 32,
    "rand_score": 0.6702998991935484,
    "adjusted_rand_score": 0.047289648848427804,
    "accuracy": 0.0888671875,
    "f1_score": 0.015327765607886089,
    "precision": 0.008394824774020164,
    "recall": 0.0888671875,
    "sigui": 0.5489528167542275,
    "sse": 8680.667345806703,
    "sc": 0.07999734819018728,
    "ch": 91.70254869289677,
    "db": 2.703224648342557,
    "bic": -14918.135767222002,
    "xb": 1897.8228913297287
}