{
    "dataset": "blobs-P10-K4-N128-dt0.20-S1",
    "algorithm": "kmeans",
    "k": 4,
    "n": 128,
    "d": 10,
    "k_true": 4,
    "rand_score": 0.9767470472440944,
    "adjusted_rand_score": 0.9370203320187971,
    "accuracy": 0.9765625,
    "f1_score": 0.9766752344877345,
    "precision": 0.9774816176470589,
    "recall": 0.9765625,
    "sigui": 0.4462140789957519,
    "sse": 599.1368761761049,
    "sc": 0.30421008413205214,
    "ch": 46.971474416666936,
    "db": 1.199414793539874,
    "bic": -1614.817838265434,
    "xb": 52.58282491046101
}