{
    "dataset": "blobs-P2-K4-N128-dt0.40-S3",
    "algorithm": "kmeans",
    "k": 4,
    "n": 128,
    "d": 2,
    "k_true": 4,
    "rand_score": 0.937130905511811,
    "adjusted_rand_score": 0.830127240316936,
    "accuracy": 0.9296875,
    "f1_score": 0.9294404941463765,
    "precision": 0.9329004329004329,
    "recall": 0.9296875,
    "sigui": 0.21066119952265097,
    "sse": 27.05136871437677,
    "sc": 0.5345788218974004,
    "ch": 349.8237073715888,
    "db": 0.6819684111087407,
    "bic": -281.66509265940437,
    "xb": 32.92273463855817
}