{
    "dataset": "blobs-P5-K4-N64-dt0.80-S7",
    "algorithm": "kmeans",
    "k": 25,
    "n": 64,
    "d": 5,
    "k_true": 4,
    "rand_score": 0.7395833333333334,
    "adjusted_rand_score": -0.0009078529278256923,
    "accuracy": 0.15625,
    "f1_score": 0.0383777625882889,
    "precision": 0.08666666666666666,
    "recall": 0.025,
    "sigui": 0.2348294688524385,
    "sse": 40.70941177690544,
    "sc": 0.13931810609757486,
    "ch": 11.148458944818191,
    "db": 0.8001704111038983,
    "bic": -645.786418434823,
    "xb": 31.78000280686735
}