{
    "dataset": "blobs-P2-K16-N1024-dt0.90-S8",
    "algorithm": "kmeans",
    "k": 3,
    "n": 1024,
    "d": 2,
    "k_true": 16,
    "rand_score": 0.6178156311094819,
    "adjusted_rand_score": 0.14433660929426081,
    "accuracy": 0.1875,
    "f1_score": 0.0775124517060001,
    "precision": 0.05375812786182813,
    "recall": 0.1875,
    "sigui": 0.3120016416531919,
    "sse": 546.6215703739215,
    "sc": 0.5459816966067497,
    "ch": 1402.1650989729762,
    "db": 0.7664992472070224,
    "bic": -2536.2576946176796,
    "xb": 158.85051156640938
}