{
    "dataset": "blobs-P10-K32-N1024-dt0.80-S7",
    "algorithm": "kmeans",
    "k": 16,
    "n": 1024,
    "d": 10,
    "k_true": 32,
    "rand_score": 0.9235302877565983,
    "adjusted_rand_score": 0.1456354169696617,
    "accuracy": 0.2861328125,
    "f1_score": 0.1922000289781633,
    "precision": 0.14609208548965985,
    "recall": 0.2861328125,
    "sigui": 0.4903496532531413,
    "sse": 6195.235080793833,
    "sc": 0.07813358163666898,
    "ch": 43.8737512016778,
    "db": 2.1519480540967386,
    "bic": -15394.64455155387,
    "xb": 1404.9397679979934
}