{
    "dataset": "blobs-P10-K16-N128-dt0.40-S3",
    "algorithm": "kmeans",
    "k": 8,
    "n": 128,
    "d": 10,
    "k_true": 16,
    "rand_score": 0.890255905511811,
    "adjusted_rand_score": 0.35467626718922673,
    "accuracy": 0.453125,
    "f1_score": 0.3126674212412752,
    "precision": 0.2462911409242931,
    "recall": 0.453125,
    "sigui": 0.4769067332157566,
    "sse": 720.7109069344215,
    "sc": 0.112242558021873,
    "ch": 13.303271716482787,
    "db": 1.826425267279332,
    "bic": -1924.0069860059557,
    "xb": 141.01320404823457
}