{
    "dataset": "blobs-P2-K2-N1024-dt0.10-S0",
    "algorithm": "kmeans",
    "k": 25,
    "n": 1024,
    "d": 2,
    "k_true": 2,
    "rand_score": 0.5479880712365591,
    "adjusted_rand_score": 0.09517568572999403,
    "accuracy": 0.13671875,
    "f1_score": 0.019217386169019076,
    "precision": 0.08,
    "recall": 0.0109375,
    "sigui": 0.1094982594345571,
    "sse": 45.72009344002952,
    "sc": 0.34623917806593785,
    "ch": 1823.2777759487713,
    "db": 0.8692303629358503,
    "bic": -2444.7721933020434,
    "xb": 459.1013568450363
}