{
    "dataset": "blobs-P2-K4-N1024-dt0.10-S0",
    "algorithm": "kmeans",
    "k": 4,
    "n": 1024,
    "d": 2,
    "k_true": 4,
    "rand_score": 1.0,
    "adjusted_rand_score": 1.0,
    "accuracy": 1.0,
    "f1_score": 1.0,
    "precision": 1.0,
    "recall": 1.0,
    "sigui": 0.11429316930515745,
    "sse": 56.54565849086818,
    "sc": 0.8104473057187105,
    "ch": 11974.296421403456,
    "db": 0.27042952927083264,
    "bic": -691.4279526276108,
    "xb": 36.86188327090413
}