{
    "dataset": "blobs-P2-K2-N1024-dt0.50-S4",
    "algorithm": "kmeans",
    "k": 2,
    "n": 1024,
    "d": 2,
    "k_true": 2,
    "rand_score": 0.5037286931818182,
    "adjusted_rand_score": 0.007462665592421811,
    "accuracy": 0.5458984375,
    "f1_score": 0.5451692863181121,
    "precision": 0.5461946610459067,
    "recall": 0.5458984375,
    "sigui": 0.4289904686651908,
    "sse": 1390.2929965025933,
    "sc": 0.3055608685991032,
    "ch": 483.4833394085615,
    "db": 1.2830606112147283,
    "bic": -3236.632904863842,
    "xb": 451.2755451208878
}