{
    "dataset": "blobs-P5-K16-N64-dt0.10-S0",
    "algorithm": "kmeans",
    "k": 32,
    "n": 64,
    "d": 5,
    "k_true": 16,
    "rand_score": 0.9771825396825397,
    "adjusted_rand_score": 0.6743088334457181,
    "accuracy": 0.703125,
    "f1_score": 0.40327380952380953,
    "precision": 0.5,
    "recall": 0.3515625,
    "sigui": 0.028122245565687536,
    "sse": 0.4675733513675029,
    "sc": 0.43447449731721577,
    "ch": 705.4292622062031,
    "db": 0.3929275333711008,
    "bic": -52.959331134459376,
    "xb": 181.34011077610523
}