{
    "dataset": "blobs-P5-K32-N1024-dt0.90-S8",
    "algorithm": "kmeans",
    "k": 25,
    "n": 1024,
    "d": 5,
    "k_true": 32,
    "rand_score": 0.9459902706500489,
    "adjusted_rand_score": 0.23476998515504413,
    "accuracy": 0.365234375,
    "f1_score": 0.3178701517324866,
    "precision": 0.29072692878142414,
    "recall": 0.365234375,
    "sigui": 0.3545410088279088,
    "sse": 1439.7062307375343,
    "sc": 0.16235524560538386,
    "ch": 106.405199112789,
    "db": 1.439943105628822,
    "bic": -7783.033251091138,
    "xb": 915.1443501182958
}