{
    "dataset": "blobs-P5-K32-N64-dt0.60-S5",
    "algorithm": "kmeans",
    "k": 25,
    "n": 64,
    "d": 5,
    "k_true": 32,
    "rand_score": 0.9618055555555556,
    "adjusted_rand_score": 0.26399635867091487,
    "accuracy": 0.5625,
    "f1_score": 0.5011904761904762,
    "precision": 0.5046875,
    "recall": 0.5625,
    "sigui": 0.22354381313929303,
    "sse": 37.75662868940305,
    "sc": 0.22573391672087947,
    "ch": 12.147416077655413,
    "db": 0.8046673742388348,
    "bic": -637.8796750763134,
    "xb": 41.17495353435629
}