{
    "dataset": "blobs-P10-K4-N64-dt0.30-S2",
    "algorithm": "kmeans",
    "k": 10,
    "n": 64,
    "d": 10,
    "k_true": 4,
    "rand_score": 0.8010912698412699,
    "adjusted_rand_score": 0.3197350351401567,
    "accuracy": 0.46875,
    "f1_score": 0.23433048433048437,
    "precision": 0.3159090909090909,
    "recall": 0.1875,
    "sigui": 0.42971443830244105,
    "sse": 265.02638419807687,
    "sc": 0.11048055037180886,
    "ch": 8.48912345696887,
    "db": 1.701397134824612,
    "bic": -1000.7446614636776,
    "xb": 75.68286420312062
}