{
    "dataset": "blobs-P10-K16-N1024-dt0.80-S7",
    "algorithm": "kmeans",
    "k": 2,
    "n": 1024,
    "d": 10,
    "k_true": 16,
    "rand_score": 0.5188477517106549,
    "adjusted_rand_score": 0.040586513055934276,
    "accuracy": 0.109375,
    "f1_score": 0.024416248260843265,
    "precision": 0.013748716416080433,
    "recall": 0.109375,
    "sigui": 0.5598890595409044,
    "sse": 9262.432483332344,
    "sc": 0.09127881427092953,
    "ch": 107.86302667600229,
    "db": 2.9884722676360194,
    "bic": -14799.995004768247,
    "xb": 2137.2826404276634
}