{
    "dataset": "blobs-P5-K8-N1024-dt0.10-S0",
    "algorithm": "kmeans",
    "k": 10,
    "n": 1024,
    "d": 5,
    "k_true": 8,
    "rand_score": 0.9849859481915934,
    "adjusted_rand_score": 0.9271796434455857,
    "accuracy": 0.89453125,
    "f1_score": 0.7461364752086401,
    "precision": 0.8,
    "recall": 0.715625,
    "sigui": 0.09774837801510997,
    "sse": 72.25452735423356,
    "sc": 0.6257938183680312,
    "ch": 7871.056194944231,
    "db": 0.908613045134586,
    "bic": 1132.7975365279303,
    "xb": 512.39392202202
}