{
    "dataset": "blobs-P5-K4-N64-dt0.10-S0",
    "algorithm": "kmeans",
    "k": 4,
    "n": 64,
    "d": 5,
    "k_true": 4,
    "rand_score": 1.0,
    "adjusted_rand_score": 1.0,
    "accuracy": 1.0,
    "f1_score": 1.0,
    "precision": 1.0,
    "recall": 1.0,
    "sigui": 0.27095701511825,
    "sse": 72.12039378305167,
    "sc": 0.5265345173985787,
    "ch": 68.74050271067716,
    "db": 0.7449464455649718,
    "bic": -354.61846814114494,
    "xb": 17.546560124640695
}