{
    "dataset": "blobs-P2-K8-N128-dt0.80-S7",
    "algorithm": "kmeans",
    "k": 10,
    "n": 128,
    "d": 2,
    "k_true": 8,
    "rand_score": 0.8774606299212598,
    "adjusted_rand_score": 0.41651213639257145,
    "accuracy": 0.5546875,
    "f1_score": 0.45557868057868056,
    "precision": 0.5059555640437994,
    "recall": 0.44375,
    "sigui": 0.18226398382353434,
    "sse": 17.354677884942866,
    "sc": 0.3939035914702301,
    "ch": 180.29175506115803,
    "db": 0.7920326602401421,
    "bic": -370.59976451670764,
    "xb": 43.50366897804228
}