{
    "dataset": "blobs-P10-K32-N1024-dt0.50-S4",
    "algorithm": "kmeans",
    "k": 20,
    "n": 1024,
    "d": 10,
    "k_true": 32,
    "rand_score": 0.95347056757087,
    "adjusted_rand_score": 0.4325235124648345,
    "accuracy": 0.5390625,
    "f1_score": 0.4305309508765564,
    "precision": 0.3700698659962307,
    "recall": 0.5390625,
    "sigui": 0.44629189968611005,
    "sse": 4726.947447319311,
    "sc": 0.13496510492189706,
    "ch": 61.62990102106698,
    "db": 1.6920809039412013,
    "bic": -14347.962004074583,
    "xb": 1095.632174757187
}