{
    "dataset": "blobs-P2-K4-N64-dt0.60-S5",
    "algorithm": "kmeans",
    "k": 3,
    "n": 64,
    "d": 2,
    "k_true": 4,
    "rand_score": 0.7033730158730159,
    "adjusted_rand_score": 0.2884179510426111,
    "accuracy": 0.5625,
    "f1_score": 0.476010101010101,
    "precision": 0.4214285714285714,
    "recall": 0.5625,
    "sigui": 0.372454080030682,
    "sse": 50.79214743239216,
    "sc": 0.36920328146741194,
    "ch": 46.36227492540047,
    "db": 0.9158108882183056,
    "bic": -209.84795821572874,
    "xb": 17.691290141823792
}