{
    "dataset": "blobs-P5-K16-N1024-dt0.20-S1",
    "algorithm": "kmeans",
    "k": 16,
    "n": 1024,
    "d": 5,
    "k_true": 16,
    "rand_score": 0.990255376344086,
    "adjusted_rand_score": 0.9193002395494778,
    "accuracy": 0.91015625,
    "f1_score": 0.8991666666666667,
    "precision": 0.90625,
    "recall": 0.91015625,
    "sigui": 0.12146642356033602,
    "sse": 118.88515612049466,
    "sc": 0.7127967291521682,
    "ch": 2826.887127675368,
    "db": 0.5489550809334195,
    "bic": -759.6153325011092,
    "xb": 980.561360479953
}