{
    "dataset": "blobs-P10-K4-N1024-dt0.30-S2",
    "algorithm": "kmeans",
    "k": 8,
    "n": 1024,
    "d": 10,
    "k_true": 4,
    "rand_score": 0.8554343841642229,
    "adjusted_rand_score": 0.539497380966394,
    "accuracy": 0.5361328125,
    "f1_score": 0.34333172674836043,
    "precision": 0.4916858516095157,
    "recall": 0.26806640625,
    "sigui": 0.40200141110271814,
    "sse": 3605.8540975654623,
    "sc": 0.11127406820548115,
    "ch": 267.0376739957506,
    "db": 2.3923725432693184,
    "bic": -11602.40295271911,
    "xb": 1712.5881884343612
}