{
    "dataset": "blobs-P10-K2-N128-dt0.90-S8",
    "algorithm": "kmeans",
    "k": 10,
    "n": 128,
    "d": 10,
    "k_true": 2,
    "rand_score": 0.515871062992126,
    "adjusted_rand_score": 0.025802125224910863,
    "accuracy": 0.21875,
    "f1_score": 0.06797619047619048,
    "precision": 0.15375,
    "recall": 0.04375,
    "sigui": 0.4942096065418705,
    "sse": 779.866347278184,
    "sc": 0.08522254637283744,
    "ch": 8.408245738679824,
    "db": 1.871515883362984,
    "bic": -2048.655896973937,
    "xb": 142.11618551054408
}