{
    "dataset": "blobs-P5-K8-N64-dt0.40-S3",
    "algorithm": "kmeans",
    "k": 8,
    "n": 64,
    "d": 5,
    "k_true": 8,
    "rand_score": 0.9330357142857143,
    "adjusted_rand_score": 0.6815203145478375,
    "accuracy": 0.78125,
    "f1_score": 0.7551470588235294,
    "precision": 0.7673611111111112,
    "recall": 0.78125,
    "sigui": 0.35684765734822776,
    "sse": 93.0864776255268,
    "sc": 0.22791121700804656,
    "ch": 19.501309162201874,
    "db": 1.2346918541433216,
    "bic": -486.4447625496579,
    "xb": 38.470279922683325
}