{
    "dataset": "blobs-P2-K8-N1024-dt0.20-S1",
    "algorithm": "kmeans",
    "k": 32,
    "n": 1024,
    "d": 2,
    "k_true": 8,
    "rand_score": 0.9079511088709677,
    "adjusted_rand_score": 0.38005063152270635,
    "accuracy": 0.3203125,
    "f1_score": 0.12105356637232395,
    "precision": 0.24932065217391303,
    "recall": 0.080078125,
    "sigui": 0.036425541364099964,
    "sse": 4.596638160632337,
    "sc": 0.33840722524431,
    "ch": 14257.733270505381,
    "db": 0.9380993492684847,
    "bic": -506.82489379692026,
    "xb": 225.84017453858573
}