{
    "dataset": "blobs-P2-K32-N128-dt0.20-S1",
    "algorithm": "kmeans",
    "k": 50,
    "n": 128,
    "d": 2,
    "k_true": 32,
    "rand_score": 0.9924950787401575,
    "adjusted_rand_score": 0.8074561948552256,
    "accuracy": 0.796875,
    "f1_score": 0.5571428571428572,
    "precision": 0.64,
    "recall": 0.51,
    "sigui": 0.011113169132516997,
    "sse": 0.0581214510048545,
    "sc": 0.5919798283782727,
    "ch": 7009.764504792222,
    "db": 0.3604763279446436,
    "bic": -154.52925762414628,
    "xb": 184.92797318533445
}