{
    "dataset": "blobs-P5-K4-N1024-dt0.30-S2",
    "algorithm": "kmeans",
    "k": 16,
    "n": 1024,
    "d": 5,
    "k_true": 4,
    "rand_score": 0.7841004551564027,
    "adjusted_rand_score": 0.2316116136784532,
    "accuracy": 0.2841796875,
    "f1_score": 0.10937658754760984,
    "precision": 0.2387339972830243,
    "recall": 0.071044921875,
    "sigui": 0.3722146106759354,
    "sse": 1579.990824792827,
    "sc": 0.1475925301982638,
    "ch": 150.563289888164,
    "db": 1.5243966783346465,
    "bic": -7413.659014861411,
    "xb": 869.5584112082475
}