{
    "dataset": "blobs-P10-K8-N1024-dt0.50-S4",
    "algorithm": "kmeans",
    "k": 10,
    "n": 1024,
    "d": 10,
    "k_true": 8,
    "rand_score": 0.8762390793010753,
    "adjusted_rand_score": 0.383428063860423,
    "accuracy": 0.603515625,
    "f1_score": 0.5186846897575563,
    "precision": 0.5647692485993845,
    "recall": 0.4828125,
    "sigui": 0.49781743448480054,
    "sse": 6425.08425002416,
    "sc": 0.0929990357844854,
    "ch": 66.8962187013079,
    "db": 2.1523629460466793,
    "bic": -14868.633247599719,
    "xb": 1438.5290209690418
}