{
    "dataset": "blobs-P2-K8-N1024-dt0.40-S3",
    "algorithm": "kmeans",
    "k": 4,
    "n": 1024,
    "d": 2,
    "k_true": 8,
    "rand_score": 0.8122021627565983,
    "adjusted_rand_score": 0.4639420966271883,
    "accuracy": 0.5,
    "f1_score": 0.3668978797922278,
    "precision": 0.31477321961494437,
    "recall": 0.5,
    "sigui": 0.2183954329989359,
    "sse": 261.7366982848224,
    "sc": 0.6051187856425534,
    "ch": 2320.3835249815156,
    "db": 0.5096293045973288,
    "bic": -2151.0487208530203,
    "xb": 88.87749422545161
}