{
    "dataset": "blobs-P10-K16-N1024-dt0.80-S7",
    "algorithm": "kmeans",
    "k": 10,
    "n": 1024,
    "d": 10,
    "k_true": 16,
    "rand_score": 0.8665154569892473,
    "adjusted_rand_score": 0.10511399763829594,
    "accuracy": 0.2724609375,
    "f1_score": 0.20984972595696216,
    "precision": 0.1710961200867416,
    "recall": 0.2724609375,
    "sigui": 0.5092854813627297,
    "sse": 6939.368866952438,
    "sc": 0.07556515652471713,
    "ch": 53.588606512569875,
    "db": 2.2350848900857807,
    "bic": -15273.18997007636,
    "xb": 1399.1473858767197
}