{
    "dataset": "blobs-P5-K16-N128-dt0.30-S2",
    "algorithm": "kmeans",
    "k": 10,
    "n": 128,
    "d": 5,
    "k_true": 16,
    "rand_score": 0.952755905511811,
    "adjusted_rand_score": 0.6768447837150128,
    "accuracy": 0.625,
    "f1_score": 0.5,
    "precision": 0.4375,
    "recall": 0.625,
    "sigui": 0.26614803607875426,
    "sse": 87.50297781804439,
    "sc": 0.4675811964261311,
    "ch": 82.78403806380922,
    "db": 0.7607971848160309,
    "bic": -706.3268884706179,
    "xb": 38.964159544195475
}