{
    "dataset": "blobs-P5-K2-N1024-dt0.40-S3",
    "algorithm": "kmeans",
    "k": 32,
    "n": 1024,
    "d": 5,
    "k_true": 2,
    "rand_score": 0.5198825452101662,
    "adjusted_rand_score": 0.03888779993167477,
    "accuracy": 0.0810546875,
    "f1_score": 0.0092344600628621,
    "precision": 0.053420517757809156,
    "recall": 0.00506591796875,
    "sigui": 0.35361326928658177,
    "sse": 1357.0612478224248,
    "sc": 0.15128635090986595,
    "ch": 88.73147049398234,
    "db": 1.3686115387299806,
    "bic": -8034.393481120893,
    "xb": 735.264921637078
}