{
    "dataset": "blobs-P10-K4-N128-dt0.70-S6",
    "algorithm": "kmeans",
    "k": 20,
    "n": 128,
    "d": 10,
    "k_true": 4,
    "rand_score": 0.7415108267716536,
    "adjusted_rand_score": 0.054887487027270185,
    "accuracy": 0.1953125,
    "f1_score": 0.0592312661498708,
    "precision": 0.12679195804195803,
    "recall": 0.0390625,
    "sigui": 0.44084173647810654,
    "sse": 589.1607614543823,
    "sc": 0.07208488710839575,
    "ch": 6.665202315984578,
    "db": 1.6105409966284223,
    "bic": -2225.672907852123,
    "xb": 150.34369514468628
}