{
    "dataset": "blobs-P2-K16-N1024-dt0.20-S1",
    "algorithm": "kmeans",
    "k": 2,
    "n": 1024,
    "d": 2,
    "k_true": 16,
    "rand_score": 0.4916911045943304,
    "adjusted_rand_score": 0.09438202247191012,
    "accuracy": 0.125,
    "f1_score": 0.03125,
    "precision": 0.01818181818181818,
    "recall": 0.125,
    "sigui": 0.40337612587439997,
    "sse": 950.4894893726386,
    "sc": 0.5343559230797178,
    "ch": 1180.082214903291,
    "db": 0.7811310517225227,
    "bic": -2776.709647171104,
    "xb": 174.0814645691126
}