{
    "dataset": "blobs-P5-K2-N128-dt0.40-S3",
    "algorithm": "kmeans",
    "k": 20,
    "n": 128,
    "d": 5,
    "k_true": 2,
    "rand_score": 0.5339566929133859,
    "adjusted_rand_score": 0.06130779557303862,
    "accuracy": 0.1640625,
    "f1_score": 0.027799227799227798,
    "precision": 0.09230769230769231,
    "recall": 0.01640625,
    "sigui": 0.344947330417361,
    "sse": 170.47050156761236,
    "sc": 0.15735791558741877,
    "ch": 15.656107613120412,
    "db": 1.226565445559294,
    "bic": -1149.574150073654,
    "xb": 107.71392117039763
}