{
    "dataset": "blobs-P2-K2-N64-dt0.50-S4",
    "algorithm": "kmeans",
    "k": 16,
    "n": 64,
    "d": 2,
    "k_true": 2,
    "rand_score": 0.5396825396825397,
    "adjusted_rand_score": 0.06654745178183676,
    "accuracy": 0.203125,
    "f1_score": 0.04217273954116059,
    "precision": 0.125,
    "recall": 0.025390625,
    "sigui": 0.1630356978350075,
    "sse": 7.376797687387098,
    "sc": 0.32112230521692575,
    "ch": 52.325448488351114,
    "db": 0.7233730608475597,
    "bic": -268.08895867920194,
    "xb": 32.51508811164184
}