{
    "dataset": "blobs-P5-K2-N128-dt1.00-S9",
    "algorithm": "kmeans",
    "k": 4,
    "n": 128,
    "d": 5,
    "k_true": 2,
    "rand_score": 0.5449064960629921,
    "adjusted_rand_score": 0.08615319971754325,
    "accuracy": 0.390625,
    "f1_score": 0.26167763157894736,
    "precision": 0.39642137096774194,
    "recall": 0.1953125,
    "sigui": 0.4776923323416133,
    "sse": 417.7139868059918,
    "sc": 0.15787933848894758,
    "ch": 21.995485353362092,
    "db": 1.6334718589206594,
    "bic": -1007.0142781392325,
    "xb": 94.48431218279558
}