{
    "dataset": "blobs-P2-K16-N64-dt0.70-S6",
    "algorithm": "kmeans",
    "k": 50,
    "n": 64,
    "d": 2,
    "k_true": 16,
    "rand_score": 0.9558531746031746,
    "adjusted_rand_score": 0.20094057289439932,
    "accuracy": 0.40625,
    "f1_score": 0.17466666666666664,
    "precision": 0.29666666666666663,
    "recall": 0.13,
    "sigui": 0.013640218959341548,
    "sse": 0.09468692171848994,
    "sc": 0.18703880597589573,
    "ch": 385.94955356001503,
    "db": 0.20660207156466484,
    "bic": -324.6104457031308,
    "xb": 100.53702709717382
}