{
    "dataset": "blobs-P5-K8-N1024-dt0.80-S7",
    "algorithm": "kmeans",
    "k": 8,
    "n": 1024,
    "d": 5,
    "k_true": 8,
    "rand_score": 0.8604288856304986,
    "adjusted_rand_score": 0.3602440006411813,
    "accuracy": 0.6181640625,
    "f1_score": 0.616908261822456,
    "precision": 0.617678915685381,
    "recall": 0.6181640625,
    "sigui": 0.4394772013178643,
    "sse": 2315.5443581753307,
    "sc": 0.17178660603126705,
    "ch": 175.7887743103284,
    "db": 1.5416325555070216,
    "bic": -7525.605877990105,
    "xb": 801.9594552815362
}