{
    "dataset": "blobs-P2-K8-N128-dt1.00-S9",
    "algorithm": "kmeans",
    "k": 50,
    "n": 128,
    "d": 2,
    "k_true": 8,
    "rand_score": 0.8876722440944882,
    "adjusted_rand_score": 0.14975105042787062,
    "accuracy": 0.25,
    "f1_score": 0.06306447938026885,
    "precision": 0.155,
    "recall": 0.04,
    "sigui": 0.05656385608508016,
    "sse": 2.0882561547312166,
    "sc": 0.378777891720683,
    "ch": 193.5519453910597,
    "db": 0.5186194725634485,
    "bic": -607.9075038464972,
    "xb": 99.14315140590733
}