{
    "dataset": "blobs-P5-K8-N64-dt0.80-S7",
    "algorithm": "kmeans",
    "k": 32,
    "n": 64,
    "d": 5,
    "k_true": 8,
    "rand_score": 0.8754960317460317,
    "adjusted_rand_score": 0.06459627329192547,
    "accuracy": 0.25,
    "f1_score": 0.08923160173160172,
    "precision": 0.16666666666666666,
    "recall": 0.0625,
    "sigui": 0.1833538114730065,
    "sse": 28.45865372165212,
    "sc": 0.1615332240370715,
    "ch": 10.574846891184672,
    "db": 0.6955531320874415,
    "bic": -707.9978795888923,
    "xb": 32.20625037470849
}