{
    "dataset": "blobs-P2-K4-N128-dt0.40-S3",
    "algorithm": "kmeans",
    "k": 8,
    "n": 128,
    "d": 2,
    "k_true": 4,
    "rand_score": 0.8510088582677166,
    "adjusted_rand_score": 0.5286103542234333,
    "accuracy": 0.546875,
    "f1_score": 0.3348245095139505,
    "precision": 0.483718487394958,
    "recall": 0.2734375,
    "sigui": 0.16039944926094513,
    "sse": 16.39149896249678,
    "sc": 0.4799861676627608,
    "ch": 250.59174349448165,
    "db": 0.72878849899141,
    "bic": -325.3307994802824,
    "xb": 46.21305707864605
}