{
    "dataset": "blobs-P10-K32-N64-dt0.70-S6",
    "algorithm": "kmeans",
    "k": 8,
    "n": 64,
    "d": 10,
    "k_true": 32,
    "rand_score": 0.8660714285714286,
    "adjusted_rand_score": 0.014826827290628982,
    "accuracy": 0.1875,
    "f1_score": 0.07846528471528472,
    "precision": 0.050883838383838385,
    "recall": 0.1875,
    "sigui": 0.4941096623851463,
    "sse": 427.89596764804156,
    "sc": 0.04879310807914117,
    "ch": 3.965525237693682,
    "db": 2.032161707579853,
    "bic": -1094.6488711114303,
    "xb": 89.27441563118495
}