{
    "dataset": "blobs-P2-K16-N1024-dt0.10-S0",
    "algorithm": "kmeans",
    "k": 16,
    "n": 1024,
    "d": 2,
    "k_true": 16,
    "rand_score": 1.0,
    "adjusted_rand_score": 1.0,
    "accuracy": 1.0,
    "f1_score": 1.0,
    "precision": 1.0,
    "recall": 1.0,
    "sigui": 0.014161631514607028,
    "sse": 0.871713785114015,
    "sc": 0.8908777124726929,
    "ch": 157812.14336956636,
    "db": 0.15329566888156718,
    "bic": 2036.6004297015675,
    "xb": 51.202781460757976
}