{
    "dataset": "blobs-P5-K8-N128-dt0.80-S7",
    "algorithm": "kmeans",
    "k": 25,
    "n": 128,
    "d": 5,
    "k_true": 8,
    "rand_score": 0.8719242125984252,
    "adjusted_rand_score": 0.13731721163320304,
    "accuracy": 0.28125,
    "f1_score": 0.12754300771692076,
    "precision": 0.22714285714285715,
    "recall": 0.09,
    "sigui": 0.30984125304899374,
    "sse": 129.82592231808485,
    "sc": 0.20136376939821193,
    "ch": 16.864868312049627,
    "db": 1.1307383698947953,
    "bic": -1168.0477154874675,
    "xb": 116.32996862581503
}