{
    "dataset": "blobs-P10-K8-N128-dt0.70-S6",
    "algorithm": "kmeans",
    "k": 10,
    "n": 128,
    "d": 10,
    "k_true": 8,
    "rand_score": 0.8139763779527559,
    "adjusted_rand_score": 0.07619478307723393,
    "accuracy": 0.3046875,
    "f1_score": 0.25577400490473495,
    "precision": 0.302056277056277,
    "recall": 0.24375,
    "sigui": 0.4939897784134327,
    "sse": 815.9176547574704,
    "sc": 0.051520868494460824,
    "ch": 7.457413328050211,
    "db": 2.033364367583128,
    "bic": -2081.100984581226,
    "xb": 161.67305368625574
}