{
    "dataset": "blobs-P5-K4-N64-dt0.70-S6",
    "algorithm": "kmeans",
    "k": 2,
    "n": 64,
    "d": 5,
    "k_true": 4,
    "rand_score": 0.5600198412698413,
    "adjusted_rand_score": 0.13487529608471507,
    "accuracy": 0.421875,
    "f1_score": 0.2796008869179601,
    "precision": 0.21256410256410257,
    "recall": 0.421875,
    "sigui": 0.5014803988180981,
    "sse": 250.7839050392091,
    "sc": 0.21215463302515616,
    "ch": 17.111935021899015,
    "db": 1.734670063128517,
    "bic": -482.91444019758967,
    "xb": 50.62587492962422
}