{
    "dataset": "blobs-P5-K8-N64-dt0.30-S2",
    "algorithm": "kmeans",
    "k": 32,
    "n": 64,
    "d": 5,
    "k_true": 8,
    "rand_score": 0.9141865079365079,
    "adjusted_rand_score": 0.3438685208596713,
    "accuracy": 0.421875,
    "f1_score": 0.1461038961038961,
    "precision": 0.25,
    "recall": 0.10546875,
    "sigui": 0.10185971445293031,
    "sse": 7.676892573953234,
    "sc": 0.20958226392915097,
    "ch": 41.9959043674952,
    "db": 0.6914046647220244,
    "bic": -500.6784520685829,
    "xb": 55.63723970557214
}