{
    "dataset": "blobs-P2-K4-N64-dt1.00-S9",
    "algorithm": "kmeans",
    "k": 8,
    "n": 64,
    "d": 2,
    "k_true": 4,
    "rand_score": 0.7564484126984127,
    "adjusted_rand_score": 0.24972713381357783,
    "accuracy": 0.484375,
    "f1_score": 0.2700534759358289,
    "precision": 0.33333333333333337,
    "recall": 0.2421875,
    "sigui": 0.2483193253891357,
    "sse": 18.30615205279574,
    "sc": 0.3651200015631309,
    "ch": 47.937479217191004,
    "db": 0.7665226860303276,
    "bic": -226.922341032883,
    "xb": 23.2378404893094
}