{
    "dataset": "blobs-P5-K16-N64-dt1.00-S9",
    "algorithm": "kmeans",
    "k": 10,
    "n": 64,
    "d": 5,
    "k_true": 16,
    "rand_score": 0.8978174603174603,
    "adjusted_rand_score": 0.23107003199431211,
    "accuracy": 0.4375,
    "f1_score": 0.35018037518037515,
    "precision": 0.3015625,
    "recall": 0.4375,
    "sigui": 0.3810778292890254,
    "sse": 106.1872056189239,
    "sc": 0.16706671434777964,
    "ch": 12.081274375844693,
    "db": 1.3720002503445285,
    "bic": -549.2054588536453,
    "xb": 57.81076627107822
}