{
    "dataset": "blobs-P5-K2-N128-dt0.40-S3",
    "algorithm": "kmeans",
    "k": 4,
    "n": 128,
    "d": 5,
    "k_true": 2,
    "rand_score": 0.577386811023622,
    "adjusted_rand_score": 0.15151367804802146,
    "accuracy": 0.40625,
    "f1_score": 0.2729866140004389,
    "precision": 0.4178498985801217,
    "recall": 0.203125,
    "sigui": 0.4809643721285687,
    "sse": 393.0213614856493,
    "sc": 0.1487997374032084,
    "ch": 25.974288912281537,
    "db": 1.7089504855147002,
    "bic": -984.8848062879525,
    "xb": 117.31134947983969
}