{
    "dataset": "blobs-P2-K8-N1024-dt0.90-S8",
    "algorithm": "kmeans",
    "k": 4,
    "n": 1024,
    "d": 2,
    "k_true": 8,
    "rand_score": 0.7747949505131965,
    "adjusted_rand_score": 0.3192934330787518,
    "accuracy": 0.4794921875,
    "f1_score": 0.33801442529575904,
    "precision": 0.2708718703434392,
    "recall": 0.4794921875,
    "sigui": 0.29548118903171194,
    "sse": 490.2675853755876,
    "sc": 0.4035622558773023,
    "ch": 1080.2920992175523,
    "db": 0.8496558613989282,
    "bic": -2849.636402970892,
    "xb": 281.3992236536571
}