{
    "dataset": "blobs-P5-K8-N64-dt0.40-S3",
    "algorithm": "kmeans",
    "k": 32,
    "n": 64,
    "d": 5,
    "k_true": 8,
    "rand_score": 0.9072420634920635,
    "adjusted_rand_score": 0.3031055900621118,
    "accuracy": 0.4375,
    "f1_score": 0.14601544289044288,
    "precision": 0.22552083333333334,
    "recall": 0.109375,
    "sigui": 0.15431171467662844,
    "sse": 18.76439647244686,
    "sc": 0.22030183189234467,
    "ch": 16.571429916080426,
    "db": 0.6084620961420619,
    "bic": -640.9502972221574,
    "xb": 26.653659849478267
}