{
    "dataset": "blobs-P2-K16-N128-dt0.40-S3",
    "algorithm": "kmeans",
    "k": 10,
    "n": 128,
    "d": 2,
    "k_true": 16,
    "rand_score": 0.9507874015748031,
    "adjusted_rand_score": 0.6592982079622277,
    "accuracy": 0.625,
    "f1_score": 0.4958333333333333,
    "precision": 0.42708333333333326,
    "recall": 0.625,
    "sigui": 0.10519196833927291,
    "sse": 5.898918705910142,
    "sc": 0.6510678532566122,
    "ch": 555.882057260851,
    "db": 0.4462750134726351,
    "bic": -243.5371070063705,
    "xb": 24.271088334671617
}