{
    "dataset": "blobs-P5-K32-N1024-dt0.70-S6",
    "algorithm": "kmeans",
    "k": 16,
    "n": 1024,
    "d": 5,
    "k_true": 32,
    "rand_score": 0.9496215939638318,
    "adjusted_rand_score": 0.4704412062520183,
    "accuracy": 0.4765625,
    "f1_score": 0.33764997466747626,
    "precision": 0.2759314019356657,
    "recall": 0.4765625,
    "sigui": 0.3304501390256068,
    "sse": 1178.7910809393577,
    "sc": 0.2732183562355619,
    "ch": 224.67869297909974,
    "db": 1.16611849826146,
    "bic": -6615.206309342869,
    "xb": 730.4041715721337
}