{
    "dataset": "blobs-P2-K8-N64-dt0.80-S7",
    "algorithm": "kmeans",
    "k": 16,
    "n": 64,
    "d": 2,
    "k_true": 8,
    "rand_score": 0.8918650793650794,
    "adjusted_rand_score": 0.32623626373626374,
    "accuracy": 0.484375,
    "f1_score": 0.28530354449472095,
    "precision": 0.3614583333333333,
    "recall": 0.2421875,
    "sigui": 0.10361747356484308,
    "sse": 3.2009108599990483,
    "sc": 0.3747098830459697,
    "ch": 124.76357596791111,
    "db": 0.6457631108150348,
    "bic": -216.98475002179723,
    "xb": 23.0934564690561
}