{
    "dataset": "blobs-P10-K16-N64-dt0.10-S0",
    "algorithm": "kmeans",
    "k": 25,
    "n": 64,
    "d": 10,
    "k_true": 16,
    "rand_score": 0.9861111111111112,
    "adjusted_rand_score": 0.8222490931076178,
    "accuracy": 0.828125,
    "f1_score": 0.5714285714285714,
    "precision": 0.64,
    "recall": 0.53,
    "sigui": 0.10520132295660554,
    "sse": 11.845384970398031,
    "sc": 0.43403096818831205,
    "ch": 86.17290632377006,
    "db": 0.5503748837260993,
    "bic": -435.21683841673183,
    "xb": 76.8917380636032
}