{
    "dataset": "blobs-P2-K8-N128-dt0.40-S3",
    "algorithm": "kmeans",
    "k": 20,
    "n": 128,
    "d": 2,
    "k_true": 8,
    "rand_score": 0.9239665354330708,
    "adjusted_rand_score": 0.5237326601696664,
    "accuracy": 0.5546875,
    "f1_score": 0.2792358655836916,
    "precision": 0.38611111111111107,
    "recall": 0.221875,
    "sigui": 0.07793471206540933,
    "sse": 3.140544279159423,
    "sc": 0.37646755445585967,
    "ch": 457.6615554904972,
    "db": 0.7301270427487212,
    "bic": -314.0556157849736,
    "xb": 57.04731104120033
}