{
    "dataset": "blobs-P5-K16-N64-dt0.30-S2",
    "algorithm": "kmeans",
    "k": 25,
    "n": 64,
    "d": 5,
    "k_true": 16,
    "rand_score": 0.9761904761904762,
    "adjusted_rand_score": 0.698744769874477,
    "accuracy": 0.78125,
    "f1_score": 0.5393650793650794,
    "precision": 0.612,
    "recall": 0.5,
    "sigui": 0.1700027368843247,
    "sse": 18.258796705214653,
    "sc": 0.32085727883975995,
    "ch": 26.854423282668446,
    "db": 0.6675451817713645,
    "bic": -522.3441205609116,
    "xb": 41.761657486477716
}