{
    "dataset": "blobs-P5-K16-N1024-dt0.40-S3",
    "algorithm": "kmeans",
    "k": 8,
    "n": 1024,
    "d": 5,
    "k_true": 16,
    "rand_score": 0.9209547592864125,
    "adjusted_rand_score": 0.5700407944191753,
    "accuracy": 0.5,
    "f1_score": 0.35371972539423535,
    "precision": 0.29069316506487575,
    "recall": 0.5,
    "sigui": 0.3221182490955724,
    "sse": 1148.4240688973198,
    "sc": 0.44361067752414984,
    "ch": 501.94513822192096,
    "db": 0.9454092432343877,
    "bic": -5668.6268511818525,
    "xb": 345.84545347909375
}