{
    "dataset": "blobs-P2-K8-N128-dt0.80-S7",
    "algorithm": "kmeans",
    "k": 50,
    "n": 128,
    "d": 2,
    "k_true": 8,
    "rand_score": 0.8847194881889764,
    "adjusted_rand_score": 0.12240683790939327,
    "accuracy": 0.2109375,
    "f1_score": 0.05415538847117794,
    "precision": 0.14,
    "recall": 0.03375,
    "sigui": 0.046670939108345626,
    "sse": 1.3038610283255216,
    "sc": 0.36660531318072115,
    "ch": 310.94929704317184,
    "db": 0.5017194205241916,
    "bic": -548.9477451487328,
    "xb": 101.74201827822218
}