{
    "dataset": "blobs-P10-K4-N128-dt0.40-S3",
    "algorithm": "kmeans",
    "k": 8,
    "n": 128,
    "d": 10,
    "k_true": 4,
    "rand_score": 0.7829724409448819,
    "adjusted_rand_score": 0.3063031819364108,
    "accuracy": 0.4921875,
    "f1_score": 0.3040920817989157,
    "precision": 0.411980176686059,
    "recall": 0.24609375,
    "sigui": 0.4744393399326772,
    "sse": 711.1560874435081,
    "sc": 0.0944728210775726,
    "ch": 13.712334186149391,
    "db": 2.029815287347164,
    "bic": -1912.3371637976516,
    "xb": 169.4277941934179
}