{
    "dataset": "blobs-P5-K16-N64-dt0.30-S2",
    "algorithm": "kmeans",
    "k": 10,
    "n": 64,
    "d": 5,
    "k_true": 16,
    "rand_score": 0.9384920634920635,
    "adjusted_rand_score": 0.5463414634146342,
    "accuracy": 0.625,
    "f1_score": 0.5006313131313131,
    "precision": 0.43582251082251083,
    "recall": 0.625,
    "sigui": 0.30598028003131905,
    "sse": 63.04164422715413,
    "sc": 0.3647142105932469,
    "ch": 24.456058428326845,
    "db": 0.8860863251865183,
    "bic": -464.9311779550368,
    "xb": 21.153810945471207
}