{
    "dataset": "blobs-P10-K8-N128-dt0.70-S6",
    "algorithm": "kmeans",
    "k": 4,
    "n": 128,
    "d": 10,
    "k_true": 8,
    "rand_score": 0.7053395669291339,
    "adjusted_rand_score": 0.049178329274735304,
    "accuracy": 0.2734375,
    "f1_score": 0.18357426448131936,
    "precision": 0.1391901764639766,
    "recall": 0.2734375,
    "sigui": 0.5376566364477032,
    "sse": 998.4935407837957,
    "sc": 0.0808199577010343,
    "ch": 11.653155317495678,
    "db": 2.4450641292663695,
    "bic": -1940.096207648615,
    "xb": 214.50225701582357
}