{
    "dataset": "blobs-P2-K4-N64-dt0.20-S1",
    "algorithm": "kmeans",
    "k": 2,
    "n": 64,
    "d": 2,
    "k_true": 4,
    "rand_score": 0.746031746031746,
    "adjusted_rand_score": 0.4878048780487805,
    "accuracy": 0.5,
    "f1_score": 0.3333333333333333,
    "precision": 0.25,
    "recall": 0.5,
    "sigui": 0.2839368432551883,
    "sse": 20.49527156140163,
    "sc": 0.733675311527286,
    "ch": 325.21126364315757,
    "db": 0.4102421400188424,
    "bic": -121.25660991325671,
    "xb": 3.769794356535768
}