{
    "dataset": "blobs-P2-K32-N1024-dt1.00-S9",
    "algorithm": "kmeans",
    "k": 32,
    "n": 1024,
    "d": 2,
    "k_true": 32,
    "rand_score": 0.9799628085288368,
    "adjusted_rand_score": 0.6924744205952944,
    "accuracy": 0.759765625,
    "f1_score": 0.7472602390261476,
    "precision": 0.7647883031891167,
    "recall": 0.759765625,
    "sigui": 0.07307058035919742,
    "sse": 19.079448868648395,
    "sc": 0.46581450219729437,
    "ch": 3402.9000566619907,
    "db": 0.8071379003399883,
    "bic": -1908.435843401861,
    "xb": 382.63421629149127
}