{
    "dataset": "blobs-P5-K2-N128-dt0.30-S2",
    "algorithm": "kmeans",
    "k": 25,
    "n": 128,
    "d": 5,
    "k_true": 2,
    "rand_score": 0.5330954724409449,
    "adjusted_rand_score": 0.05936574788781049,
    "accuracy": 0.1171875,
    "f1_score": 0.01677621283255086,
    "precision": 0.08,
    "recall": 0.009375,
    "sigui": 0.29653771213220237,
    "sse": 123.05623418539514,
    "sc": 0.15257273753761552,
    "ch": 18.028752000855434,
    "db": 1.1542469498068693,
    "bic": -1150.1509358422743,
    "xb": 93.0552934502557
}