{
    "dataset": "blobs-P5-K16-N1024-dt0.90-S8",
    "algorithm": "kmeans",
    "k": 25,
    "n": 1024,
    "d": 5,
    "k_true": 16,
    "rand_score": 0.931852547653959,
    "adjusted_rand_score": 0.3050292373352652,
    "accuracy": 0.455078125,
    "f1_score": 0.34451278397640595,
    "precision": 0.4343206052091814,
    "recall": 0.29125,
    "sigui": 0.3511674645507015,
    "sse": 1341.48650251162,
    "sc": 0.16384939470506515,
    "ch": 117.2435384467027,
    "db": 1.4249953804094193,
    "bic": -7620.606859858475,
    "xb": 901.2509774077807
}