{
    "dataset": "blobs-P2-K4-N1024-dt0.20-S1",
    "algorithm": "kmeans",
    "k": 20,
    "n": 1024,
    "d": 2,
    "k_true": 4,
    "rand_score": 0.8027668316226784,
    "adjusted_rand_score": 0.2850932809453731,
    "accuracy": 0.265625,
    "f1_score": 0.08383917862906998,
    "precision": 0.2,
    "recall": 0.053125,
    "sigui": 0.12227966331023235,
    "sse": 58.88684494046689,
    "sc": 0.3451196328250986,
    "ch": 1784.930519307844,
    "db": 0.8912139337064959,
    "bic": -2504.3844687822993,
    "xb": 325.7125008483441
}