{
    "dataset": "blobs-P10-K16-N128-dt0.70-S6",
    "algorithm": "kmeans",
    "k": 4,
    "n": 128,
    "d": 10,
    "k_true": 16,
    "rand_score": 0.7326525590551181,
    "adjusted_rand_score": 0.07579294246876288,
    "accuracy": 0.21875,
    "f1_score": 0.09315489099565222,
    "precision": 0.060186157796451915,
    "recall": 0.21875,
    "sigui": 0.5329625352739239,
    "sse": 988.1816569626335,
    "sc": 0.09762589721960442,
    "ch": 12.206080491939932,
    "db": 2.433396321608336,
    "bic": -1930.3330215013318,
    "xb": 233.3592835492542
}