{
    "dataset": "blobs-P10-K32-N128-dt0.10-S0",
    "algorithm": "kmeans",
    "k": 3,
    "n": 128,
    "d": 10,
    "k_true": 32,
    "rand_score": 0.6771653543307087,
    "adjusted_rand_score": 0.08729184925503944,
    "accuracy": 0.09375,
    "f1_score": 0.01679292929292929,
    "precision": 0.009263392857142857,
    "recall": 0.09375,
    "sigui": 0.5428485438649497,
    "sse": 989.6418045954595,
    "sc": 0.15413683031214026,
    "ch": 18.337328848190666,
    "db": 2.241407827390101,
    "bic": -1869.0055835491526,
    "xb": 177.37001490257256
}