{
    "dataset": "blobs-P2-K4-N128-dt0.40-S3",
    "algorithm": "kmeans",
    "k": 16,
    "n": 128,
    "d": 2,
    "k_true": 4,
    "rand_score": 0.8010580708661418,
    "adjusted_rand_score": 0.28865957955336635,
    "accuracy": 0.34375,
    "f1_score": 0.12674963924963922,
    "precision": 0.24375,
    "recall": 0.0859375,
    "sigui": 0.09766042772051747,
    "sse": 6.483457994713703,
    "sc": 0.40940732824158443,
    "ch": 287.3554279971969,
    "db": 0.7265676349300754,
    "bic": -347.37307436694834,
    "xb": 45.761582887934466
}