{
    "dataset": "blobs-P2-K8-N128-dt0.90-S8",
    "algorithm": "kmeans",
    "k": 8,
    "n": 128,
    "d": 2,
    "k_true": 8,
    "rand_score": 0.8375984251968503,
    "adjusted_rand_score": 0.27044528774849425,
    "accuracy": 0.5234375,
    "f1_score": 0.5027260405201581,
    "precision": 0.5171454451345755,
    "recall": 0.5234375,
    "sigui": 0.26168865958096943,
    "sse": 38.38265069391319,
    "sc": 0.349764257661497,
    "ch": 97.19451532181681,
    "db": 0.8220463194725147,
    "bic": -433.5975361108303,
    "xb": 43.86650741648116
}