{
    "dataset": "blobs-P5-K2-N64-dt0.20-S1",
    "algorithm": "kmeans",
    "k": 3,
    "n": 64,
    "d": 5,
    "k_true": 2,
    "rand_score": 0.8333333333333334,
    "adjusted_rand_score": 0.6651480637813212,
    "accuracy": 0.8125,
    "f1_score": 0.5968253968253968,
    "precision": 0.6666666666666666,
    "recall": 0.5416666666666666,
    "sigui": 0.44297607849353304,
    "sse": 161.13883074249497,
    "sc": 0.20366999794466986,
    "ch": 30.068889292716747,
    "db": 1.4967002764528772,
    "bic": -448.6776208290053,
    "xb": 49.283591422627296
}