{
    "dataset": "blobs-P10-K16-N1024-dt0.30-S2",
    "algorithm": "kmeans",
    "k": 3,
    "n": 1024,
    "d": 10,
    "k_true": 16,
    "rand_score": 0.6803576337976539,
    "adjusted_rand_score": 0.15319150589861066,
    "accuracy": 0.1875,
    "f1_score": 0.06250314757497108,
    "precision": 0.037931212088795914,
    "recall": 0.1875,
    "sigui": 0.5339752491766709,
    "sse": 7863.068304702308,
    "sc": 0.138485265202359,
    "ch": 154.31935517129068,
    "db": 2.0751190632661043,
    "bic": -14376.0222438184,
    "xb": 1090.299514599025
}