{
    "dataset": "blobs-P2-K4-N64-dt0.80-S7",
    "algorithm": "kmeans",
    "k": 4,
    "n": 64,
    "d": 2,
    "k_true": 4,
    "rand_score": 0.8427579365079365,
    "adjusted_rand_score": 0.5681479078819331,
    "accuracy": 0.765625,
    "f1_score": 0.7571905008337645,
    "precision": 0.7523342670401494,
    "recall": 0.765625,
    "sigui": 0.2952937919074977,
    "sse": 29.715782764185715,
    "sc": 0.3927570655712636,
    "ch": 66.14950581363729,
    "db": 0.9853569958806923,
    "bic": -201.6550143203816,
    "xb": 35.83318020740947
}