{
    "dataset": "blobs-P2-K2-N128-dt1.00-S9",
    "algorithm": "kmeans",
    "k": 2,
    "n": 128,
    "d": 2,
    "k_true": 2,
    "rand_score": 0.4965551181102362,
    "adjusted_rand_score": -0.0069209783922869455,
    "accuracy": 0.515625,
    "f1_score": 0.5151515151515151,
    "precision": 0.5156862745098039,
    "recall": 0.515625,
    "sigui": 0.44026497893290895,
    "sse": 164.22125030651802,
    "sc": 0.336288204279371,
    "ch": 70.41794189116425,
    "db": 1.1807632800388599,
    "bic": -409.46557773699254,
    "xb": 49.44779565172742
}