{
    "dataset": "blobs-P2-K8-N1024-dt0.90-S8",
    "algorithm": "kmeans",
    "k": 25,
    "n": 1024,
    "d": 2,
    "k_true": 8,
    "rand_score": 0.8763345399560117,
    "adjusted_rand_score": 0.21164526243241638,
    "accuracy": 0.25390625,
    "f1_score": 0.11715875806991592,
    "precision": 0.21674505149560452,
    "recall": 0.08125,
    "sigui": 0.135338355733802,
    "sse": 83.48544501333983,
    "sc": 0.34153559677268164,
    "ch": 979.487123033884,
    "db": 0.8405010811682027,
    "bic": -3129.7151672869777,
    "xb": 295.4965689163292
}