{
    "dataset": "blobs-P10-K8-N1024-dt0.20-S1",
    "algorithm": "kmeans",
    "k": 2,
    "n": 1024,
    "d": 10,
    "k_true": 8,
    "rand_score": 0.5933547928885631,
    "adjusted_rand_score": 0.222149312410076,
    "accuracy": 0.25,
    "f1_score": 0.10409915851485878,
    "precision": 0.06659756518911449,
    "recall": 0.25,
    "sigui": 0.5245260244761554,
    "sse": 7337.370808103429,
    "sc": 0.28714128778548914,
    "ch": 404.2983667722089,
    "db": 1.5142098719410426,
    "bic": -13577.532313695661,
    "xb": 584.1358488208043
}