{
    "dataset": "blobs-P5-K32-N1024-dt0.70-S6",
    "algorithm": "kmeans",
    "k": 2,
    "n": 1024,
    "d": 5,
    "k_true": 32,
    "rand_score": 0.4961071144916911,
    "adjusted_rand_score": 0.04650305817578821,
    "accuracy": 0.0625,
    "f1_score": 0.007776789000989968,
    "precision": 0.004162347824319655,
    "recall": 0.0625,
    "sigui": 0.5327795979770396,
    "sse": 4090.6641473774557,
    "sc": 0.21505395688936407,
    "ch": 257.16636797344245,
    "db": 1.8760755797380846,
    "bic": -7409.923935575615,
    "xb": 855.886321086528
}